1 0 0 0 0 1 0 0 0 0 1 0 0 0 0 1 1 0 0 0 0 1 0 0 0 0 1 0 0 0 0 1 1 0 0 0 0
 1 0 0 0 0 1 0 0 0 0 1 -98.59644256269408 35 0.0
1 0 0 0 0 1 0 0 0 0 1 0 0 0 0 1 1 0 0 0 0 1 0 0 0 0 1 0 0 0 0 1 1 0 0 0 0
 1 0 0 0 0 1 0 0 0 0 1 -98.59644256269408 8 0.020833333333333332
1 0 0 0 0 1 0 0 0 0 1 0 0 0 0 1 1 0 0 0 0 1 0 0 0 0 1 0 0 0 0 1 1 0 0 0 0
 1 0 0 0 0 1 0 0 0 0 1 -98.59644256269408 9 0.020833333333333332
1 0 0 0 0 1 0 0 0 0 1 0 0 0 0 1 1 0 0 0 0 1 0 0 0 0 1 0 0 0 0 1 1 0 0 0 0
 1 0 0 0 0 1 0 0 0 0 1 -98.59644256269408 11 0.020833333333333332
1 0 0 0 0 1 0 0 0 0 1 0 0 0 0 1 1 0 0 0 0 1 0 0 0 0 1 0 0 0 0 1 1 0 0 0 0
 1 0 0 0 0 1 0 0 0 0 1 -98.59644256269408 4 0.020833333333333332
1 0 0 0 0 1 0 0 0 0 1 0 0 0 0 1 1 0 0 0 0 1 0 0 0 0 1 0 0 0 0 1 1 0 0 0 0
 1 0 0 0 0 1 0 0 0 0 1 -98.59644256269408 1 0.020833333333333332
1 0 0 0 0 1 0 0 1 0 1 0 0 0 0 1 1 0 0 0 0 1 0 0 0 0 1 0 0 0 0 1 1 0 0 0 0
 1 0 0 0 0 1 0 0 0 0 1 -91.75872022286245 2 0.020833333333333332
1 0 0 0 0 1 1 0 0 0 1 0 0 0 0 1 1 0 0 0 0 1 0 0 0 0 1 0 0 0 0 1 1 0 0 0 0
 1 0 0 0 0 1 0 0 0 0 1 -91.75872022286245 4 0.020833333333333332
1 0 0 0 0 1 0 0 0 0 1 0 0 0 0 1 1 0 0 0 0 1 0 0 0 0 1 0 0 0 0 1 1 0 0 0 0
 1 0 0 0 0 1 0 0 0 0 1 -98.59644256269408 1 0.020833333333333332
1 0 0 0 0 1 0 0 0 0 1 0 0 0 0 1 1 0 0 0 0 1 0 0 0 0 1 0 0 0 0 1 1 0 0 0 0
 1 0 0 0 0 1 0 0 0 0 1 -98.59644256269408 1 0.020833333333333332
1 0 0 0 0 1 0 0 0 0 1 0 0 0 0 1 1 0 0 0 0 1 0 0 0 0 1 0 0 0 0 1 1 0 0 0 0
 1 0 0 0 0 1 0 0 0 0 1 -98.59644256269408 1 0.020833333333333332
1 0 0 0 0 1 0 0 0 0 1 0 0 0 0 1 1 0 0 0 0 1 0 0 0 0 1 0 0 0 0 1 1 0 0 0 0
 1 0 0 0 0 1 0 0 0 0 1 -98.59644256269408 1 0.020833333333333332
1 0 0 0 0 1 0 0 0 0 1 0 0 0 0 1 1 0 0 0 1 1 0 0 0 0 1 0 0 0 0 1 1 0 0 0 0
 1 0 0 0 0 1 0 0 0 0 1 -91.75872022286245 2 0.020833333333333332
1 0 0 0 0 1 0 0 0 0 1 0 0 0 0 1 1 0 0 0 0 1 0 0 0 0 1 0 0 0 0 1 1 0 0 0 0
 1 0 0 0 0 1 0 0 0 0 1 -98.59644256269408 2 0.041666666666666664
1 0 0 0 0 1 0 0 0 0 1 0 0 0 0 1 1 0 0 0 0 1 0 0 0 0 1 0 0 0 0 1 1 0 0 0 0
 1 0 0 0 0 1 0 0 0 0 1 -98.59644256269408 1 0.041666666666666664
1 0 0 0 0 1 0 0 0 0 1 0 0 0 0 1 1 0 0 0 0 1 0 0 0 0 1 0 0 0 0 1 1 0 0 0 0
 1 0 0 0 0 1 0 0 0 0 1 -98.59644256269408 1 0.041666666666666664
1 0 0 0 0 1 0 0 0 0 1 0 0 0 1 1 1 0 0 0 0 1 0 0 0 0 1 0 0 0 0 1 1 0 0 0 0
 1 0 0 0 0 1 0 0 0 0 1 -91.75872022286245 1 0.020833333333333332
1 0 0 0 0 1 0 0 0 0 1 0 0 0 0 1 1 0 0 0 0 1 0 0 0 0 1 0 0 0 0 1 1 0 0 0 0
 1 0 0 0 0 1 0 0 0 0 1 -98.59644256269408 1 0.020833333333333332
1 0 0 0 0 1 0 0 0 0 1 0 0 1 0 1 1 0 0 0 0 1 0 0 0 0 1 0 0 0 0 1 1 0 0 0 0
 1 0 0 0 0 1 0 0 0 0 1 -91.75872022286245 1 0.020833333333333332
1 0 0 0 0 1 0 0 0 0 1 0 0 0 0 1 1 0 0 0 0 1 0 0 0 0 1 0 0 0 0 1 1 0 0 0 0
 1 0 0 0 0 1 0 0 0 0 1 -98.59644256269408 1 0.020833333333333332
1 0 0 0 0 1 0 0 0 0 1 0 0 0 1 1 1 0 0 0 0 1 0 0 0 0 1 0 0 0 0 1 1 0 0 0 0
 1 0 0 0 0 1 0 0 0 0 1 -91.75872022286245 2 0.020833333333333332
1 0 0 0 1 1 0 0 0 0 1 0 0 0 0 1 1 0 0 0 0 1 0 0 0 0 1 0 0 0 0 1 1 0 0 0 0
 1 0 0 0 0 1 0 0 0 0 1 -91.75872022286245 3 0.020833333333333332
1 0 0 0 0 1 0 0 0 0 1 0 0 0 0 1 1 0 0 0 0 1 0 0 0 0 1 0 0 0 0 1 1 0 0 0 0
 1 0 0 0 0 1 0 0 0 0 1 -98.59644256269408 1 0.041666666666666664
1 0 0 0 0 1 0 0 0 0 1 0 0 0 0 1 1 0 0 0 0 1 0 0 0 0 1 0 0 0 0 1 1 0 0 0 0
 1 0 0 0 0 1 0 0 0 0 1 -98.59644256269408 1 0.020833333333333332
1 0 0 0 0 1 0 0 0 0 1 0 0 0 0 1 1 0 0 0 0 1 1 0 0 0 1 0 0 0 0 1 1 0 0 0 0
 1 0 0 0 0 1 0 0 0 0 1 -91.75872022286245 1 0.0
1 0 0 0 0 1 0 0 0 0 1 0 0 0 0 1 1 0 0 0 0 1 0 0 0 0 1 0 0 0 0 1 1 0 0 0 1
 1 0 0 0 0 1 0 0 0 0 1 -91.75872022286245 1 0.0
1 0 0 0 1 1 0 0 0 0 1 0 0 0 0 1 1 0 0 0 0 1 0 0 0 0 1 0 0 0 0 1 1 0 0 0 0
 1 0 0 0 0 1 0 0 0 0 1 -91.75872022286245 1 0.0
1 0 0 0 0 1 0 0 0 0 1 0 0 0 0 1 1 0 0 0 0 1 0 0 0 0 1 0 0 0 0 1 1 0 0 0 0
 1 0 0 1 0 1 0 0 0 0 1 -91.75872022286245 1 0.0
1 0 0 0 0 1 0 0 0 0 1 0 0 0 1 1 1 0 0 0 0 1 0 0 0 0 1 0 0 0 0 1 1 0 0 0 0
 1 0 0 0 0 1 0 0 0 0 1 -91.75872022286245 1 0.0
1 0 0 0 0 1 0 0 0 0 1 0 0 0 0 1 1 1 0 0 0 1 0 0 0 0 1 0 0 0 0 1 1 0 0 0 0
 1 0 0 0 0 1 0 0 0 0 1 -91.75872022286245 1 0.0
1 0 0 0 0 1 0 0 0 0 1 0 0 0 0 1 1 0 0 0 0 1 0 0 0 0 1 0 0 0 0 1 1 0 0 0 0
 1 0 0 0 0 1 0 0 1 0 1 -91.75872022286245 1 0.0
1 0 0 0 0 1 0 0 0 0 1 0 0 0 0 1 1 0 0 0 0 1 0 0 0 0 1 0 0 0 0 1 1 0 0 0 0
 1 0 0 0 0 1 0 0 0 1 1 -91.75872022286245 1 0.0
1 0 0 0 0 1 0 0 0 0 1 0 0 0 0 1 1 0 0 0 1 1 0 0 0 0 1 0 0 0 0 1 1 0 0 0 0
 1 0 0 0 0 1 0 0 0 0 1 -91.75872022286245 2 0.0
1 0 0 0 0 1 1 0 0 0 1 0 0 0 0 1 1 0 0 0 0 1 0 0 0 0 1 0 0 0 0 1 1 0 0 0 0
 1 0 0 0 0 1 0 0 0 0 1 -91.75872022286245 1 0.041666666666666664
1 0 0 0 0 1 0 0 1 0 1 0 0 0 0 1 1 0 0 0 0 1 0 0 0 0 1 0 0 0 0 1 1 0 0 0 0
 1 0 0 0 0 1 0 0 0 0 1 -91.75872022286245 1 0.041666666666666664
0 0 0 0 0 1 0 0 0 0 1 0 0 0 0 1 1 0 0 0 0 1 0 0 0 0 1 0 0 0 0 1 1 0 0 0 0
 1 0 0 0 0 1 0 0 0 0 1 -89.4341649025257 1 0.020833333333333332
1 0 0 0 0 1 0 0 1 0 1 0 0 0 0 1 1 0 0 0 0 1 0 0 0 0 1 0 0 0 0 1 1 0 0 0 0
 1 0 0 0 0 1 0 0 0 0 1 -91.75872022286245 1 0.041666666666666664
1 0 0 0 0 1 1 0 0 0 1 0 0 0 0 1 1 0 0 0 0 1 0 0 0 0 1 0 0 0 0 1 1 0 0 0 0
 1 0 0 0 0 1 0 0 0 0 1 -91.75872022286245 1 0.041666666666666664
1 0 0 0 0 1 0 0 0 0 1 0 0 0 0 1 1 0 0 0 0 1 0 0 0 0 1 0 0 0 0 1 1 0 0 0 0
 1 0 0 0 0 1 0 0 0 0 1 -98.59644256269408 1 0.041666666666666664
1 0 0 0 0 1 0 0 0 0 1 0 0 0 0 1 1 0 0 0 0 1 0 0 0 0 1 0 0 0 0 1 1 0 0 0 0
 1 0 0 0 0 1 0 0 0 0 1 -98.59644256269408 1 0.041666666666666664
1 0 0 0 0 1 0 0 0 0 1 0 1 0 0 1 1 0 0 0 0 1 0 0 0 0 1 0 0 0 0 1 1 0 0 0 0
 1 0 0 0 0 1 0 0 0 0 1 -91.75872022286245 1 0.041666666666666664
1 0 0 0 0 1 0 0 0 0 1 0 0 0 0 1 1 0 0 0 0 1 0 0 0 0 1 0 0 0 0 1 1 0 0 0 0
 1 0 0 0 0 1 0 0 0 0 1 -98.59644256269408 1 0.041666666666666664
1 0 0 0 0 1 0 0 0 0 1 0 0 0 0 1 1 0 0 0 0 1 0 0 0 0 1 0 0 0 0 1 1 0 0 0 0
 1 0 0 0 0 1 0 0 0 0 1 -98.59644256269408 1 0.020833333333333332
1 0 0 0 0 1 0 0 0 0 1 0 0 0 1 1 1 0 0 0 0 1 0 0 0 0 1 0 0 0 0 1 1 0 0 0 0
 1 0 0 0 0 1 0 0 0 0 1 -91.75872022286245 1 0.041666666666666664
1 0 0 0 0 1 0 0 0 0 1 0 0 0 0 1 1 0 0 0 0 1 0 0 0 0 1 0 0 0 0 1 1 0 0 0 0
 1 0 0 0 0 0 0 0 0 0 1 -89.4341649025257 1 0.041666666666666664
1 0 0 0 0 1 0 0 0 0 1 0 0 0 0 1 1 0 0 0 1 1 0 0 0 0 1 0 0 0 0 1 1 0 0 0 0
 1 0 0 0 0 1 0 0 0 0 1 -91.75872022286245 1 0.041666666666666664
1 0 0 0 0 1 0 0 0 0 1 0 0 0 1 1 1 0 0 0 0 1 0 0 0 0 1 0 0 0 0 1 1 0 0 0 0
 1 0 0 0 0 1 0 0 0 0 1 -91.75872022286245 1 0.041666666666666664
1 0 0 0 0 1 0 0 0 0 1 0 0 0 0 1 1 0 0 0 0 1 0 0 0 0 1 0 0 0 0 1 1 0 0 0 0
 1 0 0 0 0 1 0 0 0 0 0 -89.4341649025257 1 0.041666666666666664
1 0 0 0 0 1 0 0 0 0 1 0 0 0 0 1 1 0 0 0 0 1 0 0 0 0 1 0 0 0 0 1 1 0 0 0 0
 1 0 0 0 0 1 0 0 0 0 1 -98.59644256269408 1 0.0625
1 0 0 0 0 1 0 0 0 0 1 0 0 0 0 1 1 0 0 0 0 1 0 0 0 0 1 0 1 0 0 1 1 0 0 0 0
 1 0 0 0 0 1 0 0 0 0 1 -91.75872022286245 1 0.041666666666666664
0 1 0 0 0 1 0 0 0 0 1 0 0 0 0 1 1 0 0 0 0 1 0 0 0 0 1 0 0 0 0 1 1 0 0 0 0
 1 0 0 0 0 1 0 0 0 0 1 -87.59644256269408 1 0.020833333333333332
1 0 0 0 0 1 0 0 0 0 1 0 0 0 0 1 1 0 0 0 0 1 0 0 0 0 1 0 0 0 0 1 1 0 0 0 0
 1 0 0 1 0 1 0 0 0 0 1 -91.75872022286245 1 0.020833333333333332
1 0 0 0 0 1 0 0 0 0 1 0 0 0 0 1 1 0 0 0 0 1 0 0 0 0 1 0 0 0 0 1 1 0 0 1 0
 1 0 0 0 0 1 0 0 0 0 1 -91.75872022286245 1 0.020833333333333332
1 0 0 0 0 1 0 1 0 0 1 0 0 0 0 1 1 0 0 0 0 1 0 0 0 0 1 0 0 0 0 1 1 0 0 0 0
 1 0 0 0 0 1 0 0 0 0 1 -91.75872022286245 1 0.020833333333333332
1 1 0 0 0 1 0 0 0 0 1 0 0 0 0 1 1 0 0 0 0 1 0 0 0 0 1 0 0 0 0 1 1 0 0 0 0
 1 0 0 0 0 1 0 0 0 0 1 -91.75872022286245 1 0.020833333333333332
1 0 0 0 0 1 0 0 0 0 1 0 0 0 0 1 1 0 0 0 0 1 0 0 0 0 1 0 0 0 0 1 1 0 0 0 0
 1 0 0 0 0 1 0 0 0 0 1 -98.59644256269408 1 0.041666666666666664
1 0 0 0 0 1 0 0 0 0 1 0 0 0 0 1 1 0 0 0 0 1 0 0 0 0 1 0 0 0 0 1 1 0 0 0 0
 1 0 0 0 0 1 0 0 0 0 1 -98.59644256269408 1 0.0625
1 0 0 0 0 1 0 0 0 0 1 0 0 0 0 1 1 0 0 0 0 1 0 0 0 0 1 0 0 0 0 1 1 0 0 0 0
 1 0 0 0 0 1 0 0 1 0 1 -91.75872022286245 1 0.020833333333333332
1 0 0 0 0 1 0 0 0 0 1 0 0 0 0 1 1 0 0 0 0 1 0 0 0 0 1 0 0 0 0 1 1 0 0 0 0
 1 0 0 0 0 1 0 1 0 0 1 -91.75872022286245 1 0.020833333333333332
1 0 0 0 0 1 1 0 0 0 1 0 0 0 0 1 1 0 0 0 0 1 0 0 0 0 1 0 0 0 0 1 1 0 0 0 0
 1 0 0 0 0 1 0 0 0 0 1 -91.75872022286245 1 0.020833333333333332
1 0 0 0 0 1 0 0 0 0 1 0 0 0 0 1 1 0 1 0 0 1 0 0 0 0 1 0 0 0 0 1 1 0 0 0 0
 1 0 0 0 0 1 0 0 0 0 1 -91.75872022286245 1 0.020833333333333332
1 0 0 0 0 1 0 1 0 0 1 0 0 0 0 1 1 0 0 0 0 1 0 0 0 0 1 0 0 0 0 1 1 0 0 0 0
 1 0 0 0 0 1 0 0 0 0 1 -91.75872022286245 1 0.020833333333333332
1 0 0 0 0 1 0 0 0 0 1 0 0 0 0 1 1 0 0 0 0 1 0 0 0 0 1 0 0 0 0 1 1 0 0 0 0
 1 0 0 0 0 1 0 0 0 0 1 -98.59644256269408 1 0.041666666666666664
1 0 0 0 0 1 0 0 0 0 1 0 0 0 1 1 1 0 0 0 0 1 0 0 0 0 1 0 0 0 0 1 1 0 0 0 0
 1 0 0 0 0 1 0 0 0 0 1 -91.75872022286245 1 0.041666666666666664
1 0 0 0 0 1 0 0 0 0 1 0 0 0 0 1 1 0 0 0 0 1 0 0 0 0 1 1 0 0 0 0 1 0 0 0 0
 1 0 0 0 0 1 0 0 0 0 1 -87.59644256269408 1 0.020833333333333332
1 0 0 0 0 1 1 0 0 0 1 0 0 0 0 1 1 0 0 0 0 1 0 0 0 0 1 0 0 0 0 1 1 0 0 0 0
 1 0 0 0 0 1 0 0 0 0 1 -91.75872022286245 1 0.041666666666666664
1 0 0 0 0 1 0 0 0 0 1 0 0 0 0 1 1 0 0 0 0 1 0 0 0 0 1 0 0 0 0 1 1 0 0 0 0
 1 0 0 0 1 0 0 0 0 0 1 -87.59644256269408 1 0.020833333333333332
1 0 0 0 0 1 0 0 0 0 1 0 0 0 0 1 1 0 1 0 0 1 0 0 0 0 0 0 0 0 0 1 1 0 0 0 0
 1 0 0 0 0 1 0 0 0 0 1 -87.59644256269408 1 0.0
1 0 0 0 0 1 0 0 0 0 1 0 0 0 0 1 1 0 0 0 0 1 0 0 0 0 1 0 0 0 0 1 1 0 0 0 0
 1 0 0 0 1 0 0 0 0 0 1 -87.59644256269408 1 0.0
0 0 0 1 0 1 0 0 0 0 1 0 0 0 0 1 1 0 0 0 0 1 0 0 0 0 1 0 0 0 0 1 1 0 0 0 0
 1 0 0 0 0 1 0 0 0 0 1 -87.59644256269408 1 0.0625
1 0 0 0 0 1 1 0 0 0 1 0 0 0 0 1 1 0 0 0 1 1 0 0 0 0 1 0 0 0 0 1 1 0 0 0 0
 1 0 0 0 0 1 0 0 0 0 1 -84.92099788303084 1 0.020833333333333332
1 0 0 0 0 1 0 0 0 0 1 0 0 0 0 1 1 0 0 0 0 1 0 0 0 0 1 0 0 0 0 1 1 0 0 0 0
 1 0 0 0 0 1 0 0 0 0 1 -98.59644256269408 1 0.0625
0 0 1 0 0 1 0 0 1 0 0 0 0 0 0 1 0 0 1 0 0 1 0 0 1 0 0 0 0 0 0 1 0 0 1 0 0
 1 0 0 1 0 0 0 0 0 0 1 -86.59644256269407 2 0.020833333333333332
1 0 0 0 0 1 1 0 0 0 1 0 0 0 0 1 1 0 0 0 0 1 0 0 0 0 1 0 0 0 0 0 1 0 0 0 0
 1 0 0 0 0 1 0 0 0 0 1 -82.59644256269408 1 0.041666666666666664
1 0 0 0 0 1 0 0 0 0 1 0 0 0 1 0 1 0 0 0 0 1 0 0 0 0 1 0 0 0 0 1 1 0 0 0 0
 1 0 0 0 0 1 0 0 0 0 1 -87.59644256269408 1 0.020833333333333332
1 0 0 0 0 1 0 0 0 0 1 0 0 0 0 1 1 0 0 0 0 1 0 0 0 0 1 0 0 1 0 1 1 0 0 0 0
 1 0 0 0 0 1 0 0 0 0 1 -91.75872022286245 1 0.020833333333333332
0 0 0 0 0 1 0 0 0 0 1 0 0 0 0 1 1 0 0 0 0 1 0 0 0 0 1 0 0 0 0 1 1 0 0 0 0
 1 0 0 0 0 1 0 0 0 0 1 -89.4341649025257 1 0.020833333333333332
0 0 0 1 0 1 0 0 0 0 1 0 0 0 0 1 1 0 0 0 0 1 0 0 0 0 1 0 0 0 0 1 1 0 0 0 0
 1 0 0 0 0 1 0 0 0 0 1 -87.59644256269408 1 0.041666666666666664
0 1 0 0 0 1 0 0 0 0 1 0 0 0 0 1 1 0 0 0 0 1 0 0 0 0 1 0 0 0 0 1 1 0 0 0 0
 1 0 0 0 0 1 0 0 0 0 1 -87.59644256269407 2 0.041666666666666664
0 0 0 1 0 1 0 0 1 0 1 0 0 0 0 1 1 0 0 0 0 1 0 0 0 0 1 0 0 0 0 1 1 0 0 0 0
 1 0 0 0 0 1 0 0 0 0 1 -85.75872022286245 1 0.041666666666666664
1 0 0 0 0 1 0 0 0 0 1 0 0 0 0 1 1 0 0 0 0 1 0 0 0 0 1 0 0 0 0 1 1 0 0 0 0
 1 0 0 0 0 0 0 0 0 0 1 -89.4341649025257 1 0.041666666666666664
0 1 0 0 0 1 0 0 0 0 1 0 0 0 0 1 1 0 0 0 0 1 0 0 0 0 1 0 0 0 0 1 1 0 0 0 0
 1 0 0 0 0 1 0 0 0 0 1 -87.59644256269408 1 0.041666666666666664
1 0 0 0 0 0 1 0 0 1 0 0 0 0 0 1 1 0 0 0 0 0 1 0 0 1 0 0 0 0 0 1 1 0 0 0 0
 0 1 0 0 1 0 0 0 0 0 1 -86.59644256269407 1 0.020833333333333332
1 0 0 0 0 1 0 0 0 0 1 0 0 0 0 1 1 0 0 0 0 1 0 0 0 0 1 0 0 0 0 1 1 0 0 0 0
 1 0 0 0 0 1 0 0 0 0 1 -98.59644256269408 1 0.041666666666666664
1 0 0 0 0 1 0 0 0 0 1 0 0 0 0 1 1 0 0 1 0 1 0 0 0 0 1 0 0 0 0 1 1 0 0 0 0
 1 0 0 0 0 1 0 0 0 0 1 -91.75872022286245 1 0.020833333333333332
0 0 1 0 0 1 0 0 1 0 0 0 0 0 0 1 0 0 1 0 0 1 0 0 1 0 0 0 0 0 0 1 0 0 1 0 0
 1 0 0 1 0 0 0 0 0 0 1 -86.59644256269407 1 0.0
1 0 0 0 0 0 1 0 0 1 0 0 0 0 0 1 1 0 0 0 0 0 1 0 0 1 0 0 0 0 0 1 1 0 0 0 0
 0 1 0 0 1 0 0 0 0 0 1 -86.59644256269407 1 0.0
1 0 0 0 0 0 0 1 0 0 1 0 0 1 0 0 1 0 0 0 0 0 0 1 0 0 1 0 0 1 0 0 1 0 0 0 0
 0 0 1 0 0 1 0 0 1 0 0 -86.59644256269407 1 0.0
1 0 0 0 0 1 0 1 0 0 1 0 0 0 0 1 1 0 0 0 0 1 0 0 0 0 1 0 0 0 0 1 1 0 0 0 0
 1 0 0 0 0 1 0 0 0 0 1 -91.75872022286245 1 0.020833333333333332
1 0 0 0 0 1 0 0 0 0 1 0 0 0 0 1 1 0 0 0 0 1 0 0 0 0 1 0 0 0 0 1 1 0 1 0 0
 1 0 0 1 0 0 0 0 0 0 1 -85.75872022286245 1 0.020833333333333332
1 0 0 0 0 1 0 0 0 0 1 0 0 0 0 1 1 0 0 0 0 1 1 0 0 0 1 0 0 0 0 1 1 0 0 0 0
 1 0 0 0 0 1 0 0 0 0 1 -91.75872022286245 1 0.041666666666666664
1 0 0 0 0 1 0 0 0 0 1 0 0 0 1 1 1 0 0 0 0 1 0 0 0 0 1 0 0 0 0 1 1 0 0 0 0
 1 0 0 0 0 1 0 0 0 0 1 -91.75872022286245 1 0.0625
1 1 0 0 0 1 0 0 0 0 1 0 0 0 0 1 1 0 0 0 0 1 0 0 0 0 1 0 0 0 0 1 1 0 0 0 0
 1 0 0 0 0 1 0 0 0 0 1 -91.75872022286245 1 0.041666666666666664
1 0 0 0 0 1 0 0 0 0 1 0 0 0 0 1 1 0 0 0 0 1 0 0 0 0 1 0 0 0 0 0 1 0 0 0 0
 1 0 0 0 0 1 0 0 0 0 1 -89.4341649025257 1 0.0625
0 0 0 0 0 1 0 0 0 0 1 0 0 0 0 1 1 0 0 0 0 1 0 0 0 0 1 0 0 0 0 1 1 0 0 0 0
 1 0 0 0 0 1 0 0 0 0 1 -89.4341649025257 1 0.0625
0 1 0 0 0 0 1 0 0 0 1 0 0 0 0 1 1 0 0 0 0 1 0 0 0 0 1 0 0 0 0 1 1 0 0 0 0
 1 0 0 0 0 1 0 0 0 0 1 -81.59644256269408 1 0.041666666666666664
1 0 0 0 0 1 0 0 0 0 1 0 0 0 0 1 1 0 0 0 0 1 0 0 0 0 1 0 0 0 0 1 1 1 0 0 1
 0 0 0 0 0 1 0 0 0 0 1 -85.75872022286245 1 0.0
1 0 0 0 0 1 0 0 0 0 1 0 0 0 0 1 1 0 0 0 0 1 0 0 0 0 1 0 0 0 0 1 1 0 0 0 0
 1 0 0 1 0 0 0 0 0 1 1 -85.75872022286245 1 0.0
1 0 0 0 0 1 0 0 0 0 1 0 0 0 0 1 1 0 0 0 1 0 0 0 0 1 1 0 0 0 0 1 1 0 0 0 0
 1 0 0 0 0 1 0 0 0 0 1 -85.75872022286245 1 0.020833333333333332
0 1 0 0 0 1 0 0 1 0 1 0 0 0 0 1 1 0 0 0 0 1 0 0 0 0 1 0 0 0 0 1 1 0 0 0 0
 1 0 0 0 0 1 0 0 0 0 1 -85.75872022286245 1 0.041666666666666664
1 0 0 0 0 1 0 0 0 0 1 0 0 0 0 1 0 0 1 0 0 1 0 0 1 0 0 0 0 0 0 1 1 0 0 0 0
 1 0 0 0 0 1 0 0 0 0 1 -86.59644256269408 1 0.020833333333333332
1 0 0 0 0 1 1 0 0 0 1 0 0 0 0 1 1 0 0 0 0 1 0 0 0 0 1 0 0 0 0 1 1 0 0 0 0
 1 0 0 0 0 1 0 0 0 0 0 -82.59644256269408 1 0.0625
1 0 0 0 0 1 1 0 0 0 1 0 0 0 0 1 1 0 0 0 0 1 0 0 0 0 1 0 0 0 0 1 1 0 0 0 0
 1 0 0 0 0 1 0 0 0 0 1 -91.75872022286245 1 0.08333333333333333
1 0 0 0 0 1 0 0 0 0 1 0 0 0 0 1 1 0 0 0 0 1 0 0 0 0 1 0 1 0 0 1 1 0 0 0 0
 1 0 0 0 0 1 0 0 0 0 1 -91.75872022286245 1 0.041666666666666664
1 0 0 0 0 1 0 0 0 0 1 0 0 0 0 1 1 0 0 0 0 1 1 0 0 0 0 0 0 0 0 1 1 0 0 0 0
 1 0 0 0 0 1 0 0 0 0 1 -87.59644256269408 1 0.020833333333333332
1 0 0 0 0 1 0 0 0 0 1 0 0 0 0 1 1 0 0 0 0 1 1 0 0 1 1 0 0 0 0 1 1 0 0 0 0
 1 0 0 0 0 1 0 0 0 0 1 -84.92099788303082 1 0.0
1 0 0 0 0 1 0 0 0 0 1 0 0 0 0 1 1 0 0 0 0 1 1 0 0 0 1 0 0 0 0 1 1 0 0 0 0
 1 0 0 0 0 1 0 0 1 0 1 -84.92099788303082 1 0.0
1 0 0 0 0 1 0 0 0 0 1 0 0 0 0 1 1 0 0 0 1 1 0 0 0 0 1 0 0 0 0 1 1 0 0 0 0
 1 0 0 0 0 1 0 0 1 0 1 -84.92099788303084 1 0.0
1 0 0 0 0 1 0 0 0 0 1 0 1 0 0 1 1 0 1 0 0 1 0 0 0 0 1 0 0 0 0 1 1 0 0 0 0
 1 0 0 0 0 1 0 0 0 0 1 -84.92099788303084 1 0.0
1 0 0 0 1 0 0 0 0 0 1 0 0 1 0 1 1 0 0 0 0 1 0 0 0 0 1 0 0 0 0 1 1 0 0 0 0
 1 0 0 0 0 1 0 0 0 0 1 -85.75872022286245 1 0.041666666666666664
1 0 0 0 0 1 0 0 0 0 1 0 0 0 0 1 1 0 0 0 0 1 0 0 0 0 1 0 0 0 0 1 1 0 0 0 0
 1 0 0 0 0 1 0 0 0 0 1 -98.59644256269408 1 0.0625
1 0 0 0 0 1 0 0 0 0 1 0 0 0 0 1 1 0 0 0 1 0 0 0 0 0 1 0 0 1 0 1 1 0 0 0 0
 1 0 0 0 0 1 0 0 0 0 1 -85.75872022286245 1 0.020833333333333332
1 0 0 0 0 1 0 0 0 0 1 0 0 0 1 1 1 0 0 0 0 1 0 0 0 0 1 0 0 0 0 1 1 0 0 0 0
 1 0 0 0 0 1 0 0 0 0 1 -91.75872022286245 1 0.0625
1 0 0 0 0 1 0 0 0 0 1 0 0 0 0 1 1 0 1 0 0 1 0 0 1 0 0 0 0 0 0 1 1 0 0 0 0
 1 0 0 0 0 1 0 0 0 0 1 -85.75872022286245 1 0.020833333333333332
1 0 0 0 0 1 0 0 0 0 1 0 0 0 0 1 1 0 0 0 0 1 0 0 0 0 1 1 0 0 0 0 1 0 0 0 0
 1 0 0 0 0 1 0 0 0 0 1 -87.59644256269408 1 0.041666666666666664
0 0 0 1 0 1 0 0 1 0 1 0 0 0 0 1 1 0 0 0 0 1 0 0 0 0 1 0 0 0 0 1 1 0 0 0 0
 1 0 0 0 0 1 0 0 0 0 1 -85.75872022286245 1 0.020833333333333332
1 0 0 0 0 1 0 0 0 0 1 0 0 0 0 1 1 0 0 0 0 1 0 0 0 0 1 0 0 0 0 1 1 0 0 0 0
 1 1 0 0 0 0 0 0 0 0 1 -87.59644256269408 1 0.020833333333333332
0 0 0 1 0 1 0 0 0 0 1 0 1 0 0 0 1 0 0 0 0 1 0 0 0 0 1 0 0 0 0 1 1 0 0 0 0
 1 0 0 0 0 1 0 0 0 0 1 -86.59644256269408 1 0.020833333333333332
1 0 0 0 0 1 1 0 0 0 1 0 0 0 0 1 1 1 0 0 0 1 0 0 0 0 1 0 0 0 0 1 1 0 0 0 0
 1 0 0 0 0 1 0 0 0 0 1 -84.92099788303084 1 0.041666666666666664
1 0 0 0 0 1 1 0 0 0 1 0 0 0 0 1 1 0 0 0 0 1 0 0 1 0 1 0 0 0 0 1 1 0 0 0 0
 1 0 0 0 0 1 0 0 0 0 1 -84.92099788303084 1 0.041666666666666664
1 1 0 0 0 1 0 0 0 0 1 0 0 0 0 1 0 1 0 0 0 1 0 0 0 0 1 0 0 0 0 1 1 0 0 0 0
 1 0 0 0 0 1 0 0 0 0 1 -82.75872022286245 1 0.020833333333333332
1 0 0 0 0 1 0 0 0 0 1 0 0 0 0 1 1 0 0 0 0 1 0 0 1 0 0 0 0 0 1 1 1 0 0 0 0
 1 0 0 0 0 1 0 0 0 0 1 -85.75872022286245 1 0.041666666666666664
0 0 1 0 0 1 0 0 1 0 0 0 0 0 0 1 0 0 1 0 0 1 0 0 1 0 0 0 0 0 0 1 0 0 1 0 0
 1 0 0 1 0 0 0 0 0 0 1 -86.59644256269407 2 0.041666666666666664
0 1 0 0 1 0 0 0 0 0 1 0 0 0 0 1 0 1 0 0 1 0 0 0 0 0 1 0 0 0 0 1 0 1 0 0 1
 0 0 0 0 0 1 0 0 0 0 1 -86.59644256269407 1 0.020833333333333332
0 1 0 0 0 1 0 0 0 0 1 0 0 0 0 1 0 1 0 0 0 1 0 0 0 0 1 0 0 0 0 1 1 0 0 0 0
 1 0 0 0 0 1 0 0 0 0 1 -80.59644256269408 1 0.041666666666666664
0 0 0 0 0 1 0 0 0 0 1 0 0 0 0 1 1 0 0 0 0 1 0 0 0 0 1 0 0 0 0 1 1 0 0 0 0
 1 0 0 0 0 1 0 0 0 0 1 -89.4341649025257 1 0.041666666666666664
0 0 1 0 0 1 0 0 1 0 0 0 0 0 0 1 0 0 1 0 0 1 0 0 1 0 0 0 0 0 0 1 0 0 1 0 0
 1 0 0 1 0 0 0 0 0 0 1 -86.59644256269407 1 0.041666666666666664
1 0 0 0 0 1 0 0 0 0 1 0 0 0 0 1 1 0 0 0 0 1 0 0 0 0 1 0 0 0 0 1 1 0 0 0 0
 1 0 0 0 0 1 0 0 0 0 1 -98.59644256269408 1 0.0625
1 0 0 0 0 1 0 0 0 0 1 0 0 0 1 1 1 0 0 0 0 1 0 0 0 0 1 0 0 0 0 1 1 0 0 0 0
 1 0 0 0 0 1 0 0 0 0 1 -91.75872022286245 1 0.0625
0 0 1 0 0 1 0 0 1 0 0 0 0 0 0 1 0 0 1 0 0 1 0 0 1 0 0 0 0 0 0 1 0 0 1 0 0
 1 0 0 1 0 0 0 0 0 0 1 -86.59644256269407 2 0.020833333333333332
1 0 0 0 0 0 0 1 0 0 1 0 0 1 0 0 1 0 0 0 0 0 0 1 0 0 1 0 0 1 0 0 1 0 0 0 0
 0 0 1 0 0 1 0 0 1 0 0 -86.59644256269407 1 0.020833333333333332
0 1 0 0 0 0 0 1 0 0 1 0 0 0 0 1 1 0 0 0 0 1 0 0 0 0 1 0 0 0 0 1 1 0 0 0 0
 1 0 0 0 0 1 0 0 0 0 1 -81.59644256269408 1 0.020833333333333332
1 0 0 0 0 1 0 0 0 0 1 0 0 0 0 1 1 0 0 0 0 1 0 0 0 0 1 1 0 0 0 1 1 0 0 0 0
 1 0 0 0 0 1 0 0 0 0 1 -91.75872022286245 1 0.041666666666666664
1 0 0 0 0 1 1 0 0 0 1 0 0 0 0 1 1 0 0 0 0 1 0 0 0 0 1 0 0 0 0 1 1 0 0 0 0
 1 0 0 1 0 1 0 0 0 0 1 -84.92099788303082 1 0.041666666666666664
1 0 0 0 0 1 1 0 0 0 1 0 0 0 0 1 1 0 0 0 0 1 0 0 0 0 1 0 0 0 0 1 1 0 0 0 0
 1 0 0 0 0 1 0 0 0 0 1 -91.75872022286245 1 0.08333333333333333
0 0 0 0 1 1 0 0 0 0 1 0 0 0 0 1 1 0 0 0 0 1 0 0 0 0 1 0 0 0 0 1 1 0 0 0 0
 1 0 0 0 0 1 0 0 0 0 1 -87.59644256269408 1 0.020833333333333332
1 1 0 0 0 1 0 0 0 0 1 0 0 0 0 1 1 0 0 0 0 1 0 0 0 0 1 0 0 0 0 1 1 0 0 0 0
 1 0 0 0 0 1 0 0 0 0 1 -91.75872022286245 1 0.041666666666666664
1 0 0 0 0 1 0 0 0 0 1 0 0 0 0 1 1 0 1 0 0 1 0 0 1 0 0 0 0 0 0 1 1 0 0 0 0
 1 0 0 0 0 1 0 0 0 0 1 -85.75872022286245 1 0.020833333333333332
0 0 1 0 0 1 0 0 1 0 0 0 0 0 0 1 0 0 1 0 0 1 0 0 1 0 0 0 0 0 0 1 0 0 1 0 0
 1 0 0 1 0 0 0 0 0 0 1 -86.59644256269407 1 0.041666666666666664
0 0 1 0 0 1 0 0 0 0 1 0 0 0 0 1 0 0 1 0 0 1 0 0 1 0 0 0 0 0 0 1 0 0 1 0 0
 1 0 0 1 0 0 0 0 0 0 1 -79.59644256269408 2 0.0625
0 1 0 0 1 0 1 0 0 0 1 0 0 0 0 1 0 1 0 0 1 0 0 0 0 0 1 0 0 0 0 1 0 1 0 0 1
 0 0 0 0 0 1 0 0 0 0 1 -79.75872022286245 1 0.020833333333333332
0 0 0 1 0 1 0 0 1 0 1 0 1 0 0 0 1 0 0 0 0 1 0 0 0 0 1 0 0 0 0 1 1 0 0 0 0
 1 0 0 0 0 1 0 0 0 0 1 -79.75872022286245 1 0.020833333333333332
0 0 0 1 0 1 0 0 0 0 1 0 0 0 0 1 1 0 0 0 0 1 0 0 0 0 1 0 0 0 0 1 1 0 0 0 0
 1 0 0 0 0 1 0 0 0 0 1 -87.59644256269408 1 0.08333333333333333
1 0 0 0 0 1 1 0 0 0 1 0 0 0 0 1 1 0 0 0 0 1 0 0 0 0 1 0 0 0 0 1 1 0 0 0 0
 1 0 0 0 0 1 0 0 0 0 1 -91.75872022286245 1 0.08333333333333333
0 0 0 0 0 1 0 0 0 0 1 0 0 0 0 1 1 0 0 0 0 1 0 0 0 0 1 0 0 0 0 1 0 0 1 0 0
 1 0 0 1 0 0 0 0 0 0 1 -79.4341649025257 1 0.0625
0 1 0 0 0 0 1 0 0 0 1 0 0 0 0 1 0 1 0 0 1 0 0 0 0 0 1 0 0 0 0 1 0 1 0 0 1
 0 0 0 0 0 1 0 0 0 0 1 -77.59644256269407 2 0.041666666666666664
1 0 0 0 0 1 0 0 0 0 1 0 0 0 0 1 1 0 0 0 0 1 0 0 0 0 1 0 0 0 0 1 1 0 1 0 0
 1 0 0 0 0 0 0 0 0 0 1 -87.59644256269408 1 0.0625
1 0 0 0 0 1 0 0 0 0 1 0 0 0 0 1 1 0 0 0 0 1 0 0 0 0 1 0 0 0 0 1 1 0 0 0 0
 1 0 0 0 0 1 1 0 1 0 0 -85.75872022286245 1 0.020833333333333332
1 0 0 0 0 1 0 0 0 0 1 0 0 0 0 1 1 0 0 0 0 1 0 0 0 0 1 0 0 0 0 1 1 0 0 0 0
 1 0 1 0 0 1 0 0 1 0 1 -84.92099788303084 1 0.020833333333333332
1 0 0 0 1 1 0 0 0 1 1 0 0 0 0 1 1 0 0 0 0 1 0 0 0 0 1 0 0 0 0 1 1 0 0 0 0
 1 0 0 0 0 1 0 0 0 0 1 -84.92099788303084 1 0.020833333333333332
1 0 0 0 0 1 0 0 0 0 1 0 0 0 0 1 1 0 0 0 0 1 0 0 0 0 1 0 0 0 0 1 1 0 0 0 0
 1 0 0 0 0 1 0 1 0 0 1 -91.75872022286245 1 0.0625
0 1 0 0 1 0 0 0 0 0 1 0 0 0 0 1 0 1 0 0 1 0 0 0 0 0 1 0 0 0 0 1 0 1 0 0 1
 0 0 0 0 0 1 0 0 0 0 1 -86.59644256269407 1 0.041666666666666664
1 0 0 0 0 1 0 0 0 0 1 1 0 0 0 1 1 0 1 0 0 1 0 0 0 0 0 0 0 0 0 1 1 0 0 0 0
 1 0 0 0 0 1 0 0 0 0 1 -80.75872022286245 1 0.020833333333333332
1 1 0 0 0 0 1 0 0 0 1 0 0 0 0 1 1 0 0 0 0 1 0 0 0 0 1 0 0 0 0 1 1 0 0 0 0
 1 0 0 0 0 1 0 1 0 0 1 -78.92099788303084 1 0.020833333333333332
0 0 0 0 0 1 0 0 1 0 1 0 1 0 0 1 1 0 0 0 0 1 0 0 0 0 1 0 0 0 0 1 1 0 0 0 0
 1 0 0 0 0 1 0 0 0 0 1 -80.75872022286245 1 0.020833333333333332
0 0 1 0 0 1 0 0 1 0 1 0 0 0 0 1 0 0 1 0 0 1 0 0 1 0 0 0 0 0 0 1 0 0 1 0 0
 1 0 0 1 0 0 0 0 0 0 1 -81.75872022286245 1 0.0625
1 0 0 0 0 1 0 0 0 0 1 0 0 0 0 1 1 0 0 0 0 1 1 0 0 0 1 0 0 0 0 1 1 0 0 0 0
 1 0 0 0 0 1 0 0 0 0 1 -91.75872022286245 1 0.0625
1 1 0 0 1 0 0 0 0 0 1 0 0 0 0 1 1 1 0 0 0 1 0 0 0 0 1 0 0 0 0 1 1 0 0 0 0
 1 0 0 0 0 1 0 0 0 0 1 -80.92099788303084 1 0.0
0 1 0 0 1 1 0 0 0 0 1 0 0 0 0 1 1 0 0 0 0 1 0 0 0 0 1 0 0 0 0 1 1 0 0 0 1
 1 0 0 0 0 1 0 0 0 0 1 -80.92099788303084 1 0.0
1 0 0 0 0 1 0 0 0 0 1 0 0 0 0 1 1 0 0 0 0 1 0 0 0 0 1 1 0 0 1 0 1 0 0 0 0
 1 0 0 0 0 1 0 0 0 0 1 -85.75872022286245 1 0.041666666666666664
1 0 0 0 0 1 0 0 0 0 1 0 0 0 0 1 1 0 0 0 0 1 0 0 0 0 1 0 0 0 0 0 1 0 0 0 0
 1 1 0 0 0 0 0 0 0 0 1 -78.43416490252568 1 0.041666666666666664
0 0 1 0 0 1 0 0 0 0 1 0 0 0 0 1 0 0 1 0 0 1 0 0 1 0 0 0 0 0 0 1 0 0 1 0 0
 1 0 0 1 0 0 0 0 0 0 1 -79.59644256269408 1 0.0625
1 0 0 0 0 1 0 0 0 0 1 0 0 0 0 1 1 0 0 0 0 1 1 0 0 0 1 0 0 0 0 1 1 0 0 0 0
 1 0 0 1 0 1 0 0 0 0 1 -84.92099788303084 1 0.020833333333333332
1 0 0 1 0 1 1 0 1 0 1 0 0 0 0 1 1 0 0 0 0 1 0 0 0 0 1 0 0 0 0 1 1 0 0 0 0
 1 0 0 0 0 1 0 0 0 0 1 -78.08327554319922 1 0.0625
0 0 1 0 0 1 0 0 1 0 0 0 0 0 1 1 0 0 1 0 0 1 0 0 1 0 0 0 0 0 0 1 0 0 1 0 0
 1 0 0 1 0 0 0 0 0 0 1 -79.75872022286245 1 0.020833333333333332
0 0 1 0 0 1 0 0 1 0 0 0 0 0 0 1 0 0 1 0 0 1 0 0 1 0 0 0 0 0 0 1 0 0 1 0 0
 1 0 0 1 0 0 0 0 0 0 1 -86.59644256269407 1 0.041666666666666664
0 1 0 0 0 1 0 0 0 0 1 0 0 0 0 1 1 0 0 0 0 1 0 0 0 0 1 0 0 0 0 1 0 0 0 0 0
 1 0 0 0 0 1 0 1 0 0 1 -78.59644256269408 1 0.041666666666666664
0 1 0 0 0 0 1 0 0 0 1 0 0 0 0 1 1 0 0 0 0 1 0 0 0 0 1 0 0 0 0 1 1 0 0 0 0
 1 0 0 0 0 1 0 0 0 0 1 -81.59644256269408 1 0.08333333333333333
0 0 1 0 0 1 0 0 0 0 1 0 0 0 0 1 0 0 1 0 0 1 0 0 1 0 0 0 0 0 0 1 0 0 1 0 0
 1 0 0 1 0 0 0 0 0 0 1 -79.59644256269408 1 0.041666666666666664
0 0 0 0 0 1 0 0 0 0 1 0 0 0 0 1 1 0 0 0 0 1 0 0 0 0 1 0 0 0 0 1 1 0 0 0 0
 1 0 0 0 0 1 0 0 0 0 1 -89.4341649025257 1 0.08333333333333333
0 0 0 1 0 1 0 0 0 0 1 0 0 0 0 1 1 0 0 0 0 1 0 0 1 0 1 0 0 0 0 1 1 0 0 0 0
 1 0 0 0 0 1 0 0 0 0 1 -80.75872022286245 1 0.0625
1 0 0 0 0 1 0 0 0 0 1 0 0 0 0 0 0 0 1 0 0 1 0 0 0 0 1 0 0 0 0 1 1 0 0 0 0
 1 0 0 0 0 1 0 0 0 0 1 -78.4341649025257 1 0.020833333333333332
0 1 0 0 1 0 0 0 0 0 1 0 0 0 0 1 0 1 0 0 1 0 0 0 0 0 1 0 0 0 0 1 0 1 0 0 1
 0 0 0 1 0 1 0 0 0 0 1 -79.75872022286245 1 0.0
1 0 0 0 0 0 0 1 0 0 1 0 0 1 0 0 1 0 0 0 0 1 0 0 0 0 1 0 0 1 0 1 1 0 0 0 0
 0 0 1 0 0 1 0 0 1 0 0 -79.75872022286245 1 0.0
0 1 0 0 1 0 0 0 1 0 1 0 0 0 0 1 0 1 0 0 1 0 0 0 0 0 1 0 0 0 0 1 0 1 0 0 1
 0 0 0 0 0 1 0 0 0 0 1 -79.75872022286245 1 0.041666666666666664
0 0 1 0 0 1 0 0 1 0 0 0 0 0 0 1 0 0 1 0 0 1 1 0 1 0 0 0 0 0 0 1 0 0 1 0 0
 1 0 0 1 0 0 0 0 0 0 1 -79.75872022286245 1 0.041666666666666664
1 0 0 0 0 1 0 0 0 0 1 0 0 0 0 1 1 0 0 0 0 1 0 0 0 0 1 0 0 0 0 1 1 0 0 0 0
 1 0 0 1 0 0 0 0 0 0 1 -87.59644256269408 1 0.041666666666666664
1 0 0 0 1 1 0 0 0 0 1 0 0 0 0 1 1 0 0 0 0 1 0 0 0 0 1 0 0 0 0 1 1 0 0 0 1
 1 0 0 0 0 1 0 0 0 0 1 -86.92099788303084 1 0.0625
1 0 0 0 0 1 0 0 0 0 1 0 0 0 0 1 1 0 0 0 1 1 0 0 0 0 1 0 0 0 0 1 1 0 0 0 0
 1 0 0 0 0 1 0 0 1 0 1 -84.92099788303084 1 0.041666666666666664
0 0 0 0 0 1 0 0 1 0 1 0 0 0 1 1 1 0 0 0 0 1 0 0 1 0 1 0 0 0 0 1 1 0 0 0 0
 1 0 0 0 0 1 0 0 0 0 1 -75.92099788303084 1 0.041666666666666664
0 0 0 0 0 1 1 0 1 0 0 0 0 0 0 1 0 0 1 0 0 1 0 0 1 0 0 0 0 0 0 1 0 0 1 0 0
 1 0 0 1 0 0 0 0 0 0 1 -77.59644256269407 1 0.020833333333333332
0 0 1 0 0 1 0 0 1 0 0 0 0 0 0 1 0 0 1 0 0 1 0 0 1 0 0 0 0 0 0 1 0 0 1 0 0
 1 0 0 0 1 0 0 0 0 0 1 -77.59644256269408 1 0.020833333333333332
0 1 0 0 1 0 0 0 0 0 1 0 0 0 0 1 0 1 0 0 1 0 0 0 0 0 1 0 0 0 0 1 0 1 0 0 1
 0 0 0 0 0 1 0 0 0 0 1 -86.59644256269407 1 0.0625
0 1 0 0 0 1 0 0 0 0 1 0 1 0 0 1 1 0 0 0 0 1 0 0 0 0 1 0 0 0 0 1 1 0 0 0 0
 1 0 0 0 0 1 0 0 0 0 1 -85.75872022286245 1 0.0625
0 0 1 0 0 1 0 0 1 0 0 0 0 0 0 1 0 0 1 0 0 1 0 0 1 1 0 0 0 0 0 1 0 0 1 0 0
 1 0 0 1 0 0 0 0 0 0 1 -79.75872022286245 1 0.041666666666666664
0 0 0 1 0 1 0 0 0 0 1 0 0 0 0 1 1 0 0 0 0 1 1 0 0 0 1 0 0 0 0 1 1 0 0 0 0
 1 0 0 0 0 1 0 0 0 0 1 -80.75872022286245 1 0.0625
0 0 1 0 0 1 0 0 0 0 1 0 0 0 0 1 1 0 0 0 0 1 0 0 0 0 1 0 0 0 0 1 0 0 1 0 0
 1 0 0 1 0 0 0 0 0 0 1 -79.59644256269407 1 0.0625
0 0 1 0 0 1 0 0 1 0 0 0 0 0 0 1 0 0 1 0 0 1 0 0 1 0 0 0 0 0 0 1 0 0 1 0 0
 1 0 0 1 0 0 0 0 0 0 1 -86.59644256269407 1 0.08333333333333333
0 0 0 0 0 1 0 0 1 0 1 0 0 0 0 1 1 0 0 0 0 1 1 0 0 0 1 0 0 0 0 1 1 0 0 0 0
 1 0 0 0 0 1 0 0 0 0 1 -80.75872022286245 1 0.0625
1 0 0 0 0 1 1 0 0 0 1 0 0 0 0 1 1 1 0 0 0 1 0 0 0 0 1 0 0 0 0 1 1 0 0 0 0
 1 0 0 0 0 1 0 0 0 0 1 -84.92099788303084 1 0.0625
0 0 1 0 0 1 0 0 1 0 0 0 0 0 0 1 0 0 1 0 0 1 0 0 1 0 0 0 0 0 0 1 0 0 1 0 0
 1 0 0 1 0 0 0 0 0 0 1 -86.59644256269407 1 0.0625
0 1 0 0 0 1 0 0 1 0 1 0 0 0 0 1 0 0 1 0 0 1 0 0 1 0 0 0 0 0 0 1 0 0 1 0 0
 1 0 0 1 0 0 0 0 0 0 1 -77.75872022286245 1 0.020833333333333332
1 0 0 0 0 1 0 0 0 0 1 0 0 0 0 1 1 0 0 0 0 1 0 0 0 0 1 1 0 0 0 1 1 0 1 0 0
 1 0 0 0 0 0 0 0 0 0 1 -80.75872022286245 1 0.0625
1 0 0 0 0 1 0 0 0 0 1 0 0 0 0 1 1 0 0 0 0 0 1 0 0 1 0 0 0 0 0 1 1 0 0 0 0
 0 1 0 0 1 0 0 0 0 0 1 -82.59644256269408 1 0.020833333333333332
0 0 1 0 0 1 0 0 0 0 0 0 0 0 0 1 1 0 0 0 0 1 0 0 0 0 1 0 0 0 0 1 0 0 1 0 0
 1 0 0 1 0 0 0 0 0 0 1 -77.4341649025257 1 0.08333333333333333
1 1 0 0 0 1 0 0 0 0 1 0 0 0 0 1 1 1 0 0 0 1 0 0 0 0 1 0 0 0 0 1 1 1 0 0 0
 1 0 0 0 0 1 0 0 0 0 1 -84.0832755431992 1 0.041666666666666664
0 0 1 1 0 1 0 0 1 0 0 0 0 0 0 1 0 0 1 0 0 1 0 0 1 0 0 0 0 0 0 1 0 0 1 0 0
 1 0 0 1 0 0 0 0 0 0 1 -79.75872022286245 1 0.0625
0 1 0 0 0 1 0 0 0 0 1 0 0 0 0 1 1 0 0 0 0 1 1 0 0 0 1 0 0 0 0 1 1 0 0 0 0
 1 0 0 0 0 1 0 0 0 0 1 -80.75872022286245 1 0.0625
0 1 0 0 0 1 0 0 0 0 1 0 0 0 0 1 1 1 0 0 0 1 0 0 0 0 1 0 0 0 0 1 1 0 0 0 1
 1 0 0 0 0 1 0 0 0 0 1 -75.92099788303084 1 0.041666666666666664
0 0 1 0 0 1 0 0 0 0 1 0 0 0 0 1 0 0 1 0 0 1 0 0 0 0 1 0 0 0 0 1 1 0 1 0 0
 1 0 0 0 0 1 0 0 0 0 1 -77.75872022286245 1 0.0625
1 0 0 0 0 1 0 0 0 0 1 0 0 0 0 1 0 0 0 1 1 1 0 0 0 0 1 0 0 0 0 1 0 1 0 0 1
 0 0 0 0 0 1 0 0 0 0 1 -77.75872022286245 1 0.0
0 0 1 0 0 1 0 0 0 0 1 0 0 0 0 1 0 0 1 0 0 1 0 0 1 0 1 0 0 0 0 1 0 0 1 0 1
 1 0 0 0 0 1 0 0 0 0 1 -73.92099788303084 1 0.020833333333333332
1 1 0 0 0 0 1 0 0 0 1 0 0 0 0 1 1 0 0 0 0 1 1 0 0 0 1 0 0 0 0 1 1 0 0 0 0
 1 0 0 0 0 1 0 0 0 0 1 -80.92099788303084 1 0.0625
0 0 0 1 0 1 0 0 1 0 0 0 0 0 0 1 0 0 1 0 0 1 0 0 1 0 0 0 0 0 0 1 0 0 1 0 0
 1 0 0 1 0 0 0 0 0 0 1 -77.59644256269408 1 0.0
1 0 1 0 0 1 0 0 1 0 0 0 0 0 0 1 0 0 1 0 0 1 0 0 1 0 0 0 0 0 0 1 0 0 1 0 0
 1 0 0 1 0 0 0 0 0 0 1 -81.75872022286245 1 0.0625
0 0 0 1 0 1 0 0 0 0 1 0 1 0 0 1 1 0 0 0 0 1 0 0 0 0 1 0 0 0 0 1 0 0 0 0 0
 1 0 0 1 0 1 0 0 0 0 1 -76.75872022286245 1 0.041666666666666664
1 0 0 0 0 0 0 1 0 0 1 0 0 1 0 0 1 0 0 0 0 0 0 0 0 0 1 0 0 1 0 0 1 0 0 0 0
 0 0 1 0 0 1 0 0 1 1 0 -72.59644256269408 1 0.020833333333333332
0 0 1 0 0 1 0 0 0 0 1 0 0 0 0 1 0 1 1 0 0 1 0 0 1 0 0 0 0 0 0 1 0 0 1 0 0
 1 0 0 1 0 0 0 0 0 0 1 -72.75872022286245 1 0.041666666666666664
0 0 0 1 0 1 0 0 0 0 1 0 0 0 0 1 0 0 1 0 0 1 0 0 0 0 1 0 0 0 0 1 1 0 0 0 0
 1 0 0 0 0 1 0 0 0 0 1 -78.59644256269408 1 0.0625
0 0 1 0 0 1 0 1 1 0 0 0 0 0 0 1 0 0 1 0 0 1 0 0 1 0 0 0 0 0 0 1 0 0 1 0 0
 1 0 0 1 0 0 0 0 0 0 1 -79.75872022286245 1 0.020833333333333332
0 0 1 0 0 1 0 0 1 0 0 0 0 0 1 1 0 0 1 0 0 1 0 0 1 0 0 0 0 0 0 1 0 0 1 0 0
 1 0 0 1 0 0 0 0 0 0 1 -79.75872022286245 1 0.020833333333333332
1 0 1 0 0 1 0 0 1 0 0 0 0 0 0 1 0 0 1 0 0 1 0 0 1 0 0 0 0 0 0 1 0 0 1 0 0
 1 0 0 1 0 0 0 0 0 0 1 -81.75872022286245 1 0.0625
1 0 0 0 0 0 1 0 0 1 0 0 0 0 0 1 1 0 0 0 0 0 0 0 0 1 1 0 0 0 0 1 1 0 0 0 0
 0 1 0 0 1 0 0 0 0 0 1 -79.59644256269407 1 0.041666666666666664
0 1 0 0 0 0 1 0 0 0 1 0 0 0 0 1 0 1 0 0 1 0 0 0 1 0 1 0 0 0 0 1 0 1 0 0 1
 0 0 0 0 0 1 0 0 0 0 1 -70.75872022286245 1 0.041666666666666664
1 0 0 0 0 1 0 0 0 0 1 0 0 0 0 1 1 0 0 0 0 0 1 0 0 1 0 0 0 0 0 1 1 0 0 0 0
 1 0 0 0 0 0 0 0 0 1 1 -77.59644256269408 1 0.020833333333333332
0 0 1 0 0 1 0 0 1 0 0 0 0 0 0 1 0 0 1 0 0 1 0 0 1 0 0 0 0 0 0 1 0 0 1 0 0
 1 0 0 1 0 1 0 0 0 0 1 -81.75872022286245 1 0.041666666666666664
1 0 0 0 0 1 0 0 0 0 1 0 0 0 0 1 1 1 0 0 0 1 0 0 0 0 1 0 0 0 0 1 1 0 0 0 0
 1 0 0 0 0 1 0 0 0 1 1 -84.92099788303084 1 0.041666666666666664
1 0 0 0 0 1 0 0 1 0 1 0 0 0 0 1 1 0 0 0 0 1 1 0 0 0 1 0 0 0 0 1 1 0 0 0 0
 1 0 0 0 0 1 1 0 0 0 1 -78.08327554319922 1 0.041666666666666664
0 0 0 0 0 1 0 0 0 0 1 0 1 0 0 0 1 1 0 0 0 1 0 0 0 0 1 0 0 0 0 1 1 0 0 0 0
 1 0 0 0 0 1 0 0 0 0 1 -76.59644256269408 1 0.0
1 0 0 0 0 0 1 1 0 0 1 0 0 1 0 0 1 0 0 0 0 1 0 0 0 0 1 0 0 0 0 1 1 0 0 0 0
 1 0 0 0 0 1 0 0 1 0 1 -74.92099788303084 1 0.0625
0 1 0 0 0 1 0 0 0 0 1 0 0 0 0 1 0 1 0 0 0 1 0 0 1 0 1 0 0 0 0 1 0 1 0 0 0
 1 0 0 1 0 1 0 0 0 0 1 -75.92099788303084 1 0.041666666666666664
1 0 0 0 0 1 0 0 1 0 1 0 0 0 0 1 1 0 0 0 0 1 0 0 0 0 1 0 0 0 0 1 1 0 0 0 0
 1 0 0 1 0 1 0 0 0 0 1 -86.92099788303084 1 0.08333333333333333
1 0 0 0 0 1 1 0 0 0 1 0 0 0 0 1 1 0 0 0 0 1 0 0 0 0 1 0 0 0 0 1 1 0 0 0 0
 1 0 0 0 0 1 0 0 0 0 1 -91.75872022286245 1 0.10416666666666667
1 0 0 0 0 1 0 0 0 0 1 0 0 0 0 1 1 0 0 0 0 1 0 0 0 0 1 1 0 0 0 0 1 0 0 0 0
 1 0 0 0 0 0 1 0 0 0 1 -78.59644256269408 1 0.0625
1 0 0 0 0 0 1 1 0 0 1 0 0 0 0 1 1 0 0 0 0 1 0 0 0 0 1 0 0 0 0 1 1 0 0 0 0
 1 0 0 0 0 1 0 0 0 0 1 -80.75872022286245 1 0.020833333333333332
1 0 0 0 0 1 0 0 0 1 1 0 0 0 1 1 1 0 0 0 0 1 0 0 0 0 1 0 0 0 0 1 1 0 0 0 0
 1 0 0 0 0 0 0 0 0 1 1 -75.92099788303084 1 0.041666666666666664
0 0 1 0 0 1 0 0 1 0 1 0 0 0 0 1 0 0 1 0 0 1 0 0 1 0 0 0 0 0 0 1 0 0 1 0 0
 1 0 0 0 0 0 0 1 0 0 1 -72.75872022286245 1 0.041666666666666664
0 0 0 1 0 1 0 0 1 0 1 0 0 0 0 1 0 0 0 0 0 1 0 0 1 0 1 0 0 0 0 1 0 0 1 0 0
 1 0 0 1 0 0 0 0 0 0 1 -74.75872022286245 1 0.041666666666666664
1 0 0 0 0 1 0 0 0 0 1 0 0 0 0 1 1 0 1 0 0 1 0 0 0 0 0 1 0 0 0 1 0 0 1 0 0
 1 0 0 1 0 0 0 0 0 0 1 -77.75872022286245 1 0.041666666666666664
0 0 1 0 0 1 0 0 1 0 1 0 0 0 0 1 1 0 0 0 0 1 0 0 0 0 1 0 0 0 0 1 1 0 0 0 0
 1 0 0 0 0 1 0 0 0 0 1 -85.75872022286245 1 0.041666666666666664
1 0 0 0 0 1 0 0 0 1 0 0 0 0 1 1 1 0 0 0 0 1 0 0 0 1 0 0 0 0 1 1 1 0 0 0 0
 1 0 0 0 1 0 0 0 0 1 1 -78.0832755431992 1 0.041666666666666664
0 1 1 0 0 1 0 0 1 0 0 0 0 0 0 1 0 0 1 0 0 1 0 0 1 0 0 0 0 0 0 1 0 0 1 0 0
 1 0 0 1 0 0 0 0 0 0 1 -79.75872022286245 1 0.0625
1 0 0 0 0 1 1 0 1 0 1 0 0 0 0 1 0 0 1 0 0 1 0 0 1 0 0 0 0 0 0 1 0 0 1 0 0
 1 0 0 1 0 0 0 0 0 0 1 -72.92099788303084 1 0.041666666666666664
1 0 0 0 0 1 0 0 0 0 1 0 0 0 0 1 1 0 0 0 0 1 1 0 0 0 1 0 0 0 0 1 1 0 0 0 0
 1 0 0 0 0 1 0 0 1 0 1 -84.92099788303084 1 0.0625
0 0 0 1 0 0 1 0 1 1 0 0 0 0 0 1 1 0 0 0 0 0 1 0 0 1 0 0 0 0 0 1 1 0 0 0 0
 0 1 0 0 1 0 0 0 0 0 1 -73.75872022286245 1 0.041666666666666664
1 0 0 0 0 1 0 0 0 0 1 0 0 0 0 1 1 0 0 0 0 0 1 0 0 0 0 1 0 1 0 1 1 0 0 0 0
 1 0 0 0 0 1 0 0 0 0 1 -79.75872022286245 1 0.020833333333333332
1 0 1 0 0 1 0 0 1 0 0 0 0 0 0 1 1 0 0 0 0 1 1 0 1 0 0 0 0 0 0 1 0 0 1 0 0
 1 0 0 1 0 0 0 0 0 0 1 -74.92099788303084 1 0.0
0 0 1 0 0 1 0 0 1 0 1 0 0 0 0 1 0 0 1 0 0 1 0 0 1 0 1 0 0 0 0 1 0 0 1 0 0
 1 0 0 1 0 0 0 0 0 0 1 -78.92099788303082 1 0.041666666666666664
0 0 1 0 0 1 0 0 0 0 1 0 0 0 0 1 0 0 1 0 0 1 0 0 1 0 0 0 0 0 0 1 0 0 1 0 0
 1 0 0 0 1 0 0 0 0 0 1 -72.59644256269407 1 0.0625
1 0 1 0 0 1 0 0 1 0 0 0 0 0 0 1 1 0 1 0 0 1 0 0 1 0 0 0 0 0 0 1 1 0 1 0 0
 1 0 0 0 0 0 0 0 0 0 1 -75.92099788303082 1 0.0625
1 0 0 0 0 1 0 0 0 0 1 0 0 0 0 1 1 0 1 0 0 1 0 0 0 0 1 1 0 0 0 1 1 0 1 0 0
 1 0 0 0 1 0 0 0 0 0 1 -74.08327554319922 1 0.041666666666666664
1 1 0 0 0 0 1 1 0 0 1 0 0 0 0 1 1 0 0 0 0 1 0 0 0 0 1 0 0 0 0 1 1 0 0 0 0
 1 0 0 0 0 1 0 0 0 0 1 -78.92099788303084 1 0.0625
0 0 1 0 0 1 0 0 1 0 0 0 0 0 0 1 0 1 1 0 0 1 0 0 0 0 1 0 0 0 0 1 0 0 1 0 0
 1 0 0 1 0 0 0 0 0 0 1 -72.75872022286245 1 0.041666666666666664
0 1 0 0 0 1 0 0 0 0 1 0 0 0 0 1 1 0 0 0 0 1 0 0 0 0 1 0 0 0 0 1 0 1 0 0 1
 1 0 0 0 0 1 0 0 0 0 1 -78.75872022286245 1 0.0625
0 1 0 0 0 1 0 0 0 0 1 0 0 0 0 1 0 0 1 0 0 1 0 0 1 0 0 0 0 0 0 1 0 0 1 0 0
 1 0 0 1 0 0 0 0 0 0 1 -75.59644256269408 1 0.0625
0 0 0 1 0 1 0 0 0 0 1 0 0 0 0 1 1 0 0 1 0 1 0 0 0 0 1 0 0 0 0 0 1 0 0 0 0
 1 0 0 0 0 1 0 0 0 0 1 -78.59644256269408 1 0.10416666666666667
0 1 0 0 0 0 1 0 1 0 0 0 0 1 0 1 0 0 1 0 0 1 0 0 1 0 0 0 0 0 0 1 0 0 1 0 0
 1 0 0 1 0 0 0 0 0 0 1 -69.75872022286245 1 0.020833333333333332
1 0 0 0 0 1 0 0 1 0 1 0 0 0 1 1 1 0 0 0 0 1 0 0 0 0 1 0 0 0 0 1 0 0 1 0 0
 1 0 0 1 0 1 0 0 0 0 1 -74.0832755431992 1 0.041666666666666664
0 0 1 0 0 1 0 0 1 0 0 0 1 0 0 1 0 0 1 0 0 1 0 0 1 0 0 0 0 0 0 1 0 0 1 0 0
 1 0 0 1 0 0 0 0 0 0 1 -79.75872022286245 1 0.0625
0 0 1 0 0 1 0 0 1 0 1 0 0 0 0 1 1 0 0 0 0 1 0 0 0 0 1 0 0 0 0 1 0 0 1 0 0
 1 0 0 0 0 1 0 0 1 0 1 -71.92099788303084 1 0.041666666666666664
0 1 0 0 1 1 0 0 1 0 1 0 0 0 0 1 1 0 0 0 0 1 0 0 0 0 1 0 0 0 0 1 0 0 0 0 1
 1 0 0 0 0 1 0 0 0 0 1 -71.92099788303084 1 0.041666666666666664
1 0 0 0 0 1 1 0 1 0 1 0 0 0 0 1 1 0 0 0 0 1 0 0 0 0 1 0 0 0 0 1 1 0 1 0 0
 1 0 0 0 0 0 0 0 0 0 1 -73.92099788303084 1 0.08333333333333333
1 0 0 0 0 1 0 0 0 0 1 0 0 0 0 1 1 0 1 0 0 1 0 0 0 1 1 0 0 0 0 1 1 0 1 0 0
 1 0 0 0 0 1 0 0 0 0 1 -80.08327554319922 1 0.020833333333333332
1 0 0 0 0 1 1 0 0 0 1 0 0 0 0 1 0 0 1 0 0 1 0 0 1 0 0 0 0 0 0 1 1 0 1 0 0
 1 0 0 0 0 0 0 0 0 0 1 -72.75872022286245 1 0.08333333333333333
1 0 0 0 0 1 1 0 0 0 1 0 0 0 0 1 0 0 1 0 0 1 0 0 1 0 0 0 0 0 0 1 1 0 1 0 0
 1 0 0 0 0 0 0 0 0 0 1 -72.75872022286245 1 0.041666666666666664
0 1 0 0 0 1 0 0 0 0 1 0 0 0 0 1 0 1 0 0 0 1 0 0 1 0 1 0 0 0 0 1 0 0 0 0 0
 1 0 0 1 0 1 0 0 0 0 1 -73.75872022286245 1 0.0625
0 0 0 1 0 1 0 0 1 0 0 0 0 0 1 0 0 0 1 0 0 1 0 0 1 0 0 0 0 0 0 1 0 0 1 0 0
 1 0 0 1 0 0 0 0 0 0 1 -76.59644256269407 1 0.020833333333333332
0 0 0 1 0 1 0 0 0 0 1 0 0 0 0 1 1 0 0 0 0 1 0 0 0 0 1 0 0 1 0 0 1 0 0 0 0
 1 0 0 0 0 1 0 0 0 0 1 -76.59644256269408 1 0.0625
0 1 0 0 0 1 0 0 0 0 1 0 0 0 0 1 1 0 0 0 0 1 0 0 0 0 1 0 0 0 0 1 0 1 1 0 0
 0 0 0 0 0 1 0 0 0 0 1 -69.59644256269408 1 0.0625
0 0 1 0 0 1 0 0 0 0 1 0 0 0 0 1 0 1 1 0 0 1 0 0 1 0 0 0 0 0 0 1 0 0 1 0 0
 1 0 0 1 0 1 0 0 0 0 1 -69.92099788303084 1 0.020833333333333332
0 0 1 0 0 1 0 0 1 0 0 0 0 0 0 1 0 1 0 0 0 0 1 0 1 0 0 0 0 0 0 1 0 0 1 0 0
 1 0 0 1 0 0 0 0 0 0 1 -76.59644256269407 1 0.020833333333333332
0 0 1 0 0 1 0 0 0 0 0 0 0 0 0 1 0 0 1 0 0 1 0 0 1 0 0 0 0 0 0 1 0 0 1 0 1
 1 0 0 0 0 1 0 0 0 0 1 -72.59644256269407 1 0.0625
0 0 0 1 0 1 0 0 0 0 1 0 1 0 0 1 1 0 0 0 0 1 0 0 0 0 1 0 0 0 0 1 1 0 0 0 0
 1 0 0 0 0 0 0 0 0 0 1 -76.59644256269408 1 0.10416666666666667
0 1 0 0 0 1 0 0 1 0 1 0 0 0 0 1 0 1 0 0 0 1 0 0 0 0 1 0 0 0 0 1 0 1 0 0 1
 1 0 0 0 0 1 0 0 0 0 1 -73.92099788303084 1 0.0625
1 0 0 0 0 1 0 1 0 1 1 0 0 0 0 1 1 0 0 0 0 1 0 0 0 1 1 0 0 0 0 1 1 0 0 0 0
 1 0 0 0 1 0 0 0 0 0 1 -73.08327554319919 1 0.020833333333333332
0 0 0 1 0 1 0 0 1 0 1 0 0 0 0 1 0 1 0 0 0 1 0 0 0 0 1 0 1 0 0 1 1 0 0 0 0
 1 0 0 0 0 1 0 0 0 0 1 -74.92099788303082 1 0.08333333333333333
1 0 0 0 0 1 1 0 0 0 1 0 0 0 0 1 1 0 0 0 0 0 1 0 0 0 1 0 0 1 0 0 1 0 0 0 0
 1 0 0 0 0 1 0 0 0 0 1 -76.75872022286245 1 0.0625
0 0 1 0 0 1 0 0 1 0 0 0 0 0 0 1 0 0 1 0 0 1 0 0 1 0 0 1 0 0 0 0 0 0 1 0 0
 1 0 0 1 0 0 0 0 0 0 1 -75.59644256269407 1 0.041666666666666664
1 0 1 0 0 1 0 0 0 0 0 0 0 0 0 1 0 0 1 0 1 0 0 0 0 1 0 0 0 0 0 1 1 0 0 0 0
 1 0 0 0 0 1 0 0 0 0 1 -73.59644256269407 1 0.041666666666666664
1 0 0 0 0 0 0 1 0 0 1 0 0 1 0 0 1 0 0 0 0 1 0 0 0 0 1 0 0 0 1 0 1 0 0 0 0
 1 0 1 0 0 1 0 0 1 0 0 -72.75872022286245 1 0.0
1 0 0 0 0 0 1 0 0 0 1 0 0 1 0 1 1 0 0 0 0 0 1 0 0 0 1 0 0 1 0 0 1 0 0 0 0
 0 0 0 0 0 1 0 0 1 0 1 -71.75872022286245 1 0.0625
0 0 0 0 0 1 0 1 0 0 1 0 0 0 1 1 1 0 0 0 0 1 0 0 1 0 1 0 0 0 0 1 1 0 0 0 0
 1 0 0 0 0 1 0 0 0 0 1 -68.92099788303084 1 0.041666666666666664
0 1 0 0 0 0 1 0 0 0 1 0 0 0 0 1 0 1 0 0 0 1 0 0 1 0 1 0 0 0 0 1 0 1 0 0 0
 0 1 0 1 0 0 0 0 0 0 1 -68.75872022286245 1 0.0625
0 0 1 0 0 1 0 1 1 0 1 0 0 0 0 1 0 0 1 0 0 1 0 0 1 0 0 0 0 0 0 1 0 0 1 0 0
 1 0 0 1 0 0 0 0 0 0 1 -74.92099788303084 1 0.0625
0 0 0 1 0 1 0 0 0 0 1 0 0 0 1 1 1 0 0 0 0 1 0 0 0 0 1 0 0 0 0 1 0 0 0 1 0
 1 0 0 0 0 1 0 1 0 0 1 -71.92099788303084 1 0.041666666666666664
1 1 0 0 0 0 1 0 0 0 1 0 0 0 0 1 1 0 0 0 0 1 0 0 0 0 1 0 0 0 0 1 1 0 0 0 0
 0 1 0 0 0 1 0 0 1 0 1 -76.92099788303084 1 0.0625
0 0 1 0 0 1 0 0 1 0 1 0 0 0 0 1 0 0 0 1 0 1 0 0 1 0 0 0 0 0 0 1 0 0 1 0 0
 1 0 0 1 0 0 0 0 0 0 1 -72.75872022286245 1 0.041666666666666664
0 0 0 1 0 1 0 0 0 0 1 0 0 0 0 1 0 0 0 1 0 1 1 0 1 0 0 0 0 0 0 1 0 0 1 0 0
 1 0 0 1 0 0 0 0 0 0 1 -68.75872022286245 1 0.08333333333333333
0 1 0 0 0 0 1 0 0 0 1 0 0 0 0 1 0 1 0 0 0 1 0 0 0 0 1 0 0 0 0 1 0 1 0 0 0
 0 0 0 0 0 1 0 1 0 0 1 -67.59644256269407 1 0.0625
0 1 0 0 1 0 0 0 0 0 1 0 0 0 0 1 0 1 1 0 0 0 0 0 0 0 1 0 0 0 0 1 0 1 0 0 1
 0 0 0 0 0 1 0 0 0 0 1 -72.59644256269407 1 0.041666666666666664
0 1 0 0 0 1 0 0 1 0 1 0 0 0 0 1 0 0 1 0 0 1 0 0 1 0 0 0 0 0 0 1 1 0 1 0 0
 1 0 0 0 1 0 0 0 0 0 1 -68.92099788303084 1 0.0625
0 0 1 0 0 0 0 1 1 0 1 0 0 0 0 1 0 0 1 0 0 1 0 0 1 0 0 0 0 0 0 1 0 0 1 0 0
 1 0 0 1 0 0 0 0 0 0 1 -70.75872022286245 1 0.020833333333333332
1 0 0 0 0 1 0 0 0 0 1 0 0 0 0 1 1 0 1 0 0 1 0 0 0 0 0 1 0 0 0 1 1 0 1 0 0
 1 0 0 0 0 0 1 0 0 0 1 -78.92099788303084 1 0.0625
0 1 0 0 0 1 0 0 0 0 1 0 0 0 0 1 0 1 1 0 0 1 0 0 1 0 0 0 0 0 0 1 1 1 0 0 0
 1 0 0 0 0 1 0 0 0 0 1 -69.92099788303084 1 0.041666666666666664
1 0 1 0 0 1 0 0 0 0 0 0 0 0 0 1 0 1 1 0 0 1 0 0 1 0 0 0 0 0 0 1 0 0 1 0 0
 1 0 0 1 0 0 0 0 0 0 1 -72.75872022286245 1 0.020833333333333332
0 0 1 0 0 1 0 0 0 0 1 0 0 0 0 1 0 0 1 0 0 1 0 0 0 0 0 1 1 0 0 0 0 0 1 0 0
 1 0 0 0 0 0 1 1 0 0 0 -71.59644256269408 1 0.08333333333333333
1 0 0 0 0 1 0 1 0 0 1 0 0 0 1 0 1 0 0 0 0 0 0 1 0 0 1 0 0 1 0 0 1 0 0 0 0
 1 0 0 0 0 1 1 0 0 1 0 -70.92099788303084 1 0.0
0 1 0 0 1 1 0 0 0 0 1 0 0 0 0 1 1 1 0 0 0 1 0 0 0 0 1 0 0 0 0 1 0 0 1 0 0
 1 0 0 1 0 0 0 0 0 0 1 -70.92099788303084 1 0.020833333333333332
1 0 0 1 0 1 0 0 1 0 0 0 0 0 1 0 1 0 0 1 0 1 0 0 1 0 0 0 0 0 1 0 0 0 0 1 0
 1 0 0 1 0 0 0 0 0 1 0 -72.92099788303082 1 0.020833333333333332
0 1 0 0 0 0 1 0 0 0 1 0 0 0 0 1 0 1 0 0 1 0 0 0 0 0 1 0 0 0 0 1 1 1 0 0 0
 0 0 0 0 0 1 0 0 0 0 1 -72.59644256269407 1 0.08333333333333333
1 0 0 0 0 1 0 0 1 0 0 0 0 0 1 1 1 0 0 0 0 1 1 0 1 0 0 0 0 0 0 1 1 0 1 0 0
 1 0 0 0 0 0 0 0 0 0 1 -69.92099788303082 1 0.0625
1 0 0 0 0 1 1 0 1 0 0 0 0 0 0 1 0 1 0 0 0 1 1 0 1 0 0 0 0 0 0 1 0 0 1 0 0
 1 0 0 1 0 0 0 0 0 0 1 -70.92099788303082 1 0.041666666666666664
0 0 0 0 0 1 0 0 0 0 1 0 1 0 0 1 0 0 1 0 0 1 0 0 1 0 1 0 0 0 0 1 0 0 1 0 0
 1 0 0 1 0 1 0 0 0 0 1 -71.92099788303084 1 0.0625
0 0 0 1 0 1 0 0 0 0 1 0 0 0 0 1 1 0 0 1 0 1 0 0 0 0 1 0 0 0 0 1 0 0 1 0 0
 1 0 0 1 0 0 0 0 0 0 1 -72.75872022286245 1 0.125
1 0 0 0 0 1 1 0 0 0 1 0 0 0 0 1 1 0 0 0 0 1 1 0 0 0 0 1 0 0 0 1 1 0 0 0 0
 1 1 0 0 0 0 0 0 0 0 1 -75.92099788303084 1 0.0625
1 0 0 0 0 0 1 0 0 0 1 0 0 1 0 1 1 0 0 0 0 0 1 0 0 0 1 0 0 1 0 1 1 0 0 0 1
 0 0 0 0 0 1 0 0 1 0 1 -74.0832755431992 1 0.0625
1 0 0 0 0 1 0 0 1 0 1 0 0 0 0 1 0 1 0 0 0 1 0 0 1 0 0 0 0 0 0 1 1 0 0 0 0
 1 0 0 0 0 0 0 0 0 0 1 -69.59644256269408 1 0.0625
0 0 0 1 1 1 0 0 0 0 1 0 0 0 0 1 1 0 0 0 0 1 1 0 0 1 0 0 0 0 0 1 1 0 0 0 0
 1 0 0 0 0 1 0 0 0 0 1 -72.92099788303084 1 0.041666666666666664
0 0 0 1 0 1 0 0 0 0 1 0 0 1 0 0 1 0 0 0 0 1 0 0 1 0 1 0 0 1 0 1 1 0 0 0 0
 1 0 0 0 0 1 0 0 0 0 1 -69.92099788303084 1 0.0625
0 1 0 0 0 1 0 0 0 0 1 0 0 0 0 1 1 0 0 0 0 1 0 0 1 0 1 0 0 0 0 1 0 0 0 1 0
 1 0 0 1 0 1 0 0 0 0 1 -71.92099788303084 1 0.08333333333333333
1 0 0 0 0 1 0 0 0 0 0 0 0 0 1 0 1 0 0 0 0 1 0 0 0 0 0 1 0 0 1 0 1 0 0 0 0
 1 0 1 0 0 1 0 0 0 1 0 -72.59644256269407 1 0.08333333333333333
1 1 0 0 1 0 0 0 0 0 1 0 0 0 0 1 1 1 0 0 1 0 0 0 0 0 1 0 0 0 0 1 0 1 0 0 1
 0 0 0 0 0 1 0 0 0 0 1 -78.92099788303082 1 0.041666666666666664
0 0 0 0 1 0 0 0 0 0 1 0 0 0 0 1 1 0 0 0 1 0 0 0 0 0 1 0 0 0 0 1 0 1 0 0 1
 0 0 0 0 0 1 0 0 0 0 1 -74.4341649025257 1 0.020833333333333332
1 0 1 0 0 1 0 0 0 0 0 0 0 0 0 1 1 0 0 0 0 1 0 0 0 0 1 0 0 0 0 1 1 0 0 0 0
 1 1 0 0 1 0 0 0 0 0 1 -76.75872022286245 1 0.041666666666666664
1 0 0 0 0 0 1 0 1 0 0 0 0 1 0 1 0 0 1 0 0 1 0 0 1 0 0 0 0 0 0 1 0 0 1 0 0
 1 0 0 1 0 0 0 0 0 0 1 -71.75872022286245 1 0.041666666666666664
1 0 0 0 0 1 1 0 0 0 1 0 0 0 0 1 0 1 0 0 0 1 1 0 1 0 0 0 0 0 0 1 0 0 1 0 0
 1 0 0 1 0 0 0 0 0 0 1 -68.92099788303084 1 0.041666666666666664
0 1 1 0 1 0 0 0 0 0 1 0 0 0 0 1 0 1 0 0 1 0 0 0 0 0 1 0 0 0 0 1 0 0 0 1 1
 0 0 0 0 1 1 0 0 0 0 1 -68.92099788303084 1 0.0
0 1 0 0 0 0 1 0 1 0 1 0 0 0 0 1 0 1 0 0 0 1 0 0 1 0 1 0 0 0 0 1 0 1 0 0 0
 0 1 0 1 0 0 0 0 0 0 1 -70.92099788303084 1 0.0625
1 0 0 0 0 1 0 0 1 0 1 0 0 0 1 1 1 0 0 0 0 1 0 0 0 0 0 1 0 0 1 0 1 0 0 0 0
 1 0 0 0 0 0 1 0 0 1 1 -70.08327554319922 1 0.041666666666666664
0 1 0 0 1 0 0 0 0 0 1 0 0 0 0 1 1 0 0 0 1 1 0 0 0 0 1 0 0 0 0 1 0 1 0 0 1
 0 0 0 0 0 1 0 0 0 0 1 -79.75872022286245 1 0.10416666666666667
1 0 0 0 1 0 0 0 0 0 1 0 0 1 0 0 1 0 0 0 1 0 0 0 0 0 1 1 0 1 0 0 0 0 0 1 1
 0 0 0 0 0 1 0 0 1 0 0 -68.75872022286245 1 0.0
0 0 1 0 0 1 0 0 1 0 0 0 0 0 0 1 1 0 0 0 0 1 1 0 1 0 0 0 0 0 0 1 1 0 1 0 0
 1 0 0 0 0 0 0 0 1 0 1 -65.92099788303084 1 0.041666666666666664
1 0 0 1 0 1 1 0 1 0 1 0 0 0 0 1 1 0 0 1 0 1 0 0 0 0 1 0 0 1 0 1 1 0 0 0 0
 1 0 0 0 0 1 0 0 0 0 1 -66.40783086353596 1 0.0625
0 0 1 0 0 1 0 0 0 0 0 0 0 0 0 1 0 1 1 0 0 1 0 0 1 0 0 0 0 0 0 1 0 0 1 0 0
 1 0 0 1 0 0 0 0 1 0 1 -65.75872022286245 1 0.08333333333333333
0 0 0 1 0 1 0 0 1 0 1 0 0 0 0 1 0 0 1 0 0 1 0 0 1 0 0 0 0 0 0 1 0 0 1 0 0
 1 0 0 1 0 0 0 1 0 0 1 -70.92099788303084 1 0.0625
0 1 0 0 0 0 1 0 0 0 1 0 0 0 0 1 0 1 0 0 0 0 1 0 0 0 1 0 0 0 0 1 0 1 0 0 1
 0 0 0 0 0 1 0 0 0 0 1 -72.59644256269407 1 0.10416666666666667
0 0 1 0 0 1 0 0 0 0 1 0 0 0 0 1 1 0 1 0 0 1 0 0 1 0 0 0 0 0 0 1 0 0 1 0 0
 1 0 0 1 0 0 0 0 0 0 1 -74.75872022286245 1 0.10416666666666667
0 0 0 0 0 1 0 0 0 0 1 0 0 0 0 1 1 0 0 0 0 1 0 0 1 0 1 0 0 1 0 1 1 0 0 0 0
 1 0 0 0 0 1 0 0 1 0 0 -66.75872022286245 1 0.041666666666666664
1 0 0 0 0 1 0 0 0 0 1 0 0 0 0 1 1 0 0 0 0 0 1 0 0 0 1 1 0 1 0 0 1 0 0 0 0
 1 0 0 0 0 1 1 0 0 0 0 -72.75872022286245 1 0.041666666666666664
0 1 0 0 1 0 0 0 0 0 1 0 0 1 0 0 0 1 0 0 1 0 0 0 0 0 1 0 0 1 0 0 0 1 0 0 1
 0 0 0 0 0 1 0 0 1 0 1 -65.75872022286245 1 0.041666666666666664
0 0 1 0 0 1 0 0 0 0 1 0 0 0 0 1 0 1 0 0 0 1 1 0 1 0 1 0 0 0 0 1 0 0 1 0 0
 1 0 0 1 0 0 0 0 0 0 1 -65.92099788303084 1 0.041666666666666664
0 1 0 0 0 0 0 0 1 0 1 0 0 0 0 1 0 1 0 0 1 0 0 0 0 1 1 0 0 0 0 1 0 1 0 0 1
 1 0 0 0 0 1 0 0 0 0 1 -65.92099788303084 1 0.0625
0 0 1 0 0 1 0 0 1 0 0 0 0 0 0 1 0 1 0 0 0 1 0 0 0 0 1 0 1 0 0 1 0 0 1 0 0
 1 0 0 0 0 0 1 1 0 0 1 -66.92099788303084 1 0.041666666666666664
1 0 1 0 0 1 0 0 0 0 1 0 0 0 0 1 1 0 0 0 0 0 1 0 0 1 1 0 0 0 0 1 1 0 0 0 1
 1 0 0 0 0 1 0 0 0 0 1 -72.0832755431992 1 0.041666666666666664
0 0 1 0 0 1 0 0 1 0 0 0 0 0 0 1 0 0 1 0 0 1 0 0 1 0 0 0 0 0 0 1 0 0 1 0 0
 1 0 0 1 0 0 0 0 1 0 0 -75.59644256269407 1 0.10416666666666667
0 0 1 0 0 1 0 1 1 0 0 0 0 0 0 1 0 0 1 0 0 1 1 0 1 0 0 0 0 0 0 1 0 0 1 0 0
 1 0 0 1 0 0 0 0 0 0 1 -72.92099788303084 1 0.020833333333333332
1 0 0 0 0 0 1 0 0 0 1 0 0 1 0 1 1 0 0 0 0 0 1 0 0 0 0 0 0 1 0 1 1 0 0 0 0
 0 0 0 0 0 1 0 0 1 0 1 -71.75872022286245 1 0.0625
1 0 0 0 0 1 0 0 1 0 1 0 0 0 1 1 0 1 0 0 0 1 0 0 1 0 0 0 0 0 1 1 1 0 0 0 0
 1 0 0 1 0 0 0 0 0 1 1 -67.24555320336759 1 0.020833333333333332
0 1 0 0 0 0 1 0 0 0 1 0 0 0 0 1 1 0 0 0 0 1 0 0 0 0 1 0 0 0 0 1 0 1 0 0 0
 1 0 0 0 0 1 0 0 0 0 1 -74.59644256269408 1 0.08333333333333333
0 1 0 0 0 1 0 0 1 0 1 0 0 0 0 1 0 0 0 1 0 1 0 0 1 0 0 0 0 0 1 0 1 0 0 0 0
 1 0 0 0 0 1 0 0 0 0 1 -71.75872022286245 1 0.041666666666666664
0 1 0 0 0 1 0 0 1 0 1 0 0 0 0 1 1 0 0 0 0 1 0 0 1 0 1 0 0 0 0 1 0 0 0 1 0
 1 0 0 1 0 1 0 0 0 1 0 -68.08327554319922 1 0.041666666666666664
1 0 0 0 0 1 0 0 1 0 0 0 0 0 0 1 0 0 1 0 0 1 0 0 1 0 0 0 0 0 0 1 0 0 1 0 0
 1 0 0 1 0 0 0 0 1 0 0 -68.59644256269408 1 0.08333333333333333
0 0 1 0 0 1 0 0 1 0 0 0 0 0 0 1 0 0 1 0 0 0 0 0 1 1 0 0 0 0 0 1 0 0 1 0 0
 1 0 0 1 0 0 0 0 1 0 0 -64.59644256269407 1 0.0625
0 0 0 1 0 1 0 0 1 0 1 0 0 0 0 1 0 0 0 1 0 1 0 0 1 0 1 0 0 0 0 1 1 0 1 0 0
 1 0 0 1 0 0 0 0 0 0 1 -70.0832755431992 1 0.0625
1 0 0 0 0 1 0 0 1 0 1 0 0 0 0 1 1 0 0 1 0 1 0 0 1 0 1 0 0 1 0 0 1 0 0 0 0
 1 0 0 0 0 0 0 0 0 0 1 -64.92099788303082 1 0.08333333333333333
0 1 0 0 0 1 0 0 1 0 0 0 0 0 1 1 0 0 0 1 0 1 0 0 1 0 0 0 0 0 1 1 0 0 0 1 0
 1 0 0 1 0 0 0 0 0 1 0 -68.92099788303084 1 0.0625
0 0 1 0 0 1 0 0 1 0 1 0 0 0 0 1 0 0 1 0 0 1 0 0 1 0 0 1 0 1 0 0 0 0 1 0 0
 1 0 0 1 0 0 0 0 0 0 1 -68.92099788303084 1 0.041666666666666664
0 0 0 1 0 1 0 0 1 0 1 0 0 0 0 1 0 0 0 0 0 1 0 0 1 0 1 0 0 0 0 1 1 0 0 0 0
 1 0 0 0 0 1 0 0 0 0 1 -78.75872022286245 1 0.0625
0 1 0 0 0 1 0 0 1 0 1 0 0 0 0 1 0 0 1 0 0 1 0 0 1 0 0 0 0 0 0 1 1 0 1 0 0
 1 0 0 0 1 0 0 0 0 0 1 -68.92099788303084 1 0.0625
0 1 0 0 0 0 1 0 0 0 1 0 0 0 0 1 0 1 0 0 0 1 0 0 0 0 1 0 0 0 0 1 0 1 0 0 0
 1 0 0 0 0 1 0 1 0 0 1 -69.75872022286245 1 0.08333333333333333
0 0 1 0 0 1 0 0 1 0 0 0 0 0 0 1 0 0 1 0 0 1 0 0 1 0 0 0 0 0 0 1 1 0 1 0 0
 1 0 0 0 0 0 0 0 0 0 1 -79.59644256269407 1 0.0625
1 0 0 0 0 1 1 0 1 0 1 0 0 0 0 1 1 0 1 0 0 1 0 0 1 0 0 0 0 0 0 1 1 0 1 0 0
 1 0 0 0 0 1 0 0 0 0 1 -69.24555320336759 1 0.0625
0 0 1 0 0 1 0 0 0 0 1 0 0 0 0 1 0 0 0 0 0 1 0 0 1 0 1 0 0 0 0 1 0 0 1 0 0
 1 0 0 1 1 0 0 0 0 0 1 -67.75872022286245 1 0.041666666666666664
0 1 0 0 0 0 1 0 0 0 1 0 0 0 0 1 0 1 0 0 0 0 1 0 1 0 0 0 0 0 0 1 0 1 0 0 0
 1 0 0 1 0 0 0 0 0 1 0 -60.59644256269407 1 0.041666666666666664
0 1 0 0 1 0 0 0 0 0 1 0 0 0 0 1 0 1 0 0 0 0 1 0 1 0 0 0 0 0 0 1 0 0 1 0 0
 0 0 0 1 1 0 0 0 0 0 1 -63.59644256269407 1 0.0625
1 0 1 0 0 1 0 0 1 0 0 0 0 0 0 1 1 0 0 0 0 1 0 0 1 0 0 0 0 0 0 1 0 0 1 0 1
 1 0 0 0 1 0 0 0 0 0 1 -65.92099788303084 1 0.020833333333333332
1 0 0 0 0 1 0 1 1 0 0 0 0 0 1 0 0 0 1 0 0 1 0 0 1 0 0 0 0 0 0 1 0 0 1 0 0
 1 0 0 1 0 0 0 0 0 0 1 -71.75872022286245 1 0.0625
1 0 1 0 0 1 0 0 1 0 0 0 0 0 0 1 0 0 1 0 0 1 0 0 1 0 0 0 0 0 0 1 1 0 0 0 0
 1 0 0 0 0 1 0 0 0 0 1 -79.75872022286245 1 0.08333333333333333
1 1 0 0 0 0 1 0 1 0 1 0 0 0 0 1 0 1 0 0 1 0 0 0 0 0 1 0 0 0 0 1 0 1 0 0 1
 0 0 0 0 0 1 0 0 0 0 1 -70.92099788303084 1 0.0625
0 1 0 0 0 1 0 1 1 0 0 0 0 0 0 1 0 1 0 0 0 1 0 0 1 0 1 0 0 0 0 1 0 0 1 0 0
 1 0 0 1 0 0 0 0 0 0 1 -65.92099788303084 1 0.041666666666666664
0 0 0 1 0 0 1 0 0 0 1 0 0 1 0 0 0 0 0 1 0 0 1 0 1 0 0 0 0 1 0 0 1 0 0 1 0
 0 1 0 1 0 0 0 0 1 0 0 -62.75872022286246 1 0.08333333333333333
0 1 1 0 1 0 0 0 0 0 1 0 0 0 0 1 0 0 1 0 1 0 0 0 0 1 0 0 0 0 0 1 0 0 1 0 0
 1 0 0 0 0 0 0 0 0 0 1 -64.59644256269407 1 0.08333333333333333
0 0 0 1 1 1 0 0 0 0 1 0 0 0 0 1 1 0 0 0 0 1 0 0 0 0 1 0 0 0 0 1 1 0 0 1 0
 1 0 0 0 0 1 0 0 1 0 0 -74.92099788303084 1 0.0625
1 0 0 1 0 1 0 0 0 0 1 0 0 0 1 0 1 0 0 0 0 1 0 0 0 0 0 1 0 1 1 0 1 0 0 0 0
 1 0 0 0 0 1 0 0 0 1 0 -67.92099788303084 1 0.020833333333333332
0 1 0 0 1 1 0 0 0 0 1 0 0 0 0 1 1 0 0 0 0 1 0 0 0 0 1 0 0 0 0 0 1 1 0 0 1
 0 0 0 0 0 1 0 0 0 0 1 -67.75872022286245 1 0.0625
0 1 0 0 0 1 1 0 0 0 1 0 0 0 0 1 0 1 0 0 1 0 0 0 0 0 1 0 0 0 0 1 0 1 1 0 1
 1 0 0 0 0 1 0 0 0 0 1 -63.083275543199214 1 0.125
1 0 0 0 1 1 0 0 0 0 1 0 0 0 0 1 1 0 0 0 0 0 1 0 0 0 1 0 0 1 0 1 1 0 0 0 0
 0 1 0 0 0 1 0 0 1 0 0 -67.92099788303084 1 0.020833333333333332
0 0 0 1 0 1 0 0 0 0 1 0 0 0 0 0 0 1 0 0 0 0 1 0 1 0 1 0 0 0 0 1 1 0 0 1 0
 1 0 0 0 0 1 0 0 0 0 1 -61.75872022286246 1 0.041666666666666664
0 0 0 1 0 1 0 0 1 0 1 0 0 0 0 1 1 0 0 0 0 1 1 0 1 0 0 0 0 0 0 1 0 0 1 1 0
 1 0 0 1 0 0 0 0 0 0 1 -66.08327554319922 1 0.10416666666666667
1 1 0 0 0 0 1 0 0 0 1 0 0 0 0 1 1 1 0 0 0 0 1 0 0 0 1 0 1 0 0 1 1 1 0 0 1
 0 0 0 0 0 1 0 0 0 0 1 -67.24555320336759 1 0.020833333333333332
0 1 0 0 0 0 0 1 1 0 1 0 0 1 0 1 0 1 0 0 0 1 0 0 1 0 1 0 0 0 0 1 0 1 1 0 0
 0 0 0 1 0 0 0 0 0 0 1 -57.083275543199214 1 0.0625
1 1 0 0 0 1 1 0 1 0 1 0 0 0 0 1 1 0 0 0 0 1 0 0 1 0 0 0 0 0 1 1 1 0 1 0 0
 1 0 0 1 0 0 0 0 0 0 1 -60.40783086353597 1 0.0625
1 0 0 0 0 1 1 0 1 0 0 0 0 0 0 1 1 1 0 0 0 0 1 0 0 1 0 0 0 0 0 1 1 0 0 0 0
 1 1 0 0 0 0 0 0 0 0 1 -67.92099788303084 1 0.0625
0 1 0 1 1 0 0 0 0 0 1 0 1 0 0 1 0 1 0 1 1 0 0 0 0 0 1 0 0 0 0 1 0 0 0 1 1
 0 0 0 0 0 1 0 0 1 0 0 -62.083275543199214 1 0.0625
1 0 0 0 0 1 0 0 1 0 1 0 0 0 1 0 0 0 1 0 0 1 0 0 1 0 0 0 0 0 0 1 0 0 1 0 0
 1 0 0 1 0 0 0 0 0 0 1 -68.75872022286245 1 0.10416666666666667
0 0 1 0 0 1 0 0 1 0 1 0 0 0 0 1 0 0 1 0 0 1 0 0 0 1 0 1 0 0 0 0 0 0 1 0 0
 1 0 0 1 0 0 0 0 0 0 1 -61.75872022286246 1 0.041666666666666664
0 1 0 0 1 0 0 1 0 0 1 0 0 0 0 1 0 1 0 0 1 0 0 0 0 0 1 0 0 0 0 1 0 0 0 0 1
 0 0 0 0 0 1 0 0 1 0 1 -70.75872022286245 1 0.041666666666666664
0 1 0 0 1 0 0 0 0 0 1 0 0 0 0 1 0 1 0 0 1 0 0 0 0 0 1 0 0 0 0 1 1 1 0 0 1
 0 0 0 0 0 1 0 0 0 0 1 -81.75872022286245 1 0.08333333333333333
1 0 1 0 0 1 0 0 0 0 1 0 0 0 0 1 0 1 1 0 1 1 0 0 0 0 1 0 0 0 0 1 0 0 1 0 1
 1 0 0 0 0 1 0 0 0 0 1 -69.24555320336758 1 0.041666666666666664
0 1 0 0 0 0 1 0 1 0 1 0 0 1 0 1 0 1 0 0 0 0 1 0 1 1 0 0 0 0 0 1 0 1 0 0 0
 0 1 0 1 0 1 0 0 0 0 1 -59.245553203367585 1 0.10416666666666667
1 0 0 0 0 0 0 1 1 1 0 0 0 0 1 0 1 0 0 0 0 1 0 0 1 0 0 0 0 0 1 1 1 0 0 0 0
 0 0 1 0 1 0 0 0 0 1 0 -64.92099788303084 1 0.0625
1 0 1 0 0 1 0 0 0 1 1 0 0 0 0 1 0 0 1 0 1 1 0 0 0 1 1 0 0 0 0 1 1 0 1 0 0
 1 0 0 0 1 0 0 0 0 0 1 -64.40783086353596 1 0.0625
0 0 1 0 0 0 0 1 1 0 0 0 0 1 0 1 0 0 1 0 0 0 0 0 1 0 0 0 0 1 0 0 0 0 1 0 0
 0 0 0 1 0 0 0 0 1 0 1 -59.59644256269407 1 0.0625
0 0 0 1 0 1 0 0 0 0 1 0 0 0 0 1 0 1 0 0 1 0 0 0 0 0 1 0 0 0 0 1 0 0 1 0 0
 1 0 0 1 0 0 0 0 0 0 1 -69.59644256269408 1 0.08333333333333333
1 0 0 0 0 1 0 0 0 0 1 0 0 0 1 1 1 0 0 0 0 1 0 0 1 0 0 0 0 0 1 1 1 1 0 0 1
 0 0 0 0 0 1 0 0 0 0 1 -68.0832755431992 1 0.10416666666666667
0 0 1 0 0 1 0 0 0 0 1 0 0 0 0 1 1 0 0 0 1 0 0 0 0 0 1 0 0 0 0 1 1 0 0 0 0
 0 1 0 0 0 1 1 0 0 0 1 -60.75872022286246 1 0.020833333333333332
1 0 0 0 0 1 0 0 1 0 1 0 0 0 0 1 0 0 1 0 1 1 0 0 1 0 0 0 0 0 0 1 0 0 1 0 0
 1 0 0 0 1 0 0 0 0 0 1 -63.92099788303084 1 0.041666666666666664
0 1 0 0 0 1 1 0 0 0 1 0 0 0 0 1 0 0 1 0 0 1 0 0 1 0 0 0 0 0 0 1 0 0 1 0 0
 1 0 0 1 0 0 0 0 0 0 1 -68.75872022286245 1 0.08333333333333333
0 0 0 1 0 1 1 0 0 0 1 0 0 1 0 0 0 0 0 1 0 1 0 0 1 0 1 0 0 1 0 1 1 0 0 0 0
 1 0 0 0 0 1 0 0 1 0 1 -58.2455532033676 1 0.0625
0 1 0 0 0 0 1 0 0 0 1 0 0 0 0 1 0 1 0 0 0 0 1 0 1 0 0 0 0 0 0 1 0 0 1 0 0
 0 0 0 1 1 0 0 0 0 0 1 -60.59644256269407 1 0.10416666666666667
0 1 0 0 0 1 1 0 1 0 1 0 0 0 0 1 0 1 0 0 0 0 1 0 0 0 1 0 0 0 0 1 0 0 1 0 0
 1 0 0 1 0 0 0 0 0 0 1 -61.92099788303084 1 0.10416666666666667
0 1 0 0 1 0 0 0 0 0 1 0 0 0 0 1 0 1 0 0 1 0 0 0 0 0 1 0 0 0 1 0 0 1 0 1 1
 0 0 0 0 0 1 0 0 0 1 0 -66.75872022286245 1 0.041666666666666664
1 0 1 0 0 1 0 0 0 0 1 0 0 0 0 1 0 0 1 0 1 0 0 0 1 0 0 0 0 1 0 1 0 0 1 0 0
 1 0 0 1 0 0 0 0 1 0 1 -62.08327554319922 1 0.041666666666666664
0 0 1 0 1 1 0 0 1 0 1 0 0 0 0 1 1 0 0 0 0 1 0 0 0 0 1 0 0 0 0 1 1 0 0 0 0
 1 0 0 0 1 0 0 0 0 0 1 -67.92099788303084 1 0.10416666666666667
0 0 0 0 0 1 0 0 1 0 0 0 0 0 1 1 0 0 0 1 0 1 0 0 1 0 0 0 1 0 1 0 1 0 1 0 0
 1 0 0 0 0 0 0 0 0 0 1 -57.75872022286246 1 0.0625
0 0 1 0 0 1 0 0 0 0 0 0 0 0 0 1 0 1 0 0 0 0 1 0 1 0 0 0 1 0 0 0 0 1 0 0 1
 0 0 0 0 0 1 0 0 0 0 1 -54.434164902525694 1 0.10416666666666667
1 0 0 0 0 1 0 1 0 0 0 0 0 0 1 0 1 0 0 0 0 1 0 0 1 0 0 0 0 0 1 0 1 0 0 0 0
 1 0 0 0 0 1 0 0 0 0 1 -70.59644256269407 1 0.10416666666666667
1 0 1 0 1 0 0 0 0 1 0 0 0 0 0 1 0 0 1 0 1 0 0 0 0 1 0 0 0 0 0 1 1 0 1 0 0
 0 0 0 0 1 0 0 0 0 0 1 -70.75872022286245 1 0.125
0 0 1 0 1 1 0 0 1 0 0 0 0 0 0 1 0 1 1 0 1 0 0 0 1 0 0 0 0 0 0 1 0 0 1 0 1
 1 0 0 1 0 0 0 0 0 0 1 -66.0832755431992 1 0.020833333333333332
0 0 1 0 1 0 0 0 1 0 0 0 0 1 0 0 0 0 1 0 1 0 0 0 0 0 0 1 0 1 0 0 0 0 1 0 1
 0 0 0 0 0 0 1 0 1 0 0 -65.59644256269407 1 0.0625
0 1 0 0 1 0 0 0 0 0 1 0 0 0 0 1 0 1 0 0 1 0 1 0 0 0 1 0 0 0 0 1 1 0 0 1 0
 1 0 0 1 0 1 0 0 0 0 1 -62.083275543199214 1 0.041666666666666664
0 0 0 1 0 1 0 0 0 0 1 0 0 1 0 0 0 0 0 1 0 0 1 0 1 0 0 0 0 1 1 0 0 0 1 1 0
 1 0 0 1 0 0 0 0 1 0 0 -53.920997883030836 1 0.10416666666666667
0 1 0 0 0 0 1 1 1 0 0 0 0 0 0 1 1 0 0 0 0 1 1 0 0 0 1 0 0 0 0 1 0 0 1 0 0
 1 0 0 1 0 0 0 0 0 0 1 -62.92099788303084 1 0.10416666666666667
0 0 0 1 0 0 0 0 1 0 0 0 0 1 1 0 0 0 1 0 0 1 0 0 1 0 0 0 0 0 0 1 0 0 1 0 0
 1 0 0 1 0 0 0 0 0 0 0 -58.434164902525694 1 0.0625
0 0 1 0 0 0 0 0 1 0 0 0 0 1 0 1 0 0 1 0 0 0 1 0 1 0 0 0 0 1 0 1 0 0 1 0 0
 0 1 0 1 0 0 0 0 1 0 1 -63.92099788303083 1 0.0625
0 0 0 1 0 1 1 0 1 0 1 0 0 0 0 1 0 0 1 0 0 1 0 0 1 0 0 1 0 1 0 0 0 0 1 0 0
 1 0 0 1 0 0 0 0 0 0 1 -58.08327554319921 1 0.0625
1 0 0 0 1 1 0 0 0 0 1 0 0 0 1 1 0 1 0 0 1 1 0 0 1 0 1 0 0 0 0 1 0 0 1 0 1
 1 0 0 1 0 1 0 0 0 0 1 -55.570108523704356 1 0.08333333333333333
1 0 1 0 0 0 0 0 0 0 0 1 0 1 0 0 1 0 1 0 0 0 0 0 0 0 0 1 0 1 0 0 1 0 1 0 0
 0 0 0 0 0 0 0 0 1 0 0 -58.434164902525694 1 0.08333333333333333
1 1 0 0 0 0 1 0 0 0 1 0 0 1 0 1 1 1 0 0 1 0 0 0 0 0 1 0 0 1 0 1 1 0 0 0 0
 0 0 0 0 0 1 0 0 1 0 1 -62.2455532033676 1 0.08333333333333333
0 1 0 0 0 0 1 0 0 0 1 0 0 0 0 1 1 0 0 1 0 1 1 0 0 0 0 0 0 0 0 0 1 0 0 1 0
 1 0 0 0 0 1 0 0 0 0 0 -54.59644256269408 1 0.08333333333333333
1 0 0 1 0 0 0 1 0 0 1 0 1 1 0 0 1 0 0 1 0 0 0 1 0 0 1 0 0 1 0 0 0 0 1 0 0
 1 0 1 0 0 1 0 1 0 0 0 -55.2455532033676 1 0.041666666666666664
0 1 0 0 0 1 0 0 0 0 1 0 0 0 1 1 1 0 0 0 0 1 0 0 0 0 0 1 0 0 1 0 1 1 0 0 0
 1 0 0 0 0 0 1 1 0 0 0 -54.92099788303084 1 0.0625
1 0 0 0 0 1 1 0 0 0 1 0 0 0 0 1 1 1 0 0 0 0 1 0 1 0 0 0 0 0 0 1 1 0 0 0 0
 1 0 0 1 0 0 0 0 0 0 1 -67.92099788303084 1 0.0625
1 0 0 0 1 0 0 0 0 1 1 0 0 0 0 1 0 0 1 0 1 1 0 0 0 0 1 0 0 0 0 1 1 0 0 0 0
 1 0 0 1 0 0 0 0 0 0 1 -63.92099788303084 1 0.0625
1 1 0 0 0 1 0 0 1 0 1 0 0 0 0 1 0 1 0 0 0 1 0 0 0 0 1 0 0 0 0 1 0 0 1 0 0
 1 0 0 0 0 0 1 1 0 0 1 -59.083275543199214 1 0.10416666666666667
0 0 0 1 0 0 1 0 1 0 1 0 0 1 0 0 1 0 0 0 0 0 0 1 0 0 1 0 0 1 0 0 1 0 0 0 0
 0 0 0 0 0 1 0 0 1 0 1 -64.75872022286245 1 0.08333333333333333
0 1 0 0 0 0 1 1 0 0 1 0 0 0 0 1 0 1 0 0 1 0 1 0 0 0 1 0 0 0 0 0 0 1 0 0 0
 0 0 1 0 0 1 0 1 0 0 0 -52.75872022286246 1 0.08333333333333333
0 1 0 0 0 1 0 0 0 0 1 0 1 0 0 0 0 1 0 0 1 0 0 0 0 0 1 0 0 0 0 1 0 0 0 1 0
 1 0 0 0 0 1 1 1 0 0 0 -62.75872022286246 1 0.08333333333333333
0 0 0 0 0 1 0 0 1 0 0 0 0 0 1 1 1 0 0 0 1 1 0 0 0 0 0 1 0 0 1 0 1 0 0 0 0
 1 0 0 1 0 0 1 0 0 1 0 -61.920997883030836 1 0.10416666666666667
0 0 1 1 0 1 0 0 1 0 0 0 0 1 0 0 0 0 1 1 0 1 0 0 1 0 0 0 0 1 0 0 0 0 1 1 0
 1 0 0 1 0 0 0 0 1 0 0 -66.0832755431992 1 0.08333333333333333
1 1 0 0 0 1 1 0 1 0 1 0 0 0 0 1 0 1 0 0 0 0 0 0 1 0 1 0 0 0 0 1 0 1 0 0 0
 0 0 1 1 0 1 0 0 0 0 1 -58.2455532033676 1 0.0625
0 1 0 0 0 1 0 0 0 0 1 0 1 0 0 1 0 1 0 0 1 0 0 0 0 0 1 0 1 0 0 1 0 0 1 0 0
 1 0 0 0 0 1 1 1 0 0 0 -62.08327554319922 1 0.0625
1 0 0 0 0 1 0 1 1 0 1 0 0 0 1 0 1 0 0 0 0 0 0 0 0 1 0 0 0 1 1 0 1 0 0 0 0
 0 0 1 0 1 0 0 0 1 1 0 -48.083275543199214 1 0.08333333333333333
0 1 0 0 0 0 1 1 0 0 1 0 0 1 0 1 0 1 0 0 0 0 1 0 1 0 0 0 0 0 0 1 1 0 0 0 0
 0 0 0 0 0 1 0 0 1 0 1 -52.92099788303084 1 0.125
0 1 0 0 0 0 0 0 1 0 0 0 0 0 1 1 0 1 0 0 0 1 0 0 1 0 0 0 0 0 1 1 0 1 1 0 0
 1 0 0 1 0 1 0 0 0 0 1 -59.083275543199214 1 0.08333333333333333
0 1 0 1 0 0 1 1 0 0 1 0 1 0 0 0 0 1 0 1 0 1 0 0 1 0 1 0 0 0 0 0 0 0 0 1 0
 1 0 0 0 0 1 0 1 0 0 0 -53.083275543199214 1 0.08333333333333333
1 0 0 0 0 1 0 0 0 0 0 0 0 0 1 1 0 0 0 1 0 1 0 0 1 0 0 1 0 1 1 0 1 0 0 1 1
 0 0 0 0 0 1 0 0 1 0 0 -47.083275543199214 1 0.10416666666666667
0 0 1 0 0 0 0 1 1 0 1 0 0 1 0 0 1 0 0 0 1 0 0 0 0 0 1 0 0 1 0 0 1 0 1 0 0
 0 0 1 0 0 0 0 0 1 0 0 -55.75872022286246 1 0.125
0 0 0 1 0 1 0 0 1 0 0 0 0 0 0 1 0 0 0 1 0 0 1 0 1 0 0 0 0 1 0 0 1 0 1 0 0
 1 0 0 0 0 0 0 0 1 0 1 -53.75872022286246 1 0.08333333333333333
1 0 1 0 0 0 0 1 1 0 0 0 0 1 0 0 1 0 0 0 0 1 0 0 0 0 0 0 0 0 0 1 1 0 1 0 0
 0 0 0 0 1 0 0 0 0 0 1 -57.59644256269408 1 0.125
0 0 1 1 0 0 0 0 0 0 0 0 0 1 0 0 1 0 0 0 1 0 1 0 0 0 0 1 0 1 0 0 1 0 0 0 0
 0 1 0 0 0 1 0 0 1 0 0 -46.59644256269407 1 0.08333333333333333
0 0 1 0 0 0 1 0 1 1 0 0 0 0 0 1 1 0 1 0 0 0 1 0 0 1 0 0 0 0 0 1 0 0 1 0 0
 0 1 0 1 1 0 0 0 0 0 1 -64.0832755431992 1 0.08333333333333333
