1 0 0 0 0 1 0 0 0 0 1 0 0 0 0 1 1 0 0 0 0 1 0 0 0 0 1 0 0 0 0 1 1 0 0 0 0
 1 0 0 0 0 1 0 0 0 0 1 -98.59644256269408 5 0.0
1 0 0 0 0 1 0 0 0 0 1 0 0 0 0 1 1 0 0 0 0 1 0 0 0 0 1 0 0 0 0 1 1 0 0 0 0
 1 0 0 0 0 1 0 0 0 0 1 -98.59644256269408 1 0.020833333333333332
1 0 0 0 0 1 0 0 0 0 1 0 0 0 0 1 1 0 0 0 0 1 0 0 0 0 1 0 0 0 0 1 1 0 0 0 0
 1 0 0 0 0 1 0 0 0 0 1 -98.59644256269408 1 0.020833333333333332
1 0 0 0 0 1 0 0 0 0 1 0 0 0 0 1 1 0 0 0 0 1 0 0 0 0 1 0 0 0 0 1 1 0 0 0 0
 1 0 0 0 0 1 0 0 0 0 1 -98.59644256269408 2 0.020833333333333332
1 0 0 0 0 1 0 0 0 0 1 0 0 0 0 1 1 0 0 1 0 1 0 0 0 0 1 0 0 0 0 1 1 0 0 0 0
 1 0 0 0 0 1 0 0 0 0 1 -91.75872022286245 1 0.041666666666666664
1 0 0 0 0 1 0 0 0 0 1 0 0 0 0 1 1 0 0 0 0 1 0 0 0 0 1 0 0 0 0 1 1 0 0 0 0
 1 0 0 0 0 1 0 0 0 0 1 -98.59644256269408 1 0.020833333333333332
1 0 0 0 0 1 0 0 0 0 1 0 0 0 0 1 1 0 0 0 0 1 0 0 0 0 1 0 0 0 0 1 0 0 0 0 0
 1 0 0 0 0 1 0 0 0 0 1 -89.4341649025257 1 0.020833333333333332
1 0 0 0 0 1 0 0 0 0 1 0 0 0 0 1 1 0 0 1 0 1 0 0 0 0 1 0 0 0 0 1 0 0 0 0 0
 1 0 0 0 0 1 0 0 0 0 1 -82.59644256269408 1 0.041666666666666664
1 0 0 0 0 1 0 0 0 0 1 0 0 0 0 1 1 0 0 0 0 1 0 0 0 0 1 0 1 0 0 1 1 0 0 0 0
 1 0 0 0 0 1 0 0 0 0 1 -91.75872022286245 1 0.0
1 0 0 0 0 1 0 0 0 0 1 0 0 0 0 1 1 0 0 0 0 1 0 0 0 0 1 0 0 0 0 1 1 0 0 0 0
 1 0 0 0 0 1 0 1 0 0 1 -91.75872022286245 1 0.0
1 0 0 0 0 1 0 0 0 0 1 0 0 0 0 1 1 0 0 0 0 1 0 0 0 0 1 1 0 0 0 1 1 0 0 0 0
 1 0 0 0 0 1 0 0 0 0 1 -91.75872022286245 1 0.0
1 0 0 0 0 1 0 1 0 0 1 0 0 0 0 1 1 0 0 0 0 1 0 0 0 0 1 0 0 0 0 1 1 0 0 0 0
 1 0 0 0 0 1 0 0 0 0 1 -91.75872022286245 1 0.020833333333333332
1 0 0 0 0 1 0 0 1 0 1 0 0 0 0 1 1 0 0 0 0 1 0 0 0 0 1 0 0 0 0 1 1 0 0 0 0
 1 0 0 0 0 1 0 0 0 0 1 -91.75872022286245 1 0.020833333333333332
1 0 0 0 0 1 0 0 0 0 1 0 0 0 0 1 1 0 0 0 0 1 0 0 0 0 1 0 0 0 0 1 1 0 0 0 0
 1 0 0 0 1 1 0 0 0 0 1 -91.75872022286245 1 0.020833333333333332
1 0 0 0 0 1 0 0 0 0 1 0 0 0 0 1 0 0 1 0 0 1 0 0 0 0 1 0 0 0 0 1 1 0 0 0 0
 1 0 0 0 0 1 0 0 0 0 1 -87.59644256269408 1 0.0
1 0 0 0 0 1 0 0 0 0 1 0 0 0 0 1 1 0 0 0 0 1 0 0 0 0 1 0 0 0 0 1 0 0 0 1 0
 1 0 0 0 0 1 0 0 0 0 1 -87.59644256269408 1 0.0625
1 0 0 0 0 1 0 0 1 0 1 0 0 0 0 1 1 0 0 0 0 1 0 0 0 0 1 0 0 0 0 1 1 0 0 0 0
 1 0 0 0 0 1 0 0 0 0 1 -91.75872022286245 1 0.020833333333333332
1 0 0 0 0 1 0 0 0 0 1 0 0 0 0 1 0 0 0 0 0 1 0 0 0 0 1 0 1 0 0 1 1 0 0 0 0
 1 0 0 0 0 1 0 0 0 0 1 -87.59644256269408 2 0.020833333333333332
0 0 0 1 0 1 0 0 0 0 1 0 1 0 0 0 0 0 0 1 0 1 0 0 0 0 1 0 1 0 0 0 0 0 0 1 0
 1 0 0 0 0 1 0 1 0 0 0 -86.59644256269407 3 0.041666666666666664
1 0 0 0 0 1 0 0 0 0 1 0 0 0 0 1 1 0 0 0 0 1 0 0 0 0 1 0 1 0 0 1 1 0 0 0 0
 1 0 0 0 0 1 0 1 0 0 1 -86.92099788303084 1 0.0
1 0 0 0 0 1 0 1 0 0 1 0 0 0 0 1 1 0 0 1 0 1 0 0 0 0 1 0 0 0 0 1 0 0 0 0 0
 1 0 0 0 0 1 0 0 0 0 1 -75.75872022286245 1 0.0625
1 0 0 0 0 1 0 0 0 0 1 0 0 0 0 1 1 0 0 0 0 1 0 0 0 0 1 0 0 0 0 1 1 0 0 0 0
 1 0 0 0 0 1 1 0 0 0 1 -91.75872022286245 1 0.020833333333333332
1 0 0 0 0 1 0 0 0 0 1 0 0 0 0 1 1 0 0 0 0 1 0 0 0 0 1 0 0 0 0 1 1 0 0 0 0
 1 0 0 0 0 0 1 0 0 0 1 -87.59644256269408 1 0.041666666666666664
1 0 0 0 0 1 1 0 0 0 1 0 0 0 0 1 1 0 0 1 0 1 0 0 0 0 1 0 0 0 0 1 1 0 0 0 0
 1 0 0 0 0 1 0 0 0 0 1 -84.92099788303084 1 0.0625
1 0 0 0 0 1 0 1 0 0 1 0 0 0 0 1 1 0 0 0 0 1 0 0 0 0 1 0 0 0 0 1 1 0 0 0 0
 1 0 0 0 0 1 0 0 0 0 1 -91.75872022286245 1 0.0625
1 0 0 0 0 1 0 0 0 0 1 0 0 0 1 1 1 0 0 0 0 1 0 0 0 0 1 0 0 0 0 1 1 0 0 0 0
 1 0 0 0 0 1 0 0 0 0 1 -91.75872022286245 1 0.020833333333333332
1 0 0 0 0 1 0 0 0 0 1 0 1 0 0 1 1 0 0 1 0 1 0 0 0 0 1 0 0 0 0 1 0 0 0 1 0
 1 0 0 0 0 1 0 0 0 0 1 -75.92099788303084 1 0.041666666666666664
1 0 0 0 0 1 0 0 0 0 1 0 0 0 0 1 1 0 0 0 0 1 1 0 0 0 1 0 0 0 0 1 1 0 0 0 0
 1 0 0 0 0 1 0 0 0 0 1 -91.75872022286245 1 0.0625
1 0 0 0 0 1 0 0 0 0 1 0 0 0 0 1 1 0 0 1 0 1 0 0 0 0 1 0 1 0 0 1 1 0 0 0 0
 1 0 0 0 0 1 0 0 0 0 1 -84.92099788303082 1 0.0625
0 0 1 0 0 1 0 0 0 0 1 0 1 0 0 1 1 0 0 0 0 1 0 0 0 0 1 0 0 0 0 1 1 0 0 0 0
 1 0 0 0 0 1 0 0 0 0 1 -85.75872022286245 1 0.041666666666666664
1 0 0 0 0 1 0 0 0 0 1 0 0 0 0 1 1 0 0 0 0 1 0 0 0 0 1 0 1 0 0 1 1 0 0 0 0
 1 0 0 0 0 1 0 0 0 0 1 -91.75872022286245 1 0.0625
1 0 0 1 0 1 0 0 0 0 1 0 0 0 0 1 1 0 0 0 0 1 0 0 0 0 1 0 0 0 0 1 0 0 0 1 0
 1 0 0 0 0 1 0 0 0 0 1 -82.75872022286245 1 0.041666666666666664
0 0 0 1 0 1 0 0 0 0 1 0 1 0 0 0 0 0 0 1 0 1 0 0 0 0 1 0 1 0 0 0 0 0 0 1 0
 1 0 0 0 0 1 0 1 0 0 0 -86.59644256269407 1 0.041666666666666664
1 0 0 0 0 1 0 0 0 0 1 0 1 0 0 1 1 0 0 0 0 1 0 0 0 0 1 0 1 0 0 1 1 0 0 0 0
 1 0 0 0 0 1 0 1 0 0 1 -84.0832755431992 1 0.0
1 0 0 0 0 1 0 0 0 0 1 0 0 0 0 1 1 0 0 0 0 0 0 0 0 0 1 0 0 0 0 1 1 0 0 0 0
 1 0 0 0 0 1 0 0 0 0 1 -89.4341649025257 1 0.0625
1 0 0 0 0 1 0 0 1 0 1 0 0 0 0 1 1 0 0 1 0 1 0 0 0 0 1 0 0 0 0 1 0 0 0 1 0
 1 0 0 0 0 1 0 0 0 0 1 -75.92099788303084 1 0.0625
1 0 0 0 0 1 0 0 0 0 1 0 0 0 0 1 1 1 0 0 0 1 0 0 0 0 1 0 0 0 0 1 1 0 0 0 0
 1 0 0 0 0 1 0 0 0 0 1 -91.75872022286245 1 0.0625
1 0 0 0 0 1 0 0 0 0 1 0 0 0 0 1 1 0 0 0 0 1 0 0 0 0 1 0 1 0 0 1 1 0 0 1 0
 1 0 0 0 0 1 0 0 0 0 1 -84.92099788303084 1 0.020833333333333332
1 0 0 0 0 1 0 0 0 0 1 0 1 0 0 1 1 0 0 0 0 1 0 0 0 0 1 0 0 0 0 1 0 0 0 1 0
 1 0 0 0 0 1 0 0 0 0 1 -80.75872022286245 1 0.041666666666666664
1 0 0 0 0 1 0 0 0 0 1 1 0 0 0 1 1 0 0 0 0 1 0 0 1 0 0 0 0 0 0 1 1 0 0 0 0
 1 0 0 0 0 1 0 0 0 0 1 -80.75872022286245 1 0.020833333333333332
1 0 0 0 0 1 0 0 0 0 1 0 0 0 0 1 1 0 0 1 0 1 0 0 0 0 1 0 0 0 0 1 0 0 0 1 0
 1 0 0 0 0 1 0 0 0 0 1 -82.75872022286245 1 0.08333333333333333
1 0 0 0 0 1 0 0 0 0 1 0 0 0 0 1 1 0 0 1 0 1 0 0 0 0 1 0 0 1 0 1 0 0 0 1 0
 1 0 0 0 0 1 0 0 0 0 1 -75.92099788303082 1 0.0625
1 0 0 0 0 1 0 0 0 0 1 0 1 0 0 1 1 0 0 0 0 1 0 0 0 0 1 0 1 0 0 1 1 0 0 0 0
 1 0 0 0 0 1 0 1 0 0 1 -84.0832755431992 1 0.020833333333333332
1 0 0 0 0 1 0 1 0 0 1 0 1 0 0 1 1 0 0 0 0 1 0 0 0 0 1 0 0 0 0 1 1 0 0 0 0
 1 0 0 0 0 1 0 0 0 0 1 -84.92099788303084 1 0.0625
1 0 0 0 0 1 0 0 0 0 1 0 0 0 0 1 1 0 0 0 0 1 0 0 0 0 1 0 0 0 0 1 0 0 0 0 0
 1 0 0 0 0 1 0 0 0 0 1 -89.4341649025257 1 0.0625
1 0 0 0 0 1 0 1 0 0 1 0 0 0 0 1 1 0 0 0 0 1 0 0 0 0 1 0 0 0 0 1 1 0 0 0 0
 1 0 0 0 1 0 0 0 0 0 1 -80.75872022286245 1 0.020833333333333332
1 0 0 0 0 1 0 0 0 0 1 0 0 0 0 1 1 0 0 0 0 1 0 0 0 0 1 0 0 0 0 1 0 0 0 0 0
 1 0 0 0 0 1 0 0 0 0 1 -89.4341649025257 1 0.10416666666666667
1 0 0 0 0 1 0 1 0 0 1 0 1 0 0 1 1 0 0 0 0 1 0 0 0 0 1 0 1 0 0 1 1 0 0 0 0
 1 0 0 0 0 1 0 0 0 0 1 -80.08327554319922 1 0.020833333333333332
0 0 0 1 0 1 0 0 0 0 1 0 1 0 0 0 0 0 0 1 0 1 0 0 0 0 1 0 1 0 0 0 0 0 0 1 0
 1 0 0 0 0 1 0 1 0 0 0 -86.59644256269407 1 0.08333333333333333
1 0 0 0 0 1 0 0 0 0 1 0 1 0 0 1 0 0 0 1 0 1 0 0 0 0 1 0 1 0 0 0 1 0 0 0 0
 1 0 0 0 0 1 0 0 0 0 1 -81.75872022286245 1 0.0
1 0 0 0 0 0 1 0 0 1 0 0 0 0 0 1 1 0 0 0 0 0 1 0 0 1 0 0 0 0 0 1 1 0 0 0 0
 1 1 0 0 1 0 0 0 0 0 1 -81.75872022286245 1 0.0
0 1 0 0 0 0 0 1 0 0 1 0 1 0 0 0 0 1 0 0 0 0 0 1 0 0 1 0 1 0 0 0 0 1 0 0 0
 0 0 1 0 0 1 0 1 0 0 0 -80.59644256269407 1 0.020833333333333332
0 0 0 1 0 1 0 0 0 0 1 0 1 0 0 0 0 0 0 1 0 1 0 0 0 0 1 0 1 0 0 0 0 0 0 1 0
 1 0 0 0 0 1 0 0 0 1 0 -77.59644256269407 1 0.0625
1 0 0 0 0 1 0 0 0 0 1 0 0 0 0 1 0 0 1 0 0 1 0 0 1 0 0 0 0 0 0 1 0 0 0 1 0
 1 0 0 0 0 1 0 0 0 0 1 -77.59644256269408 1 0.020833333333333332
1 0 0 0 0 1 0 0 0 0 1 0 0 0 0 1 0 0 0 1 0 1 0 0 0 0 1 0 1 0 0 1 0 0 0 1 0
 1 0 0 0 0 1 0 0 0 0 1 -78.75872022286245 1 0.0625
1 0 0 0 0 1 0 0 0 0 1 0 0 0 0 1 0 1 0 0 0 1 0 0 0 0 1 0 1 0 0 1 0 0 0 1 0
 1 0 0 0 0 1 0 0 0 0 1 -76.75872022286245 1 0.020833333333333332
0 1 0 0 0 0 0 1 0 0 1 0 1 0 0 1 0 1 0 0 0 0 0 1 0 0 1 0 1 0 0 0 0 1 0 0 0
 0 0 1 0 0 1 0 1 0 0 0 -75.75872022286245 1 0.041666666666666664
0 0 0 0 0 1 0 0 0 0 1 0 1 0 0 1 1 0 0 1 0 1 0 0 0 0 1 0 0 0 0 1 1 0 0 1 0
 1 0 0 0 0 1 0 0 0 0 1 -75.92099788303084 1 0.08333333333333333
1 0 0 0 0 1 0 1 0 0 1 0 0 0 0 1 1 0 0 0 0 1 0 0 0 0 1 0 0 0 0 1 0 0 0 0 0
 1 0 0 0 0 1 0 0 0 0 1 -82.59644256269408 1 0.08333333333333333
0 0 0 1 0 1 0 0 0 0 1 0 1 0 0 0 0 0 0 0 0 1 0 0 0 0 1 0 1 0 0 1 0 0 0 1 0
 1 0 0 0 0 1 0 1 0 0 0 -79.59644256269407 1 0.041666666666666664
1 0 0 0 0 1 0 0 0 0 1 0 0 0 0 1 1 0 0 0 0 1 0 0 0 0 1 0 0 0 0 1 1 0 0 0 0
 1 0 0 0 0 1 0 0 0 0 1 -98.59644256269407 1 0.041666666666666664
1 0 0 0 0 1 0 0 1 0 1 0 0 0 0 1 1 0 0 0 0 1 0 0 1 0 0 0 0 0 0 1 1 0 0 0 0
 1 0 0 0 0 1 0 0 0 0 1 -82.75872022286245 1 0.0625
1 0 0 0 0 1 0 0 0 0 1 0 0 0 0 1 1 0 0 0 0 1 0 0 1 0 1 0 0 0 0 1 0 0 0 1 0
 1 0 0 0 0 1 0 1 0 0 1 -78.92099788303084 1 0.041666666666666664
1 0 0 0 0 1 1 0 0 0 1 0 0 0 0 1 1 0 0 0 0 1 0 0 0 0 1 0 0 0 0 1 0 0 0 0 0
 1 0 0 0 0 1 0 1 0 0 1 -80.75872022286245 1 0.020833333333333332
0 0 0 1 0 1 0 0 0 0 1 0 1 0 0 0 0 0 0 1 0 1 0 0 0 0 1 0 1 0 0 0 0 0 0 1 0
 1 0 0 0 0 1 0 0 0 0 1 -79.59644256269407 1 0.08333333333333333
1 0 0 0 0 1 0 0 0 0 1 0 1 0 0 1 1 0 0 0 0 1 0 0 0 0 1 0 0 0 0 1 1 0 0 0 0
 1 0 0 0 0 1 0 0 0 0 1 -91.75872022286245 1 0.041666666666666664
1 0 0 0 0 1 0 1 0 0 1 0 1 0 0 1 1 0 0 0 0 1 0 0 0 0 1 0 1 0 0 1 1 0 0 0 0
 1 0 0 0 0 1 0 1 0 0 1 -77.24555320336759 2 0.020833333333333332
0 0 0 0 0 1 0 0 0 0 1 0 1 0 0 1 1 0 0 0 0 1 0 0 0 0 1 0 0 0 0 1 1 0 0 0 0
 1 0 0 0 0 1 0 0 0 0 1 -87.59644256269408 1 0.08333333333333333
0 1 0 0 0 0 0 1 0 0 1 0 1 0 0 0 0 1 0 0 0 0 0 1 0 0 1 0 1 0 0 0 0 1 0 0 0
 0 0 1 0 0 1 0 1 0 0 0 -80.59644256269407 1 0.041666666666666664
1 0 0 0 0 0 1 0 0 1 1 0 0 0 0 1 1 0 0 0 0 0 1 0 0 1 0 0 0 0 0 1 1 0 0 0 0
 0 1 0 0 1 1 0 0 0 0 1 -78.92099788303082 1 0.0
1 0 0 0 0 1 0 1 0 0 1 0 0 0 0 1 1 0 0 0 0 1 0 0 0 0 1 0 1 0 0 1 1 0 0 0 0
 1 0 0 0 0 1 0 0 0 0 1 -84.92099788303084 1 0.041666666666666664
1 0 0 0 0 1 0 1 0 0 1 0 0 0 0 1 1 1 0 0 0 1 0 1 0 0 1 0 0 0 0 1 1 0 0 0 0
 1 0 0 0 0 1 0 0 0 0 1 -80.0832755431992 1 0.0625
0 1 0 0 0 1 0 1 0 0 1 0 1 0 0 1 1 0 0 0 0 1 0 0 0 0 1 0 0 0 0 1 1 0 0 0 0
 1 0 0 0 0 1 0 0 0 0 1 -78.92099788303084 1 0.0625
1 0 0 0 0 1 0 1 0 0 1 0 0 0 0 1 1 0 0 1 0 1 0 0 0 0 1 0 1 0 0 1 1 0 0 0 0
 1 0 1 0 0 1 0 0 0 0 1 -73.24555320336759 1 0.0625
1 0 0 0 0 1 0 1 0 0 1 0 0 0 0 1 1 0 0 1 0 1 0 0 0 0 1 0 1 0 0 1 0 0 0 1 0
 1 0 0 0 0 1 0 0 0 0 1 -69.0832755431992 1 0.041666666666666664
1 0 0 0 0 1 0 1 0 0 1 0 1 0 0 1 1 0 0 0 0 1 0 0 0 0 1 0 0 0 0 1 0 0 0 1 0
 1 0 0 0 0 1 0 0 0 0 1 -73.92099788303084 1 0.0625
0 1 0 0 0 1 0 0 0 0 1 0 1 0 0 1 0 1 0 0 0 1 0 0 0 0 1 0 1 0 0 1 0 1 0 0 0
 1 0 0 0 0 1 0 1 0 0 1 -78.0832755431992 1 0.020833333333333332
1 0 0 0 0 1 0 0 0 0 1 0 0 0 0 1 0 0 0 0 0 1 0 0 0 0 1 0 0 0 0 1 0 0 0 1 0
 1 0 0 0 0 1 0 0 0 0 1 -80.4341649025257 1 0.0625
0 1 0 0 0 0 0 1 0 0 1 0 1 0 0 0 0 1 0 0 0 0 0 1 0 0 1 0 1 0 0 0 0 1 0 0 0
 0 0 1 0 0 1 0 1 0 0 0 -80.59644256269407 1 0.041666666666666664
0 1 0 0 0 0 0 1 0 0 1 0 1 0 0 0 0 1 0 0 0 0 0 1 0 0 1 0 1 0 0 0 0 1 0 0 0
 0 0 1 0 0 1 0 1 0 0 0 -80.59644256269407 1 0.041666666666666664
1 0 0 0 0 1 0 0 0 1 1 0 0 0 0 1 1 0 0 0 0 1 0 0 0 0 1 0 0 0 0 1 1 0 0 0 0
 1 0 0 0 1 0 0 0 0 0 1 -82.75872022286245 1 0.041666666666666664
1 0 0 0 0 1 0 0 0 0 1 0 0 0 0 1 0 0 1 0 0 1 0 0 0 0 1 0 1 0 0 1 1 0 0 0 0
 1 0 0 0 0 1 0 1 0 0 1 -80.92099788303084 1 0.020833333333333332
1 0 0 0 0 1 0 1 0 0 1 0 1 0 0 0 0 0 0 1 0 1 0 0 0 0 1 0 1 0 0 0 0 0 0 1 0
 1 0 0 0 0 1 0 1 0 0 0 -77.75872022286245 1 0.041666666666666664
0 1 0 0 0 0 0 1 0 0 1 0 1 0 0 0 0 1 0 0 0 0 0 1 0 0 1 0 1 0 0 0 0 1 0 0 0
 0 0 1 0 0 1 0 1 1 0 0 -73.75872022286245 1 0.0625
1 0 0 0 0 0 0 1 0 1 1 0 0 0 0 1 1 0 0 0 0 1 0 0 0 0 1 0 0 0 0 1 1 0 0 1 0
 1 0 0 0 0 1 0 0 0 0 1 -78.92099788303084 1 0.020833333333333332
1 0 0 0 0 1 0 1 0 0 1 0 0 0 0 1 1 0 0 1 0 1 0 0 0 0 1 0 0 0 0 1 0 0 0 1 0
 1 0 0 0 0 1 0 0 0 0 0 -71.75872022286245 1 0.08333333333333333
0 0 0 1 0 1 0 0 0 0 1 0 1 0 0 0 0 0 0 1 0 1 0 0 0 0 1 0 1 0 0 0 1 0 0 0 0
 1 0 0 0 0 1 0 1 0 0 1 -79.75872022286245 1 0.041666666666666664
1 0 0 0 0 1 0 0 0 0 1 0 0 0 0 1 0 0 0 0 0 1 0 0 0 0 1 0 1 0 0 1 0 0 0 1 0
 1 0 0 0 0 1 0 1 0 0 0 -79.59644256269408 1 0.020833333333333332
0 0 0 1 0 1 0 0 0 0 1 0 1 0 0 1 0 0 0 1 0 1 0 0 0 0 1 0 1 0 0 0 1 0 0 1 0
 1 0 0 0 0 1 0 1 0 0 0 -76.92099788303084 1 0.041666666666666664
1 0 0 0 0 1 0 0 0 0 1 0 0 0 0 1 0 0 0 0 0 1 0 0 1 0 1 0 0 0 0 1 1 0 0 0 0
 1 0 0 0 0 1 0 0 0 0 1 -87.59644256269408 1 0.0625
1 0 0 0 0 1 0 0 0 0 0 0 0 0 1 0 1 0 0 0 0 1 0 0 0 0 1 0 0 0 0 1 1 0 0 0 0
 1 0 0 0 0 1 0 0 0 0 1 -83.43416490252568 1 0.0625
1 0 0 0 0 1 0 0 0 0 1 0 0 0 0 1 0 0 0 1 0 1 0 0 0 0 1 0 1 0 0 0 1 0 0 1 0
 1 0 0 0 0 1 0 0 1 0 0 -77.75872022286245 1 0.041666666666666664
1 0 0 0 0 1 0 0 0 0 1 0 0 0 0 1 1 0 0 0 0 1 0 0 0 0 1 0 1 0 0 1 0 0 0 1 0
 1 0 0 0 0 1 0 0 0 0 1 -80.75872022286245 1 0.10416666666666667
1 0 0 0 0 1 0 0 0 0 1 0 0 0 0 1 1 1 0 1 0 1 0 0 0 0 1 0 0 0 0 1 1 0 0 1 0
 1 0 0 0 0 1 0 0 0 0 1 -75.0832755431992 1 0.08333333333333333
1 0 0 0 0 1 0 1 0 0 1 0 0 0 0 1 1 0 0 0 0 1 0 0 0 0 1 0 1 0 0 1 1 0 0 0 0
 1 0 0 0 0 1 0 1 0 0 1 -80.08327554319922 1 0.041666666666666664
1 0 0 0 0 1 0 1 0 0 1 0 0 0 0 0 1 0 0 0 0 1 0 0 0 0 1 0 0 0 0 1 0 0 0 1 0
 1 0 0 0 0 1 0 0 0 0 1 -76.59644256269408 1 0.08333333333333333
0 0 0 1 0 1 0 0 0 0 1 0 1 0 0 0 0 1 0 1 0 1 0 0 0 0 1 0 1 0 0 0 0 0 0 1 0
 1 0 0 0 0 1 0 0 0 0 1 -72.75872022286245 1 0.08333333333333333
1 0 0 0 0 1 0 0 0 0 1 0 0 0 0 1 0 1 0 0 0 1 1 0 0 0 1 0 0 0 0 1 1 0 0 0 0
 1 0 0 0 0 1 0 0 0 0 1 -80.75872022286245 1 0.041666666666666664
1 0 0 0 0 1 0 0 0 0 1 0 0 0 0 1 1 0 0 0 0 1 0 0 0 0 1 0 0 1 0 1 1 0 0 0 0
 1 0 0 0 0 1 0 1 0 0 0 -80.75872022286245 1 0.08333333333333333
1 0 0 0 0 1 0 0 0 0 1 0 0 0 0 1 0 0 0 1 0 1 0 0 0 0 1 0 1 0 0 1 0 0 0 1 0
 1 0 0 0 0 1 0 1 0 0 1 -78.92099788303084 1 0.0625
1 0 0 0 0 1 1 0 1 0 1 0 0 0 0 1 1 0 0 1 0 1 0 0 0 0 1 0 0 0 0 1 1 0 0 0 0
 1 0 0 0 0 1 0 0 0 0 1 -78.08327554319922 1 0.0625
1 0 0 0 0 1 0 1 0 0 1 0 1 0 0 0 1 0 0 0 0 1 0 0 0 0 1 0 0 0 0 1 0 0 0 1 0
 1 0 0 0 0 1 0 0 0 0 1 -74.75872022286245 1 0.0625
1 0 0 0 0 1 0 0 0 0 1 1 0 1 0 0 1 0 0 0 0 1 0 0 0 0 1 1 0 1 0 0 1 0 0 0 0
 1 0 0 0 0 1 1 0 1 0 0 -78.0832755431992 1 0.020833333333333332
1 0 0 0 0 0 0 1 0 0 1 0 1 0 0 1 1 0 0 0 0 1 0 0 0 0 1 0 0 0 0 1 1 0 0 0 0
 1 0 0 0 0 1 0 1 0 0 1 -75.92099788303084 1 0.041666666666666664
0 0 0 1 0 1 0 0 0 0 1 0 1 0 0 0 0 0 0 1 0 1 0 0 0 0 1 0 1 0 0 0 0 0 0 1 0
 1 0 0 0 0 0 0 1 0 0 0 -77.43416490252568 1 0.041666666666666664
1 0 0 0 0 1 0 1 0 0 1 0 0 0 0 0 1 0 0 0 0 1 0 0 0 0 1 0 1 0 0 1 1 0 0 0 0
 1 0 0 0 0 1 0 1 0 0 1 -75.92099788303084 1 0.020833333333333332
0 1 0 0 0 0 0 1 0 0 1 0 1 0 0 0 0 1 0 0 0 0 0 1 0 0 1 0 1 0 0 0 1 1 0 0 0
 0 0 1 0 0 1 0 1 0 0 0 -75.75872022286245 1 0.041666666666666664
1 0 0 1 0 1 0 0 0 0 1 0 0 0 0 0 0 0 0 1 0 1 0 0 0 0 1 0 1 0 0 0 0 0 0 1 0
 1 0 0 0 0 1 0 1 0 0 0 -79.59644256269407 1 0.041666666666666664
0 1 0 0 0 0 0 1 0 0 1 0 1 0 0 0 0 0 0 1 0 1 0 0 0 0 1 0 1 0 0 0 0 0 0 1 0
 1 0 0 0 0 1 0 1 0 0 0 -76.59644256269407 1 0.0625
0 0 0 1 0 1 0 1 0 0 1 0 1 0 0 0 0 0 0 1 0 1 0 0 0 0 1 0 1 0 0 0 0 0 0 1 0
 1 0 0 0 0 1 0 1 0 0 1 -74.92099788303084 1 0.020833333333333332
0 0 0 1 0 1 0 0 0 0 1 0 1 0 0 0 0 0 0 1 0 1 0 0 0 0 1 0 1 0 0 0 0 0 0 1 0
 1 0 0 0 0 1 0 1 0 0 1 -81.75872022286245 1 0.08333333333333333
0 0 1 0 0 1 0 1 0 0 1 0 1 0 0 1 0 0 1 0 0 1 0 0 0 0 1 0 1 0 0 1 1 0 0 0 0
 1 0 0 0 0 1 0 0 0 0 1 -72.08327554319922 1 0.041666666666666664
0 0 0 1 0 1 0 0 0 0 1 0 1 0 0 0 0 0 0 1 0 1 1 0 0 0 1 0 1 0 0 0 1 0 0 1 0
 1 0 0 0 0 1 0 1 0 0 0 -74.92099788303084 1 0.08333333333333333
1 1 0 0 0 0 0 1 0 0 1 0 0 0 0 1 1 0 0 0 0 0 1 0 0 1 1 0 0 0 0 1 1 0 0 0 0
 1 0 0 0 0 1 0 0 0 0 1 -74.92099788303084 1 0.041666666666666664
1 0 0 0 0 0 0 1 0 0 1 0 0 1 0 0 1 1 0 0 0 0 0 0 0 0 1 0 0 1 0 1 1 0 0 0 0
 1 0 0 0 0 1 0 0 0 0 1 -72.75872022286245 1 0.041666666666666664
0 0 1 0 0 1 0 1 1 0 0 0 0 0 0 1 0 0 1 0 0 1 0 0 1 0 1 0 0 0 0 1 0 0 1 0 0
 1 0 0 1 0 0 0 0 0 0 1 -74.92099788303084 1 0.0
1 0 0 0 0 1 0 1 0 0 1 0 0 0 0 1 1 0 0 1 0 1 0 0 0 0 1 0 0 0 0 1 1 0 0 1 0
 1 0 0 1 0 1 0 0 0 0 1 -73.24555320336759 1 0.08333333333333333
0 0 1 0 0 1 0 1 0 0 1 0 1 0 0 1 1 0 0 0 0 1 0 0 0 0 1 0 0 0 0 1 1 0 0 0 0
 1 0 0 0 0 1 0 0 0 0 1 -78.92099788303084 1 0.10416666666666667
1 0 0 0 0 1 0 1 0 0 1 0 0 0 0 1 0 0 0 1 0 1 0 0 0 0 1 0 1 0 0 0 1 0 0 0 0
 1 0 0 0 0 1 0 1 0 0 1 -74.92099788303084 1 0.020833333333333332
1 0 0 0 0 1 0 1 0 0 1 0 1 0 0 0 0 0 0 1 0 1 0 0 0 0 1 0 1 0 0 0 0 0 0 1 0
 1 0 0 0 0 1 0 1 0 0 0 -77.75872022286245 1 0.020833333333333332
1 0 0 0 0 1 0 0 0 0 1 0 0 0 0 1 1 0 0 1 0 1 0 0 0 0 1 0 1 0 0 1 0 0 0 1 0
 1 0 0 1 0 1 0 0 0 0 1 -74.08327554319922 1 0.0625
1 0 0 0 0 1 0 0 1 0 1 0 0 0 0 1 1 0 0 0 0 1 0 0 0 0 1 0 0 0 0 1 1 0 0 1 0
 1 0 0 0 0 1 0 0 1 0 1 -78.08327554319919 1 0.0625
0 0 0 0 0 1 0 1 0 0 1 0 1 0 0 0 1 0 0 0 0 1 0 0 0 0 1 0 1 0 0 0 1 0 0 0 0
 1 0 0 0 0 1 0 0 0 0 1 -74.59644256269407 1 0.041666666666666664
0 1 0 0 0 0 0 1 0 0 1 0 1 0 0 0 0 1 0 0 0 0 0 0 0 0 1 0 1 0 0 1 0 1 0 0 0
 0 0 1 0 0 1 0 1 0 0 1 -70.75872022286245 1 0.041666666666666664
1 0 0 0 0 1 0 1 0 0 1 0 0 0 1 0 1 0 0 0 0 1 0 0 0 0 1 0 0 0 0 1 1 0 0 0 0
 1 0 1 0 0 1 0 0 0 0 1 -80.92099788303084 1 0.041666666666666664
1 0 0 0 0 0 1 1 0 0 1 0 0 1 0 0 1 0 0 0 0 1 0 0 0 0 1 0 0 0 0 1 1 0 0 0 0
 1 0 0 0 0 1 0 0 0 0 1 -79.75872022286245 1 0.041666666666666664
0 0 0 1 0 1 0 0 0 0 1 0 1 0 0 0 1 0 0 1 1 1 0 0 0 0 1 0 0 0 0 1 0 0 0 1 0
 1 0 0 0 0 1 0 1 0 0 1 -70.08327554319922 1 0.041666666666666664
1 0 0 0 0 1 0 1 0 0 1 0 0 0 0 1 1 0 0 0 0 0 1 0 0 1 0 0 0 0 0 1 1 0 0 0 0
 1 0 0 0 0 1 0 0 0 0 1 -79.75872022286245 1 0.041666666666666664
0 0 0 0 0 1 0 1 0 0 1 0 1 0 0 0 0 0 0 1 0 1 0 0 0 0 1 0 1 0 0 0 0 0 0 1 0
 1 0 0 0 0 1 0 1 0 0 1 -72.75872022286245 1 0.020833333333333332
0 0 1 0 0 1 0 1 0 0 1 0 1 0 0 0 0 0 0 1 0 1 0 0 0 0 1 0 1 0 0 0 0 0 0 1 0
 1 0 0 0 0 1 0 1 0 0 0 -75.75872022286245 1 0.041666666666666664
1 0 0 0 0 1 0 0 0 0 1 0 0 0 0 1 0 1 0 0 0 1 0 1 1 0 1 0 0 0 0 1 0 0 0 1 0
 1 0 0 0 0 1 0 0 0 0 1 -69.92099788303082 1 0.020833333333333332
1 0 0 0 0 1 0 1 0 0 1 0 1 0 0 0 1 0 0 0 0 1 0 0 0 0 1 0 1 0 0 0 1 0 0 0 0
 1 0 0 0 0 1 0 0 0 0 1 -78.75872022286245 1 0.020833333333333332
1 1 0 0 0 0 0 0 0 0 1 0 0 0 0 1 1 0 1 0 0 1 0 0 0 0 1 0 0 0 0 1 0 0 0 1 0
 1 0 0 0 0 1 0 0 0 0 1 -69.75872022286245 1 0.041666666666666664
0 1 0 0 0 0 0 1 0 0 1 0 1 0 0 1 0 1 0 0 0 1 0 0 0 0 1 0 1 0 0 1 1 0 0 0 0
 1 0 0 0 0 1 0 0 0 0 1 -72.92099788303084 1 0.0625
1 0 0 0 0 1 0 1 0 0 1 0 1 0 0 1 1 0 0 0 0 1 0 0 0 0 1 0 0 0 0 1 1 0 0 0 0
 1 0 0 0 0 1 0 0 0 0 1 -84.92099788303084 1 0.0625
0 1 0 0 0 1 0 1 0 0 1 0 1 0 0 1 0 1 0 0 0 1 0 0 0 0 1 0 1 0 0 1 0 1 0 0 0
 1 0 0 0 0 1 0 1 0 0 1 -71.24555320336759 1 0.0625
1 0 0 0 0 1 0 1 0 0 1 0 0 1 0 0 1 0 0 0 0 1 0 0 0 0 1 0 0 1 0 1 0 0 0 1 0
 1 0 0 0 0 1 0 0 0 0 1 -69.92099788303082 1 0.08333333333333333
0 1 0 0 0 0 0 1 0 0 1 0 1 0 0 0 0 1 0 0 0 0 0 1 0 0 1 0 1 0 0 0 1 1 0 0 0
 0 0 1 0 0 1 0 1 1 0 0 -68.92099788303082 1 0.041666666666666664
0 1 0 0 0 0 0 1 0 0 1 0 1 0 0 0 0 1 0 0 0 0 0 0 0 0 1 0 1 0 0 1 0 1 0 0 0
 0 0 1 0 0 1 0 1 0 0 1 -70.75872022286245 1 0.08333333333333333
1 0 0 1 0 1 0 0 0 0 1 0 0 0 0 0 0 0 0 1 0 1 0 0 0 0 1 0 1 0 0 0 0 0 0 1 0
 1 0 0 0 0 1 0 1 0 0 0 -79.59644256269407 1 0.08333333333333333
0 0 0 1 0 1 0 0 0 0 1 0 1 0 0 0 0 1 0 0 0 1 0 0 0 0 1 0 1 0 0 1 1 0 0 1 0
 1 0 0 0 0 1 0 1 0 0 0 -72.92099788303084 1 0.020833333333333332
1 0 0 0 0 1 0 1 0 0 1 0 0 0 0 1 1 0 0 0 1 0 0 0 0 0 1 0 0 1 0 1 1 0 0 0 0
 1 0 0 0 0 1 0 0 0 0 1 -78.92099788303084 1 0.020833333333333332
0 1 0 0 0 0 0 1 0 0 1 0 0 0 0 1 0 1 0 0 1 0 0 0 0 0 1 0 0 0 0 1 0 1 0 0 1
 0 0 0 0 0 1 0 0 0 0 1 -77.59644256269407 1 0.041666666666666664
0 0 0 0 0 1 0 1 0 0 1 0 1 0 0 1 0 0 0 0 0 1 0 0 0 0 1 0 1 0 0 1 1 0 0 0 0
 1 0 0 0 0 1 0 0 0 0 1 -73.75872022286245 1 0.10416666666666667
1 0 0 0 0 1 0 1 0 0 1 0 0 0 1 0 0 0 0 1 0 1 0 0 0 0 1 0 1 0 0 0 0 0 0 1 0
 1 0 0 0 0 1 0 1 0 0 0 -73.75872022286245 1 0.08333333333333333
0 1 0 0 0 0 0 1 0 0 1 0 1 0 0 1 0 1 0 0 0 0 0 0 0 0 1 0 1 0 0 1 0 1 0 0 0
 1 0 0 0 0 1 0 1 0 0 1 -69.92099788303084 1 0.10416666666666667
1 0 0 0 0 1 0 0 0 0 1 1 1 0 0 0 0 0 0 1 0 1 0 0 0 0 1 0 1 0 0 0 0 0 0 1 0
 1 0 0 0 0 1 0 1 0 0 0 -77.75872022286245 1 0.0625
1 0 0 0 0 0 1 0 0 0 1 0 0 0 0 1 1 0 0 0 0 1 0 0 0 0 1 0 0 0 0 1 0 1 0 0 1
 0 0 0 0 0 1 0 0 0 0 1 -77.59644256269408 1 0.020833333333333332
0 1 0 0 0 0 0 1 0 0 1 0 1 0 0 0 0 1 0 0 0 0 0 0 0 0 1 0 1 0 0 1 0 1 0 0 0
 1 0 0 0 0 1 0 1 0 0 0 -68.59644256269407 1 0.0625
1 0 0 0 0 1 0 1 0 0 1 0 0 0 0 1 1 0 0 0 0 1 0 0 0 0 1 0 0 0 0 1 1 0 0 0 0
 1 0 0 1 0 1 0 0 0 0 1 -84.92099788303084 1 0.041666666666666664
0 1 0 0 0 0 0 1 0 0 1 0 1 0 0 0 0 1 0 0 0 0 0 1 0 0 1 0 1 0 0 0 1 1 0 0 0
 0 0 1 0 0 1 0 1 1 0 0 -68.92099788303082 1 0.041666666666666664
1 0 0 0 0 1 1 0 0 0 0 0 0 0 0 1 1 0 0 0 0 1 1 0 0 1 0 0 0 0 0 1 1 0 0 0 0
 1 0 0 0 0 1 0 0 0 0 1 -78.75872022286245 1 0.0625
1 0 1 0 0 1 0 0 1 0 1 0 0 1 0 1 1 0 0 0 0 1 0 0 0 0 1 0 0 0 0 1 0 0 0 1 0
 1 0 0 0 0 1 0 0 0 0 1 -67.08327554319919 1 0.041666666666666664
0 1 0 0 0 1 0 1 0 0 1 0 1 0 0 1 0 1 0 0 0 1 0 0 0 0 1 0 1 0 0 1 0 1 0 0 0
 1 0 0 0 0 1 0 1 0 0 1 -71.24555320336758 1 0.0625
0 0 0 0 0 1 0 1 0 0 1 0 1 0 0 0 0 0 0 1 0 1 0 0 0 0 1 0 1 0 0 0 0 0 0 1 0
 1 0 0 0 0 1 0 1 0 0 0 -77.59644256269407 1 0.0625
0 0 0 0 0 1 0 1 0 0 1 0 1 0 0 1 1 0 0 1 0 1 0 0 0 0 1 0 0 0 0 1 1 0 0 0 0
 1 0 0 0 0 1 0 0 0 0 1 -73.92099788303084 1 0.125
0 0 1 0 0 1 0 0 0 0 1 0 1 0 0 0 0 1 0 1 0 1 0 0 0 0 1 0 1 0 0 0 0 0 0 1 0
 1 0 0 0 0 1 0 1 0 0 0 -70.75872022286245 1 0.08333333333333333
1 0 0 0 0 1 0 0 0 0 0 1 0 0 1 0 1 0 0 0 0 1 0 0 0 0 1 0 1 0 0 1 1 0 0 0 0
 1 0 0 0 0 1 0 1 0 0 1 -74.92099788303084 1 0.020833333333333332
1 0 0 0 0 1 0 0 0 0 1 0 0 0 0 1 0 0 0 1 0 1 0 0 0 0 1 0 1 0 0 0 0 0 0 1 0
 1 0 0 0 0 1 0 1 0 0 1 -79.75872022286245 1 0.0625
1 0 0 0 0 0 1 0 0 1 1 0 0 0 0 1 1 0 0 0 0 0 1 0 0 1 0 0 0 0 0 1 1 0 0 0 0
 1 1 0 1 0 0 0 0 0 0 1 -72.92099788303084 1 0.020833333333333332
1 1 0 0 0 0 1 0 0 0 1 0 0 0 0 1 1 0 0 0 0 0 1 0 0 1 0 0 0 0 0 1 1 0 0 0 0
 1 0 0 0 0 1 0 0 0 0 1 -77.75872022286245 1 0.041666666666666664
0 1 0 0 0 0 0 1 0 0 1 0 1 0 0 1 0 1 0 0 0 0 0 0 0 0 1 0 0 0 0 1 0 1 0 0 0
 1 0 0 0 0 1 0 0 0 0 1 -67.59644256269408 1 0.08333333333333333
1 0 0 0 0 0 0 1 0 0 1 0 0 1 0 0 1 0 0 0 0 0 0 1 0 0 1 0 0 1 0 0 0 0 0 0 0
 0 0 1 0 0 1 0 0 1 1 0 -70.59644256269407 1 0.10416666666666667
0 1 0 0 0 0 0 1 0 0 1 0 1 0 0 1 0 1 0 0 0 0 0 0 0 0 1 0 1 0 0 1 0 1 0 0 0
 1 0 0 1 0 1 0 0 0 0 1 -65.92099788303084 1 0.0625
0 1 0 0 0 0 0 1 0 0 1 0 1 0 0 1 0 1 0 0 0 0 1 0 0 0 1 0 1 0 0 1 0 1 0 0 0
 1 0 0 0 0 1 0 1 0 0 1 -68.0832755431992 1 0.0625
1 0 0 0 0 1 0 1 0 0 1 0 0 0 0 1 1 1 0 1 0 1 0 0 0 0 1 0 1 0 0 1 0 0 0 1 0
 1 0 0 0 0 1 0 0 0 0 1 -57.2455532033676 1 0.0625
0 1 0 0 0 0 0 1 0 0 1 0 1 0 0 0 0 1 0 0 0 0 0 1 0 0 1 0 1 0 0 0 1 0 0 0 0
 0 0 1 0 0 1 0 0 1 1 0 -67.75872022286245 1 0.0625
0 0 0 0 0 1 0 0 0 0 1 0 1 0 0 0 0 0 0 1 0 1 0 0 0 0 1 0 1 0 0 0 0 0 0 0 0
 1 0 0 0 0 1 0 1 0 0 1 -74.4341649025257 1 0.0625
0 0 0 1 0 1 1 0 0 0 1 0 1 0 0 0 0 0 0 1 0 1 0 0 0 0 1 0 1 0 0 0 0 0 0 1 0
 1 0 0 0 0 1 0 1 0 0 0 -79.75872022286245 1 0.10416666666666667
0 0 0 0 0 1 0 1 0 0 1 0 1 0 0 0 0 0 0 1 0 1 0 0 0 0 1 0 1 0 0 0 0 0 0 1 0
 1 0 1 0 0 1 0 1 0 0 0 -72.75872022286245 1 0.08333333333333333
0 0 0 0 0 0 0 1 0 0 1 0 1 0 0 1 1 0 0 1 0 1 0 0 0 0 1 0 0 0 0 1 0 0 0 1 0
 1 0 0 0 0 1 0 0 0 0 1 -62.75872022286246 1 0.125
0 1 0 0 0 0 0 1 0 0 1 0 1 0 0 1 1 0 0 0 0 1 0 0 0 0 1 0 1 0 0 1 1 0 0 0 0
 1 0 0 0 0 1 0 0 0 0 1 -74.92099788303084 1 0.10416666666666667
0 0 0 0 0 1 0 1 0 0 1 0 1 0 0 0 0 0 0 1 0 1 0 0 0 0 1 0 1 0 0 0 0 0 0 1 0
 1 0 0 0 0 1 0 1 0 0 0 -77.59644256269407 1 0.08333333333333333
1 0 0 0 0 1 0 0 0 0 1 0 0 0 0 1 0 0 1 0 0 1 0 0 0 0 1 1 1 0 0 1 1 0 0 0 0
 1 0 0 0 0 1 0 0 0 0 1 -78.92099788303084 1 0.0625
0 0 0 0 0 1 1 0 0 0 1 0 1 0 0 1 1 0 0 0 0 1 0 0 0 0 1 0 0 0 0 1 0 0 0 1 0
 1 0 0 0 0 1 0 0 0 0 0 -67.59644256269408 1 0.08333333333333333
0 0 1 0 0 1 0 0 0 0 0 1 1 0 0 0 0 0 0 1 0 1 0 0 0 0 1 1 1 0 0 0 0 0 0 1 0
 1 0 0 0 0 1 0 1 0 0 0 -71.75872022286245 1 0.020833333333333332
0 1 0 0 0 0 0 1 0 0 1 0 1 0 0 1 0 1 0 0 1 0 0 0 0 0 1 0 1 0 0 1 0 1 0 0 0
 1 0 0 0 0 1 0 1 0 0 1 -68.0832755431992 1 0.041666666666666664
0 1 0 0 0 0 0 1 0 0 1 0 1 0 0 1 0 1 0 0 0 1 0 0 0 0 1 0 1 0 0 1 1 0 0 0 0
 1 0 0 0 0 1 0 1 0 0 1 -70.0832755431992 1 0.08333333333333333
1 0 0 0 0 1 0 0 0 0 1 1 1 0 0 0 0 0 0 1 0 1 0 0 0 0 1 0 1 0 0 0 1 0 0 0 0
 1 0 0 0 0 1 0 0 0 0 1 -77.75872022286245 1 0.08333333333333333
1 0 0 0 0 1 0 1 0 0 1 0 1 0 0 0 1 0 0 0 0 1 0 0 0 0 1 0 1 0 0 0 1 0 0 0 0
 1 0 0 1 0 1 0 0 0 0 1 -71.92099788303082 1 0.020833333333333332
1 0 0 0 0 1 0 0 0 0 1 1 1 0 0 0 1 0 0 0 0 1 0 0 0 0 1 1 1 0 0 0 1 0 0 0 0
 1 0 0 0 0 1 0 1 0 0 1 -76.0832755431992 1 0.020833333333333332
0 1 0 0 0 0 0 1 0 0 1 0 1 0 0 0 0 1 0 0 0 0 0 1 0 0 1 0 1 0 0 0 1 1 0 0 0
 0 0 1 0 0 1 0 1 0 0 0 -75.75872022286245 1 0.020833333333333332
0 1 0 0 0 0 0 1 0 0 1 0 1 0 0 1 0 0 0 0 0 1 0 0 0 0 1 0 1 0 0 1 0 0 0 0 0
 1 0 0 0 0 1 0 0 0 0 1 -67.59644256269408 1 0.125
0 0 0 0 0 1 0 1 0 0 1 0 1 0 0 1 0 0 0 1 0 1 0 0 0 0 1 0 1 0 0 0 0 0 0 1 0
 1 0 0 0 0 1 0 1 0 0 0 -72.75872022286245 1 0.10416666666666667
0 0 1 0 0 1 0 1 0 0 1 0 1 0 0 0 1 0 0 0 0 1 0 0 0 0 1 0 0 0 0 1 0 0 0 1 0
 1 0 0 0 0 1 0 1 0 0 1 -70.92099788303082 1 0.041666666666666664
0 1 0 0 0 1 0 1 0 0 1 0 1 0 0 1 0 0 0 1 0 1 0 0 0 0 1 0 1 0 0 0 0 0 0 1 0
 1 0 1 0 0 1 0 1 0 0 0 -66.0832755431992 1 0.041666666666666664
1 0 0 0 0 0 0 1 0 1 1 0 0 0 0 1 1 0 0 0 0 1 0 0 0 0 1 0 0 0 0 1 1 0 0 0 0
 0 1 0 0 1 0 0 0 0 0 1 -77.75872022286245 1 0.020833333333333332
0 1 0 0 0 0 0 1 0 0 1 0 1 0 0 1 0 0 1 0 0 1 0 0 0 0 1 0 1 0 0 1 1 0 0 0 0
 1 0 0 0 0 1 0 1 0 0 1 -68.08327554319922 1 0.0625
0 0 1 0 0 1 0 1 0 0 1 0 1 0 0 0 0 0 0 1 0 1 0 0 0 0 1 0 1 0 0 0 1 0 0 1 0
 1 0 0 0 0 1 0 1 0 0 0 -70.92099788303084 1 0.041666666666666664
0 1 0 0 0 0 0 1 0 0 1 0 1 0 0 1 0 1 0 0 1 0 0 0 0 0 1 0 0 0 0 1 0 1 0 0 0
 0 0 1 1 0 1 0 0 0 0 1 -68.92099788303082 1 0.0625
0 0 1 0 0 1 0 1 0 0 1 0 1 0 0 0 0 0 0 1 0 1 0 0 0 0 1 0 1 0 0 0 0 0 0 1 0
 1 0 0 0 0 1 0 1 0 0 0 -75.75872022286245 1 0.0625
0 1 0 0 0 0 0 1 0 0 1 0 1 0 0 1 0 1 0 0 0 0 0 0 0 0 1 0 1 0 0 1 0 1 0 0 0
 0 0 1 1 0 1 0 0 0 0 1 -65.92099788303082 1 0.08333333333333333
1 0 0 0 0 0 1 0 0 1 0 0 0 0 0 1 1 0 0 0 1 1 0 0 0 0 1 0 0 0 0 1 0 0 0 1 0
 1 0 0 0 0 1 0 0 0 0 1 -68.75872022286245 1 0.041666666666666664
1 0 0 0 0 1 0 1 0 0 1 0 1 0 0 0 1 0 0 0 0 1 0 1 0 0 1 0 1 0 0 0 0 0 0 1 0
 1 0 0 0 0 1 0 0 0 0 1 -67.92099788303084 1 0.041666666666666664
1 0 0 0 0 1 0 1 0 0 1 0 0 0 0 1 1 0 0 0 0 1 0 0 0 0 1 0 0 1 0 1 1 0 0 0 0
 1 0 1 0 0 1 0 0 0 0 1 -80.0832755431992 1 0.08333333333333333
0 1 0 0 0 0 1 0 0 0 1 0 1 0 0 1 1 0 0 1 0 1 0 0 0 0 1 0 0 0 0 1 1 0 0 1 0
 1 0 0 0 0 1 0 0 0 0 1 -68.08327554319922 1 0.0625
0 0 1 0 0 1 0 0 0 0 1 0 1 0 0 1 0 0 1 0 0 1 0 0 1 0 1 0 0 0 0 1 0 1 0 0 0
 1 0 0 0 0 1 0 1 0 0 1 -70.0832755431992 1 0.041666666666666664
0 0 0 0 0 1 0 1 0 0 1 0 1 0 0 0 0 0 0 1 0 1 0 0 0 0 1 0 1 0 0 0 0 0 0 1 0
 1 0 0 0 0 1 0 0 0 0 1 -70.59644256269407 1 0.08333333333333333
1 0 0 0 0 0 0 1 0 0 1 0 1 1 0 0 1 0 0 0 0 1 0 1 0 0 1 0 0 1 0 0 1 0 0 0 0
 0 0 1 0 0 1 0 1 1 0 0 -70.0832755431992 1 0.0625
0 1 0 0 0 1 0 0 0 0 1 0 1 0 0 1 0 1 0 0 0 1 0 0 0 0 1 0 1 0 0 1 0 0 0 1 0
 1 0 0 0 0 1 0 1 0 0 1 -74.0832755431992 1 0.041666666666666664
1 0 0 0 0 1 0 0 0 0 0 1 0 0 1 0 1 0 0 0 0 1 0 0 0 0 1 0 1 0 0 1 1 0 0 0 0
 1 0 0 0 0 1 0 0 0 0 1 -79.75872022286245 1 0.08333333333333333
0 0 1 0 0 1 0 1 0 0 1 0 1 0 0 1 0 0 1 0 0 1 0 0 0 0 1 0 1 0 0 1 0 0 0 1 0
 1 0 0 0 0 1 0 1 0 0 1 -67.24555320336759 1 0.041666666666666664
0 0 1 0 0 1 0 1 0 0 1 0 1 0 0 1 0 0 1 0 0 1 0 0 0 0 1 0 1 0 0 1 0 0 0 1 0
 1 0 0 0 0 1 0 0 0 0 1 -65.0832755431992 1 0.08333333333333333
1 0 1 0 0 1 0 0 0 0 0 0 0 0 0 1 0 0 1 0 0 1 0 0 0 0 0 1 1 0 0 0 0 0 1 0 0
 1 0 0 1 0 0 0 0 0 0 1 -71.59644256269407 1 0.041666666666666664
1 0 0 0 0 0 0 1 0 0 1 0 1 0 0 0 0 0 0 1 0 1 0 0 0 0 1 0 1 0 0 0 1 0 0 0 0
 1 0 0 0 0 1 0 1 0 0 0 -70.59644256269408 1 0.041666666666666664
0 1 0 0 1 0 0 0 0 0 1 0 0 0 0 1 0 1 0 0 1 0 0 0 0 0 1 0 0 0 0 1 1 1 0 0 0
 0 0 1 0 0 1 0 0 0 0 1 -77.75872022286245 1 0.041666666666666664
0 1 0 0 0 1 0 1 0 0 1 0 1 0 0 0 0 0 0 1 0 1 0 0 0 0 1 0 1 0 0 0 0 0 0 1 0
 1 0 0 0 0 1 0 1 0 0 0 -75.75872022286245 1 0.14583333333333334
1 0 0 0 0 1 0 1 0 0 1 0 1 0 0 1 1 0 0 1 0 1 0 0 0 0 1 0 0 0 0 1 0 0 0 0 0
 1 0 0 0 1 1 0 0 0 0 1 -62.083275543199214 1 0.10416666666666667
0 1 0 0 0 0 0 1 0 0 1 0 1 0 0 1 0 1 0 0 1 0 0 0 0 0 1 0 0 0 0 1 1 1 0 0 0
 0 0 0 0 0 1 0 0 0 0 1 -70.75872022286245 1 0.08333333333333333
0 1 0 0 0 0 0 1 0 0 1 0 1 0 0 0 1 1 0 0 0 0 1 0 0 0 1 0 0 0 0 1 1 0 0 0 0
 1 0 0 0 0 1 0 0 0 0 1 -71.75872022286245 1 0.08333333333333333
0 0 1 0 0 1 0 0 1 1 0 0 0 0 0 1 0 0 1 0 0 1 0 0 1 0 0 0 0 0 0 1 0 0 1 0 0
 1 0 0 1 0 0 0 0 0 0 1 -79.75872022286245 1 0.0625
1 0 1 0 0 1 0 0 0 0 0 0 0 0 0 1 1 0 0 0 0 1 0 0 0 0 1 0 0 0 0 1 0 1 0 0 0
 1 0 0 1 0 0 0 0 0 0 1 -72.59644256269408 1 0.041666666666666664
1 0 0 0 0 1 0 0 0 0 1 0 0 0 0 1 0 1 0 0 0 0 1 0 0 0 1 0 0 0 0 1 0 0 0 1 0
 1 0 0 0 0 1 0 1 0 0 1 -70.75872022286245 1 0.020833333333333332
0 0 1 0 0 1 0 0 0 0 0 0 0 0 0 1 0 0 1 0 0 1 0 0 0 0 0 0 1 0 0 1 1 0 1 0 0
 1 0 0 1 0 0 0 0 0 0 1 -67.59644256269407 1 0.020833333333333332
1 0 0 0 0 1 0 1 0 0 1 0 1 0 0 1 1 1 0 0 0 1 0 0 0 0 1 0 1 0 0 1 1 0 0 0 0
 1 0 0 0 0 1 0 1 0 0 0 -66.24555320336758 1 0.0625
0 0 0 0 0 1 0 1 0 0 1 0 1 0 0 0 0 1 0 0 0 1 0 0 0 0 1 0 1 0 0 1 0 0 0 1 0
 1 0 0 0 0 1 0 0 0 0 1 -65.75872022286245 1 0.08333333333333333
0 1 0 0 0 0 0 1 0 0 1 0 1 0 0 0 0 1 0 0 0 0 0 1 0 0 1 0 1 0 0 0 0 0 0 1 0
 1 0 0 0 0 1 0 0 0 0 1 -67.59644256269407 1 0.10416666666666667
0 1 0 0 0 0 0 1 0 0 1 0 1 0 0 0 0 1 0 0 0 0 0 0 0 0 1 0 1 0 0 0 0 0 0 0 0
 1 0 0 0 0 1 0 1 0 0 0 -66.27188724235731 1 0.0625
1 0 0 0 0 1 0 1 0 0 1 0 0 0 0 1 1 0 0 0 0 1 0 0 0 0 1 0 1 0 0 1 0 0 0 1 0
 1 0 0 0 0 1 0 1 0 0 1 -74.08327554319922 1 0.08333333333333333
0 0 0 0 0 1 0 1 0 0 1 0 1 0 0 0 0 1 0 0 0 0 0 0 0 0 1 0 1 0 0 1 0 0 0 1 0
 1 0 0 0 0 1 0 1 0 0 0 -66.59644256269407 1 0.08333333333333333
0 1 0 0 0 1 1 0 0 0 1 0 1 0 0 1 0 1 0 0 0 1 0 0 0 0 1 0 1 0 0 1 0 1 0 0 0
 1 0 0 0 0 1 0 1 0 0 1 -71.24555320336759 1 0.0625
1 0 0 0 0 1 0 1 1 0 1 0 0 1 0 0 1 0 0 0 0 1 0 0 0 0 1 0 0 1 0 1 1 0 0 0 0
 1 0 1 0 0 1 0 0 0 0 1 -69.24555320336759 1 0.020833333333333332
0 0 0 1 0 1 0 0 0 0 1 0 1 0 0 0 0 0 0 1 0 1 0 0 0 0 1 1 1 0 0 0 0 0 0 1 0
 1 0 0 0 0 1 0 0 0 0 1 -72.75872022286245 1 0.125
1 1 0 0 0 0 0 1 0 0 1 0 1 0 0 0 0 1 0 0 0 0 0 1 0 0 1 0 1 0 0 0 0 1 0 0 0
 1 0 0 0 0 1 0 1 0 0 1 -68.92099788303084 1 0.020833333333333332
0 0 0 0 0 0 0 1 0 0 1 0 1 0 0 1 0 1 0 0 0 0 0 0 0 0 1 0 1 0 0 1 0 1 0 0 0
 1 0 0 0 0 1 0 1 0 0 1 -62.75872022286246 1 0.0625
1 0 0 0 0 1 0 1 0 0 1 0 0 0 0 1 1 1 0 0 0 0 0 0 0 0 1 0 1 0 0 1 1 0 0 0 0
 1 0 0 0 0 1 0 0 0 0 1 -73.92099788303084 1 0.041666666666666664
0 0 0 1 0 1 0 0 0 0 0 0 1 0 1 0 0 0 0 1 0 1 0 0 0 0 1 0 1 0 1 0 0 0 0 1 0
 1 0 0 0 0 1 0 1 0 0 1 -65.92099788303084 1 0.0625
0 1 0 0 0 0 0 1 0 0 1 0 1 0 0 0 0 1 0 0 0 0 0 0 0 0 1 0 1 0 0 1 0 1 0 0 0
 0 0 1 0 0 1 0 1 0 0 1 -70.75872022286245 1 0.0625
1 1 0 0 0 1 0 0 0 0 1 0 0 0 0 1 0 0 1 0 0 1 0 0 0 0 1 0 1 0 0 1 0 0 0 1 0
 1 0 0 0 0 1 0 0 0 0 1 -69.92099788303084 1 0.08333333333333333
0 0 1 0 0 1 0 1 0 0 1 0 1 0 0 1 0 0 1 0 0 1 0 0 0 0 1 0 1 0 0 1 0 0 0 1 0
 1 0 0 0 0 1 0 1 0 0 1 -67.24555320336759 1 0.0625
1 0 0 0 0 1 0 1 0 0 1 0 0 0 0 0 0 1 0 0 0 0 0 1 0 0 1 0 1 0 0 0 0 1 0 0 0
 0 0 1 0 0 1 0 1 1 0 0 -64.75872022286245 1 0.0625
0 1 0 0 0 0 0 1 0 0 1 0 1 0 0 1 0 0 1 0 0 0 0 1 0 1 1 0 1 0 0 0 0 1 0 0 0
 0 0 1 0 0 1 0 1 0 0 0 -64.92099788303084 1 0.0625
1 0 0 0 0 1 0 1 0 0 1 0 0 1 0 0 1 0 0 1 0 1 0 0 0 0 1 0 0 0 0 1 0 0 0 1 0
 1 0 0 0 0 1 0 0 1 0 1 -65.0832755431992 1 0.08333333333333333
0 1 0 0 0 0 0 1 0 0 1 0 1 0 0 0 0 1 0 0 0 0 0 1 0 0 1 0 1 0 0 1 0 1 0 0 0
 0 0 1 0 0 1 0 1 1 0 0 -68.92099788303082 1 0.125
0 0 1 0 0 1 0 1 0 0 1 0 1 0 0 0 0 0 0 1 0 1 0 0 0 0 1 0 1 0 0 0 0 0 0 1 0
 1 0 0 0 0 1 0 1 0 0 0 -75.75872022286245 1 0.10416666666666667
0 1 0 0 0 0 0 1 0 0 1 0 1 0 0 0 1 1 0 0 0 0 1 0 0 0 1 0 0 0 0 1 1 0 0 0 0
 1 0 0 0 0 1 0 0 0 0 1 -71.75872022286245 1 0.10416666666666667
0 1 0 0 0 0 0 1 0 0 1 0 1 0 0 1 0 1 0 0 0 0 0 1 0 0 1 0 1 0 0 0 1 1 0 0 0
 0 0 1 0 0 1 0 0 0 0 1 -70.92099788303082 1 0.08333333333333333
1 0 0 1 0 1 0 0 0 0 1 0 1 0 0 0 0 0 0 1 0 1 0 0 0 0 1 0 1 0 0 0 0 0 0 1 0
 1 0 0 0 0 1 0 1 0 0 0 -81.75872022286245 1 0.0625
0 0 0 0 0 1 0 1 0 0 1 0 1 0 0 0 0 0 0 0 0 1 0 0 0 0 1 0 1 0 0 1 1 0 0 1 0
 1 0 0 0 0 1 0 1 0 0 1 -64.92099788303084 1 0.041666666666666664
0 1 0 0 0 0 0 1 0 0 1 0 1 0 0 1 1 0 0 0 0 0 0 0 0 0 1 0 0 1 0 1 1 1 0 0 0
 0 0 1 0 0 1 0 0 0 0 1 -65.92099788303084 1 0.10416666666666667
0 1 0 0 0 0 0 1 0 0 1 0 1 0 0 0 0 1 0 0 0 0 0 1 0 0 1 0 1 0 0 0 0 1 0 0 0
 1 0 0 0 0 1 0 1 0 0 1 -73.75872022286245 1 0.0625
0 0 1 0 0 1 0 0 0 0 1 0 1 0 0 1 0 0 0 1 0 1 0 0 1 0 1 0 0 0 0 1 0 0 0 1 0
 1 0 0 0 0 1 0 0 0 0 1 -69.92099788303084 1 0.125
1 1 0 0 0 0 1 1 0 0 1 0 0 0 0 1 1 0 0 0 0 1 0 0 0 0 1 0 0 0 0 1 0 0 0 1 0
 1 0 0 0 0 1 0 0 0 0 1 -67.92099788303084 1 0.08333333333333333
0 0 0 0 0 1 0 0 0 0 1 0 1 0 0 1 0 0 0 1 0 1 0 0 0 0 1 0 0 0 0 1 0 0 0 1 0
 1 0 0 1 0 1 0 0 0 0 1 -71.75872022286245 1 0.10416666666666667
0 1 0 0 0 0 0 1 0 0 1 0 1 0 0 1 0 1 0 0 0 0 0 1 0 0 1 0 1 0 0 0 0 1 0 0 0
 1 0 0 0 0 1 0 1 0 0 1 -70.92099788303084 1 0.10416666666666667
1 0 0 0 0 1 0 1 0 0 1 0 1 0 0 0 0 0 0 1 0 1 0 0 0 0 1 1 1 0 0 0 0 0 0 1 0
 1 0 0 0 0 1 0 1 0 0 0 -70.92099788303082 1 0.041666666666666664
1 0 0 0 0 1 0 1 0 0 1 0 1 0 0 0 1 0 0 0 0 1 0 0 0 0 1 0 1 0 0 1 0 0 0 1 0
 1 0 0 0 0 1 0 1 0 0 1 -72.08327554319919 1 0.0625
0 1 0 0 0 0 0 1 0 0 1 0 1 0 0 1 0 1 0 0 0 0 0 1 1 0 1 0 0 0 0 1 0 1 0 0 0
 0 0 0 0 0 1 0 0 0 0 1 -65.75872022286245 1 0.08333333333333333
1 0 0 0 0 1 0 1 0 0 1 0 1 0 0 0 0 0 0 1 0 1 0 0 0 0 1 0 1 0 0 0 1 0 0 1 0
 1 0 0 0 0 1 0 1 0 0 0 -74.92099788303084 1 0.10416666666666667
0 1 0 0 0 0 0 1 0 0 1 0 1 0 0 1 1 0 0 0 0 0 1 0 0 1 1 0 0 0 0 1 1 0 0 0 0
 1 0 0 0 0 1 0 1 0 0 1 -64.0832755431992 1 0.08333333333333333
1 0 0 0 0 1 0 1 0 0 1 0 1 0 0 1 1 0 0 0 0 1 0 0 0 0 1 0 0 0 0 1 0 0 0 1 0
 1 0 0 0 0 1 0 0 0 0 1 -73.92099788303084 1 0.10416666666666667
0 1 0 0 0 0 0 1 0 0 1 0 1 0 0 0 1 1 0 0 0 0 0 1 0 0 1 0 1 0 0 0 1 1 0 0 0
 0 0 1 0 0 1 0 1 1 0 0 -66.0832755431992 1 0.10416666666666667
0 1 0 0 0 1 0 1 0 0 1 0 1 0 0 0 1 0 0 0 0 1 0 0 0 0 1 1 0 0 0 1 1 0 0 0 0
 1 0 0 0 0 1 0 0 0 0 1 -72.92099788303084 1 0.0625
0 0 1 0 0 1 0 1 1 0 0 0 1 0 0 1 0 0 1 0 0 1 0 1 1 0 0 0 0 0 1 1 0 0 1 0 0
 1 0 0 1 0 0 0 0 0 0 1 -61.2455532033676 1 0.0625
1 0 0 0 0 1 1 0 0 0 1 0 0 1 0 0 1 0 0 0 0 1 0 0 0 0 1 0 0 1 0 1 1 0 0 0 0
 1 0 0 1 0 1 0 0 0 0 1 -69.0832755431992 1 0.020833333333333332
0 1 0 0 0 0 0 1 0 0 1 0 1 0 0 0 0 1 0 0 0 0 0 1 0 0 1 0 1 0 0 0 0 1 0 0 0
 0 0 1 0 0 1 1 1 0 0 0 -73.75872022286245 1 0.0625
0 0 0 0 1 1 0 0 0 0 1 0 0 0 0 1 0 0 0 1 0 1 0 0 0 0 1 0 1 0 0 1 0 0 0 1 0
 1 0 0 0 0 1 0 1 0 0 0 -72.75872022286245 1 0.0625
0 1 0 0 0 0 0 1 0 0 1 0 1 0 0 1 0 1 0 0 0 1 0 0 0 0 1 0 1 0 0 1 1 0 0 1 0
 1 0 0 0 0 1 0 1 0 0 1 -63.2455532033676 1 0.08333333333333333
0 1 1 0 0 0 0 1 0 0 1 0 1 0 0 1 1 0 0 0 0 0 0 0 0 0 1 0 0 0 0 1 0 0 0 1 0
 1 0 0 0 0 1 0 0 0 0 1 -56.75872022286246 1 0.08333333333333333
0 0 0 0 0 1 0 1 0 0 1 0 1 0 0 1 0 1 0 0 0 1 0 0 1 0 1 0 0 0 0 1 0 0 0 1 0
 1 0 0 0 0 1 0 0 0 0 1 -62.920997883030836 1 0.10416666666666667
1 0 0 0 0 1 0 0 0 0 1 1 0 0 1 0 1 0 0 0 0 1 0 0 0 0 1 1 1 0 0 0 0 0 0 1 0
 1 0 0 0 0 1 0 0 0 1 0 -65.92099788303084 1 0.0625
1 1 0 0 0 0 0 1 0 0 1 0 1 0 0 1 0 0 0 1 0 1 0 0 0 0 1 0 1 0 0 0 0 1 0 0 0
 1 0 0 0 0 1 0 1 0 0 1 -64.08327554319922 1 0.041666666666666664
1 0 1 0 0 1 0 0 0 0 0 0 0 0 0 1 1 0 0 0 0 1 0 0 0 0 1 1 1 0 0 0 1 0 0 1 0
 1 0 0 0 0 1 0 0 0 0 1 -67.92099788303084 1 0.0625
1 0 0 0 0 1 0 1 0 0 1 0 1 0 0 0 1 0 0 0 0 1 0 0 0 0 1 0 1 0 0 1 0 0 0 1 0
 1 0 0 0 0 1 0 1 0 0 0 -74.92099788303084 1 0.08333333333333333
1 1 0 0 0 0 1 1 0 0 1 0 0 0 0 1 1 1 0 0 0 0 1 0 0 0 1 0 0 0 0 1 1 1 0 0 0
 0 0 1 0 0 1 0 0 0 0 1 -69.24555320336759 1 0.041666666666666664
1 0 0 0 0 1 0 0 0 0 1 0 0 0 0 1 1 0 0 0 0 1 0 0 0 0 1 0 1 0 0 1 0 0 0 1 0
 1 0 0 0 0 1 0 0 0 0 0 -76.59644256269408 1 0.10416666666666667
1 0 0 0 0 0 0 1 0 0 1 0 0 1 0 0 1 0 0 0 0 0 0 0 0 1 0 0 0 1 0 1 1 0 0 0 0
 1 0 0 0 0 1 0 0 0 0 1 -68.59644256269407 1 0.0625
1 0 0 0 0 0 0 1 0 0 1 0 0 1 1 0 1 0 0 0 0 0 0 0 0 1 1 0 0 0 0 1 1 0 0 0 0
 1 0 0 0 0 1 0 0 0 0 1 -70.75872022286245 1 0.0625
0 1 0 0 0 0 0 1 0 0 1 0 1 0 0 0 0 0 0 1 0 1 0 0 0 0 1 0 1 0 0 0 0 0 0 1 0
 1 0 0 0 0 1 0 1 0 1 0 -69.75872022286245 1 0.10416666666666667
0 1 0 0 0 0 0 1 0 0 1 0 1 0 0 1 0 1 0 0 0 0 0 0 1 0 1 0 1 0 0 1 1 1 0 0 0
 1 0 0 0 0 1 0 0 0 0 1 -61.083275543199214 1 0.08333333333333333
1 0 0 0 0 0 0 1 0 0 1 0 0 0 0 1 0 0 0 0 0 1 1 0 0 0 1 0 1 0 0 0 1 0 0 0 0
 1 0 0 0 0 1 0 0 0 0 1 -65.59644256269408 1 0.041666666666666664
0 1 0 0 0 0 0 1 0 0 1 0 1 0 0 1 0 1 0 0 1 0 0 0 0 0 1 0 1 0 0 1 0 1 0 0 0
 1 0 0 0 0 1 0 1 0 0 1 -68.0832755431992 1 0.08333333333333333
0 1 0 0 0 0 0 1 0 0 1 0 1 0 0 1 0 1 0 0 0 0 0 0 0 0 1 0 1 0 0 1 0 1 0 1 0
 0 0 0 0 0 1 0 1 0 0 0 -63.75872022286246 1 0.125
0 1 0 0 0 1 0 1 0 0 1 0 1 0 0 1 0 1 0 0 0 1 0 0 0 0 1 0 1 0 0 1 0 0 0 1 0
 1 0 0 0 0 1 0 1 0 0 1 -67.24555320336759 1 0.08333333333333333
1 1 0 0 0 0 0 1 0 0 1 0 0 0 0 1 0 1 0 0 0 0 0 0 0 0 1 0 1 0 0 1 1 0 0 0 0
 1 0 0 0 0 1 0 0 0 0 1 -72.75872022286245 1 0.08333333333333333
0 1 0 0 0 0 0 1 0 0 1 0 1 0 0 1 0 0 0 1 0 1 0 0 0 0 1 0 1 0 0 0 0 1 0 1 0
 1 0 0 0 0 1 0 1 0 0 1 -64.0832755431992 1 0.08333333333333333
0 0 0 0 0 1 0 0 1 0 1 0 0 0 0 1 1 0 0 1 0 1 0 0 1 0 1 0 0 0 0 1 0 0 0 1 0
 1 0 0 1 0 0 0 0 0 0 1 -66.92099788303082 1 0.08333333333333333
1 0 0 0 0 1 0 1 0 0 1 0 1 0 0 1 1 0 0 1 0 1 1 0 0 0 1 0 0 0 0 1 0 0 0 1 0
 1 0 0 0 0 1 0 1 0 0 1 -62.40783086353597 1 0.10416666666666667
1 0 1 0 0 1 0 0 0 1 0 0 0 0 0 1 0 0 1 0 0 1 0 0 0 0 1 0 1 0 0 1 1 0 0 0 0
 1 0 0 0 0 1 0 1 0 0 1 -70.08327554319922 1 0.020833333333333332
1 0 0 0 0 1 0 1 0 0 1 0 1 0 0 0 1 0 0 0 0 0 0 0 0 0 1 0 0 1 0 1 1 0 0 1 0
 1 0 0 0 0 1 0 0 0 1 0 -63.92099788303084 1 0.08333333333333333
0 0 0 1 0 1 0 0 0 0 1 0 1 0 0 1 0 0 0 1 0 1 0 0 0 0 1 1 1 0 0 0 0 0 0 1 0
 1 0 0 0 0 1 0 1 0 0 0 -74.92099788303084 1 0.10416666666666667
1 0 0 0 0 0 0 1 0 0 1 0 1 0 0 0 0 0 0 0 0 1 0 0 0 0 1 0 1 0 0 1 0 0 0 1 0
 1 0 0 0 0 1 0 1 0 0 0 -68.59644256269408 1 0.041666666666666664
1 1 0 0 0 0 0 1 0 0 1 0 0 0 0 1 1 0 0 0 1 0 0 0 0 0 1 0 0 0 0 1 0 0 0 1 0
 1 0 0 0 0 1 0 0 0 0 1 -65.75872022286245 1 0.0625
0 1 0 0 0 1 0 1 0 0 1 0 1 0 0 1 0 1 0 0 0 0 0 0 1 0 1 0 1 0 0 1 1 0 0 0 0
 1 0 0 0 0 1 0 0 0 0 1 -61.083275543199214 1 0.10416666666666667
0 0 1 0 0 1 0 1 0 1 0 0 1 0 0 1 1 0 0 1 0 1 0 0 0 0 1 0 0 0 0 1 0 0 0 1 0
 1 0 0 0 0 1 0 0 0 0 1 -59.083275543199214 1 0.08333333333333333
0 0 0 0 0 1 0 0 0 0 1 0 1 0 0 1 0 1 0 0 0 1 0 0 0 0 1 0 1 0 0 1 1 1 0 0 0
 0 0 0 0 0 1 0 1 0 0 1 -66.92099788303084 1 0.08333333333333333
0 0 0 0 0 1 0 1 0 0 1 0 1 0 0 0 0 1 0 0 0 0 0 0 0 0 1 0 1 0 0 1 1 0 0 0 0
 1 0 0 0 0 1 0 1 0 0 1 -65.75872022286245 1 0.0625
0 0 1 0 0 1 0 1 0 0 1 0 1 0 0 1 0 1 0 0 0 0 0 0 0 0 1 0 1 0 0 1 0 0 0 0 0
 1 0 0 0 0 1 0 0 0 0 1 -60.75872022286246 1 0.125
0 0 1 0 0 1 0 1 0 0 1 0 1 0 0 1 1 0 0 1 0 1 0 0 0 0 1 0 1 0 0 1 0 0 0 1 0
 1 0 0 0 0 1 0 0 0 0 1 -60.2455532033676 1 0.14583333333333334
0 0 0 1 0 1 0 0 1 0 1 0 0 0 0 1 0 0 0 1 0 1 0 0 0 0 1 0 1 0 0 0 0 0 0 1 0
 1 0 0 1 0 0 0 0 0 0 1 -70.75872022286245 1 0.041666666666666664
1 0 0 0 0 0 0 1 0 0 1 0 0 1 0 0 1 0 0 0 0 1 1 0 0 0 1 0 0 1 0 1 1 0 0 0 0
 1 0 1 0 0 1 0 0 1 0 0 -70.08327554319922 1 0.10416666666666667
0 1 0 0 0 0 0 1 0 0 1 0 1 0 0 0 0 1 0 0 1 0 0 0 0 0 1 0 0 0 0 1 0 1 0 0 1
 0 0 0 0 0 1 0 1 0 0 0 -69.59644256269407 1 0.125
0 1 0 0 0 0 0 1 0 0 1 0 1 0 0 1 0 1 0 0 0 0 0 0 1 0 1 0 0 0 0 1 0 1 0 0 0
 0 1 0 0 0 1 0 0 0 0 1 -63.75872022286246 1 0.0625
1 0 0 0 0 1 0 1 0 0 1 0 0 0 0 0 1 1 0 0 0 0 0 1 0 0 1 0 1 0 0 0 1 1 0 0 0
 0 0 1 0 0 1 0 0 0 0 1 -67.92099788303084 1 0.041666666666666664
1 0 1 0 0 0 0 1 0 0 1 0 0 1 0 0 0 0 0 1 0 1 0 0 0 0 1 0 1 0 0 0 1 0 0 0 0
 0 0 1 0 0 1 0 0 1 1 0 -60.920997883030836 1 0.041666666666666664
0 1 0 0 0 0 0 1 0 0 1 0 0 0 0 1 0 1 0 0 1 0 0 0 0 0 1 0 0 0 0 1 0 0 0 1 0
 1 0 0 0 1 1 0 0 0 0 1 -61.75872022286246 1 0.020833333333333332
1 0 0 0 0 0 0 1 0 1 1 0 1 0 0 1 1 0 0 0 0 0 0 1 0 0 1 0 0 1 0 1 0 1 0 0 1
 0 0 0 0 0 1 0 0 0 0 1 -62.083275543199214 1 0.041666666666666664
0 1 0 0 0 0 0 1 0 0 1 0 1 0 0 0 0 0 0 0 0 1 0 0 0 0 1 0 1 0 0 0 1 0 0 0 0
 1 0 1 0 0 1 0 1 0 0 0 -68.59644256269407 1 0.08333333333333333
0 1 0 0 0 1 0 1 0 0 1 0 1 0 0 1 0 0 0 0 0 1 0 0 0 0 1 0 1 0 0 1 0 0 0 0 0
 1 0 0 0 0 1 0 1 0 0 1 -68.92099788303084 1 0.125
0 0 0 0 0 1 0 1 0 0 1 0 1 0 0 0 0 0 0 1 0 1 0 0 0 0 1 0 1 0 0 0 1 0 0 1 0
 1 0 0 0 0 1 0 1 0 0 0 -72.75872022286245 1 0.125
0 0 0 0 0 1 0 1 0 0 1 0 1 0 0 0 0 1 0 0 0 1 0 1 0 0 1 0 1 0 0 0 1 0 0 1 0
 1 0 0 0 0 1 0 1 0 0 0 -65.92099788303084 1 0.0625
0 1 0 0 0 0 1 1 0 0 1 0 1 0 0 1 1 1 0 0 0 0 1 0 0 0 1 0 0 0 0 1 1 1 0 0 0
 0 0 0 0 0 1 0 0 0 0 1 -63.083275543199214 1 0.0625
0 1 0 0 0 0 1 0 0 0 1 0 1 0 0 1 0 1 0 0 0 0 1 0 0 0 1 0 1 0 0 1 0 1 0 0 1
 0 0 0 0 0 1 0 0 0 0 1 -70.92099788303082 1 0.08333333333333333
0 1 0 0 0 0 0 1 0 0 1 0 1 0 0 0 1 1 0 0 0 0 0 0 0 0 1 0 1 0 0 1 1 1 0 0 0
 1 0 0 0 0 1 0 0 0 0 1 -65.92099788303084 1 0.0625
1 0 0 0 0 1 0 0 0 0 1 0 0 0 0 1 0 0 0 1 0 1 0 0 0 0 1 0 1 0 0 1 0 1 0 0 0
 1 0 0 1 0 0 0 0 0 0 1 -70.75872022286245 1 0.041666666666666664
0 0 1 0 0 1 0 1 0 0 0 0 1 0 0 0 0 1 0 1 0 1 0 0 0 0 1 0 1 0 0 0 0 0 0 1 0
 1 0 0 0 0 1 0 1 0 0 0 -64.75872022286245 1 0.041666666666666664
0 1 0 0 0 0 0 1 0 0 1 0 1 0 0 1 0 1 0 0 0 0 0 0 0 0 1 0 1 0 0 1 1 1 0 0 0
 1 0 0 1 0 1 0 0 0 0 1 -61.083275543199214 1 0.08333333333333333
0 1 0 0 0 0 1 1 0 0 1 0 1 0 0 1 0 1 0 0 0 0 1 0 0 0 1 0 1 0 0 1 1 1 0 0 0
 0 1 0 0 0 1 0 0 0 0 1 -63.245553203367585 1 0.08333333333333333
0 1 0 0 0 0 1 1 0 0 1 0 1 0 0 1 0 1 0 0 1 0 0 0 0 0 1 0 0 0 0 1 0 1 0 0 0
 0 1 0 1 0 0 0 0 0 0 1 -62.92099788303083 1 0.0625
1 0 0 0 0 1 0 1 0 0 1 0 1 0 0 0 1 1 0 0 0 0 0 1 0 0 1 0 0 0 1 0 0 0 0 0 0
 1 0 0 0 0 1 0 0 0 0 1 -61.75872022286246 1 0.0625
1 0 1 0 0 1 0 1 0 1 0 0 1 0 0 1 1 0 0 0 0 1 0 0 0 0 1 0 1 0 0 1 1 0 0 0 0
 1 0 0 0 0 1 0 1 0 0 1 -64.40783086353596 1 0.041666666666666664
0 1 0 0 0 0 0 1 0 0 1 0 1 0 0 1 0 1 0 0 0 0 0 1 0 0 1 0 0 0 0 1 0 0 0 1 0
 0 0 1 0 0 1 0 0 1 1 0 -52.92099788303083 1 0.125
0 0 1 0 0 0 0 1 0 0 1 0 1 0 0 0 0 1 0 0 0 0 0 1 0 0 1 0 1 0 0 0 1 1 0 0 0
 0 0 1 0 0 1 0 0 0 0 0 -64.59644256269407 1 0.041666666666666664
0 0 1 0 0 1 0 1 0 0 1 0 1 0 0 1 0 0 1 0 0 1 0 0 0 0 1 0 1 0 0 1 1 0 0 0 0
 1 0 0 0 0 1 0 0 0 0 1 -72.08327554319922 1 0.10416666666666667
0 1 0 0 0 0 1 1 0 0 1 0 1 0 0 0 0 0 0 1 0 1 0 0 0 0 1 0 1 0 0 0 0 0 0 1 0
 1 0 0 0 0 1 0 1 0 0 0 -69.75872022286245 1 0.125
1 0 0 0 0 1 0 0 0 0 1 1 0 0 1 0 0 0 0 1 0 1 0 0 0 0 1 0 1 0 0 1 0 0 0 1 0
 1 0 0 0 0 1 0 0 0 0 1 -65.92099788303084 1 0.10416666666666667
0 1 0 0 0 0 1 1 0 0 1 0 0 0 0 1 1 0 0 0 0 0 0 1 0 1 1 0 0 0 0 1 1 0 0 0 0
 1 0 0 0 0 1 0 0 0 0 1 -65.92099788303084 1 0.041666666666666664
1 0 0 0 0 1 0 0 0 0 1 1 1 0 0 0 1 0 0 0 0 1 0 0 0 0 1 1 1 0 0 1 0 0 0 1 0
 1 0 0 0 0 1 0 0 0 0 1 -65.08327554319922 1 0.041666666666666664
1 1 0 0 0 0 1 0 0 0 1 0 0 0 0 1 0 1 0 0 0 0 1 0 0 0 1 0 0 0 0 1 1 1 0 0 0
 0 1 0 0 0 1 0 0 0 0 1 -73.92099788303084 1 0.0625
0 1 0 0 0 0 0 1 0 0 1 0 1 0 0 0 0 0 0 1 0 1 0 0 0 0 1 0 1 0 0 0 0 0 0 1 0
 1 0 0 0 0 1 0 1 0 0 0 -76.59644256269407 1 0.14583333333333334
0 0 0 0 0 0 0 1 0 0 1 0 1 0 0 1 1 0 0 0 0 1 0 0 0 0 1 0 1 0 0 1 0 0 0 1 0
 1 0 0 0 0 1 0 1 0 0 0 -65.75872022286245 1 0.14583333333333334
0 1 0 0 0 0 0 1 0 0 1 0 1 0 0 1 0 1 0 0 0 0 1 0 0 0 1 0 1 0 0 1 0 1 0 0 0
 0 0 1 0 0 1 0 1 0 0 1 -68.0832755431992 1 0.0625
0 1 0 0 0 0 0 1 0 0 1 0 1 0 0 0 0 0 0 1 0 1 0 0 0 0 1 0 1 0 0 0 1 0 0 1 0
 1 0 0 0 0 1 0 1 0 0 1 -66.92099788303084 1 0.125
0 1 0 0 0 0 1 0 0 0 1 0 1 0 0 1 0 0 1 0 0 1 0 0 0 0 1 0 1 0 0 1 0 0 0 1 0
 1 0 0 0 0 1 0 1 0 0 1 -66.0832755431992 1 0.0625
0 1 0 0 0 0 0 1 0 0 1 0 1 0 0 0 0 1 0 0 0 1 0 1 0 0 1 0 1 0 0 0 1 1 0 0 0
 1 0 1 0 0 1 0 1 0 0 0 -68.0832755431992 1 0.08333333333333333
0 1 0 0 0 0 0 1 0 0 1 0 1 0 0 0 0 0 0 1 0 1 0 0 0 0 1 0 1 0 0 0 1 0 0 0 0
 1 0 0 0 0 1 0 0 0 0 1 -74.59644256269407 1 0.10416666666666667
0 1 0 0 0 1 0 1 0 0 1 0 1 0 0 0 0 1 0 0 0 1 0 1 0 0 1 0 1 0 0 0 0 0 0 1 0
 1 0 0 0 0 1 0 0 0 0 1 -63.920997883030836 1 0.08333333333333333
0 1 0 0 0 0 0 1 0 0 1 0 1 0 0 0 0 1 0 0 0 0 0 1 0 0 1 0 1 0 0 0 0 0 0 1 0
 1 0 1 0 0 1 0 1 1 0 0 -64.92099788303082 1 0.10416666666666667
0 1 0 0 0 0 1 1 0 0 1 0 1 0 0 0 0 1 0 0 0 0 0 0 0 0 1 0 1 0 0 1 0 1 0 0 0
 1 0 0 0 0 1 0 1 0 0 0 -61.75872022286246 1 0.08333333333333333
0 1 0 0 0 0 0 1 0 0 1 0 1 0 0 0 0 1 0 0 0 1 0 0 0 0 1 0 0 0 0 1 0 0 0 1 0
 1 0 0 0 0 1 0 0 0 0 1 -66.59644256269408 1 0.10416666666666667
0 0 1 0 0 1 0 0 0 0 0 1 1 0 0 0 0 0 1 0 0 1 0 0 0 0 1 0 1 0 0 1 0 0 0 1 0
 1 0 0 0 0 1 0 1 0 0 1 -68.92099788303084 1 0.0625
1 0 0 0 0 1 1 0 0 0 0 0 1 0 0 1 0 0 0 1 0 1 0 0 0 0 1 0 1 0 0 0 0 0 0 1 0
 1 0 0 0 0 1 0 0 0 0 1 -63.75872022286246 1 0.08333333333333333
1 0 0 0 0 0 0 1 0 0 1 0 0 1 0 0 0 1 0 0 0 0 0 0 1 0 1 0 0 0 0 1 1 0 0 0 0
 1 0 0 0 0 1 0 0 0 0 1 -71.59644256269407 1 0.10416666666666667
0 1 0 0 0 0 0 1 0 0 1 0 1 0 0 1 0 1 0 0 0 0 0 0 0 0 1 0 1 0 0 1 0 1 0 0 0
 0 1 0 1 0 0 0 1 0 0 0 -57.75872022286246 1 0.10416666666666667
0 1 0 0 0 1 0 1 0 0 1 0 1 0 0 1 0 0 0 0 0 1 0 0 0 0 1 0 1 0 0 0 1 0 0 0 0
 1 0 0 0 0 1 0 0 0 0 1 -67.75872022286245 1 0.08333333333333333
1 0 0 0 0 1 0 1 0 0 1 0 0 0 0 0 0 0 0 1 0 1 0 0 0 0 1 0 1 0 0 1 0 0 0 1 0
 1 0 0 0 0 1 0 0 0 0 1 -67.75872022286245 1 0.0625
0 1 0 0 0 0 0 1 0 0 1 0 1 0 0 1 0 1 0 0 0 1 0 0 0 0 1 0 1 0 0 1 0 0 0 1 0
 1 0 0 0 0 1 0 1 0 0 1 -68.0832755431992 1 0.08333333333333333
0 1 0 0 0 0 1 0 0 0 1 0 1 0 0 1 0 0 0 1 0 1 0 0 0 0 1 0 1 0 0 1 0 0 0 1 0
 1 0 0 0 0 1 0 1 0 0 0 -68.92099788303084 1 0.10416666666666667
0 1 0 0 0 0 0 1 0 0 1 0 1 0 0 1 0 1 1 0 0 0 0 0 0 0 1 0 1 0 0 1 1 0 0 0 0
 1 0 0 0 0 1 0 0 0 0 1 -63.92099788303083 1 0.125
1 0 0 0 0 1 0 0 0 0 1 0 1 0 0 0 0 0 0 0 0 1 0 0 0 1 1 0 1 0 0 1 1 0 0 0 0
 1 0 0 0 0 1 0 1 0 0 1 -68.92099788303082 1 0.0625
1 1 0 0 0 0 1 1 0 1 0 0 1 0 0 1 1 0 0 0 0 0 1 0 0 1 0 0 0 0 0 1 0 0 0 0 0
 0 1 0 0 1 0 0 0 0 0 1 -56.920997883030836 1 0.08333333333333333
0 0 0 0 0 0 0 1 0 0 1 0 1 1 0 0 0 1 0 0 0 0 0 1 0 0 1 0 1 0 0 0 0 1 0 0 0
 0 0 1 1 0 1 0 1 1 0 0 -59.92099788303083 1 0.0625
1 0 0 0 0 0 1 0 0 0 0 0 0 0 0 1 0 1 0 0 0 0 1 0 0 0 0 1 1 0 0 1 0 1 0 0 0
 0 1 0 1 0 0 0 0 0 0 1 -62.59644256269407 1 0.041666666666666664
1 0 0 0 0 0 0 1 0 0 1 0 1 0 0 0 0 0 0 1 0 1 0 1 0 0 1 0 1 0 0 0 1 0 0 0 0
 1 0 1 0 0 1 0 1 0 0 0 -67.92099788303084 1 0.041666666666666664
0 1 0 0 0 0 1 1 0 0 1 0 1 0 0 1 0 1 0 0 0 1 0 0 0 0 1 0 1 0 0 1 1 1 0 0 0
 0 0 0 0 0 1 0 0 0 0 1 -61.083275543199214 1 0.0625
1 0 0 0 0 1 0 1 0 0 1 0 0 0 0 0 1 1 0 0 0 1 0 0 0 0 1 1 1 0 0 0 0 0 0 1 0
 1 0 0 0 0 1 0 1 0 0 0 -63.92099788303084 1 0.0625
1 0 0 0 0 1 0 1 0 0 1 0 0 0 0 0 0 1 0 0 0 0 0 1 0 0 1 0 1 0 0 0 1 0 0 0 0
 1 0 1 0 0 1 0 1 0 0 1 -65.92099788303084 1 0.0625
1 1 0 0 0 0 0 1 0 0 1 0 1 0 0 1 1 1 0 0 0 0 0 0 0 0 1 0 1 0 0 1 1 0 0 0 0
 1 0 1 0 0 1 0 0 0 0 1 -62.2455532033676 1 0.08333333333333333
1 1 0 0 0 0 1 0 0 0 1 0 0 0 0 1 0 0 0 0 0 0 0 0 0 0 1 0 1 0 0 1 0 0 0 1 0
 1 0 0 0 0 1 0 0 0 0 1 -58.59644256269408 1 0.0625
0 1 0 0 0 0 1 1 0 0 1 0 1 0 0 0 0 1 0 0 0 0 0 1 0 0 1 0 1 0 0 1 0 1 0 1 0
 0 1 0 0 0 1 0 1 0 0 0 -60.083275543199214 1 0.041666666666666664
1 0 1 0 0 1 0 0 0 1 0 1 0 0 0 1 1 0 1 0 0 0 0 0 0 1 0 0 0 0 0 1 0 0 1 0 0
 1 0 0 0 0 0 0 0 0 0 1 -60.75872022286246 1 0.10416666666666667
0 1 0 0 0 0 0 1 0 0 1 0 1 0 0 1 1 0 0 0 0 1 0 0 0 0 1 0 0 0 0 1 0 1 0 0 0
 1 0 0 0 0 1 0 1 0 0 1 -72.92099788303084 1 0.10416666666666667
1 0 0 0 0 1 0 0 1 0 1 0 0 0 0 1 0 0 0 1 0 1 0 0 0 0 1 0 1 0 0 1 0 0 1 0 0
 1 0 0 1 0 1 0 1 0 0 1 -65.24555320336759 1 0.041666666666666664
0 1 0 0 0 0 1 1 1 0 1 0 1 0 0 1 0 1 0 0 0 0 1 0 1 0 0 0 0 0 0 1 0 1 0 0 1
 0 0 0 0 0 1 0 0 0 0 1 -58.083275543199214 1 0.0625
0 0 1 0 0 1 0 1 0 0 1 0 1 0 0 0 0 0 1 1 0 1 0 0 0 0 1 0 1 0 0 0 0 1 0 0 0
 1 0 0 0 0 1 0 0 0 0 1 -61.920997883030836 1 0.020833333333333332
1 0 0 0 0 1 0 1 0 0 1 0 1 0 0 0 1 0 0 0 0 1 0 0 0 0 1 0 1 0 0 0 1 0 0 1 0
 1 0 1 0 0 1 0 1 0 0 0 -69.0832755431992 1 0.041666666666666664
1 0 0 0 0 1 0 1 0 0 1 0 0 1 0 0 1 0 0 1 0 1 0 0 0 0 1 0 0 0 0 1 1 0 0 1 0
 1 0 0 1 0 0 0 0 0 0 1 -63.083275543199214 1 0.08333333333333333
0 1 0 0 0 0 0 1 0 0 1 0 1 0 1 0 0 0 0 1 0 1 0 0 0 0 1 0 1 0 0 0 0 0 0 1 0
 1 0 0 0 0 1 0 1 0 0 1 -64.92099788303084 1 0.08333333333333333
0 1 0 0 0 0 0 1 0 0 1 0 1 0 0 1 0 1 0 0 0 0 0 0 0 0 1 0 1 0 0 1 0 1 0 0 0
 1 0 1 0 0 1 0 0 0 1 0 -56.92099788303084 1 0.08333333333333333
0 0 1 0 0 1 0 1 0 0 1 0 1 0 0 0 0 0 1 0 0 1 0 0 0 0 1 0 1 0 0 0 0 0 0 1 0
 1 0 0 0 0 1 0 1 0 0 0 -70.75872022286245 1 0.08333333333333333
1 1 0 0 0 0 0 1 0 0 1 0 1 0 0 1 0 1 0 0 0 0 0 0 0 0 1 0 1 0 0 1 1 0 0 0 0
 0 1 0 0 1 1 0 0 0 0 1 -59.083275543199214 1 0.08333333333333333
0 1 0 0 0 0 1 0 0 0 1 0 1 0 0 0 0 0 0 1 0 1 0 0 0 0 1 0 1 0 0 0 0 0 0 1 0
 1 0 0 0 0 1 0 0 0 0 1 -64.59644256269407 1 0.125
1 0 0 0 0 1 0 1 0 0 1 0 0 0 1 1 1 0 0 0 0 1 0 0 0 0 1 0 1 0 0 1 1 0 0 0 0
 1 0 0 0 1 1 0 1 0 0 1 -66.40783086353596 1 0.0625
1 0 0 0 0 1 0 1 0 0 1 0 0 0 0 0 1 0 0 0 0 1 0 0 0 0 1 1 1 0 0 1 0 0 0 1 0
 1 0 0 0 0 1 0 1 0 0 1 -63.08327554319923 1 0.08333333333333333
0 0 1 0 0 1 0 1 0 0 1 0 1 0 0 0 0 1 0 0 0 0 1 1 0 0 1 0 1 0 0 0 0 0 0 1 0
 1 0 0 0 0 1 0 1 0 0 0 -62.92099788303083 1 0.041666666666666664
1 1 0 0 0 0 0 1 0 0 1 0 0 0 0 1 1 0 0 0 0 0 0 1 0 1 1 0 0 0 0 1 0 1 0 0 0
 1 0 0 1 0 1 0 0 0 0 1 -66.0832755431992 1 0.08333333333333333
0 0 0 1 0 1 1 0 0 0 1 0 1 0 0 0 0 1 0 0 0 1 0 0 0 0 1 0 1 0 0 1 0 0 0 1 0
 1 0 0 0 0 1 0 1 0 0 0 -70.92099788303084 1 0.10416666666666667
0 1 0 0 0 0 1 1 0 0 1 0 1 0 0 1 0 1 0 0 0 0 1 0 0 0 1 0 1 0 0 1 0 1 0 0 0
 1 1 0 0 0 1 0 1 0 0 0 -56.245553203367585 1 0.0625
0 1 0 0 0 0 1 1 0 0 1 0 1 0 0 1 1 0 0 0 0 1 0 0 0 0 1 0 1 0 0 1 0 0 0 1 0
 1 0 0 0 0 1 0 1 0 0 1 -61.2455532033676 1 0.10416666666666667
1 0 0 0 0 1 0 1 0 0 1 0 1 0 0 0 1 0 0 0 0 1 0 0 0 0 1 0 0 0 0 1 1 0 0 1 0
 1 0 1 0 0 1 0 1 0 0 0 -72.08327554319919 1 0.10416666666666667
0 1 0 0 0 0 0 1 0 0 1 0 1 0 0 1 1 1 0 0 0 0 0 1 0 0 1 0 0 1 0 0 1 0 0 0 0
 1 0 1 0 0 1 0 0 1 0 1 -59.245553203367585 1 0.08333333333333333
0 1 0 0 0 0 1 0 1 0 1 0 0 0 0 1 0 1 0 0 0 0 1 0 1 0 0 0 0 0 0 1 1 0 0 0 0
 0 1 0 1 0 0 0 0 0 0 1 -68.75872022286245 1 0.0625
1 0 0 0 0 1 0 0 0 0 1 0 0 0 0 1 0 1 0 0 0 1 0 0 0 0 1 0 1 0 0 1 0 0 0 1 0
 1 0 0 1 0 1 0 0 0 0 0 -70.75872022286245 1 0.08333333333333333
0 1 0 0 0 0 1 0 0 0 1 1 1 0 0 0 0 0 0 0 0 1 0 0 0 0 1 0 1 0 0 1 0 0 0 1 0
 1 0 0 0 0 1 0 1 0 0 0 -64.75872022286245 1 0.0625
0 1 0 0 0 0 1 0 0 0 1 0 1 0 0 1 0 1 0 0 0 0 0 0 0 0 1 0 1 0 0 1 0 0 0 0 0
 1 0 0 0 0 1 0 1 0 0 1 -67.75872022286245 1 0.10416666666666667
0 0 1 0 0 1 0 1 0 0 1 0 0 0 0 1 0 0 1 0 0 1 0 0 0 0 1 0 1 0 0 1 0 0 0 1 0
 1 0 0 0 0 1 0 1 0 0 1 -65.0832755431992 1 0.08333333333333333
1 1 0 0 0 0 0 1 0 0 1 0 1 0 0 0 0 1 0 0 0 0 0 0 0 0 1 0 1 0 0 1 1 0 0 1 0
 1 0 0 0 0 1 0 1 0 0 0 -61.920997883030836 1 0.08333333333333333
1 0 0 0 0 1 0 1 0 0 1 0 1 0 0 0 0 0 0 1 0 1 0 0 0 0 1 0 1 0 0 1 1 0 0 1 0
 1 0 0 0 1 1 0 1 0 0 0 -63.2455532033676 1 0.08333333333333333
1 0 0 0 0 0 0 1 0 0 1 0 0 1 0 0 1 1 0 0 0 0 0 1 0 0 1 0 0 0 0 1 0 1 0 0 0
 0 0 1 1 0 1 0 0 0 0 1 -68.92099788303084 1 0.020833333333333332
1 0 1 0 0 0 1 0 0 1 0 0 0 0 0 1 0 0 1 0 0 0 0 1 0 1 0 0 1 0 0 0 1 0 1 0 0
 1 0 0 0 0 0 0 0 0 0 1 -60.75872022286246 1 0.0
0 1 0 0 1 0 0 0 0 0 1 0 0 0 0 1 0 1 0 0 1 1 0 0 0 0 1 0 0 0 0 1 0 1 0 0 1
 1 0 0 0 0 1 0 0 0 0 0 -69.75872022286245 1 0.10416666666666667
0 1 0 0 0 0 1 1 0 0 1 0 1 0 0 1 0 1 0 0 1 0 1 0 0 0 1 0 1 0 0 1 0 1 0 0 0
 0 0 1 0 0 1 0 1 0 0 0 -57.2455532033676 1 0.0625
1 0 0 0 0 1 0 1 0 0 1 0 1 0 0 1 1 0 0 0 0 1 1 0 0 0 1 1 1 0 0 0 1 0 0 0 0
 1 0 1 0 0 1 0 1 0 0 0 -62.40783086353597 1 0.0625
1 0 0 0 0 0 0 1 0 0 1 0 0 1 0 0 1 0 0 0 0 0 1 0 0 1 0 1 0 0 0 1 1 0 0 0 0
 0 1 0 0 1 0 0 1 0 0 1 -60.92099788303084 1 0.041666666666666664
1 0 0 0 0 1 1 0 0 0 1 1 0 0 0 0 1 0 0 1 0 1 0 0 0 0 1 0 1 0 0 0 1 0 0 0 0
 1 0 0 0 0 1 0 0 0 0 1 -69.92099788303082 1 0.0625
1 0 0 0 1 0 0 1 0 0 1 0 0 1 0 0 0 1 0 0 1 0 0 0 0 0 1 0 0 0 0 1 0 0 0 1 1
 1 0 0 0 0 1 0 0 0 0 1 -64.92099788303084 1 0.0625
0 1 0 0 0 0 0 1 0 0 1 0 1 0 0 1 0 1 0 0 1 0 0 0 0 0 1 0 1 0 0 1 1 1 0 0 0
 0 0 0 0 0 1 0 1 0 0 1 -63.083275543199214 1 0.10416666666666667
0 1 0 0 0 0 0 1 0 0 1 0 1 0 0 0 0 0 0 1 0 1 0 0 0 0 1 0 1 0 0 0 0 0 0 1 0
 1 0 0 0 0 1 0 0 0 1 0 -67.59644256269407 1 0.10416666666666667
0 0 1 0 0 1 0 0 0 0 1 0 1 0 0 0 0 0 0 1 0 1 0 0 0 0 1 0 1 0 0 0 0 1 0 0 0
 1 0 0 0 0 1 0 0 0 0 1 -68.59644256269408 1 0.14583333333333334
1 0 0 0 0 1 0 1 0 0 1 0 0 0 1 0 1 1 0 0 0 1 0 1 0 0 1 0 0 0 1 0 0 1 0 0 0
 1 0 0 1 0 1 0 0 0 0 1 -61.2455532033676 1 0.041666666666666664
1 0 0 0 0 1 0 1 0 0 1 0 0 0 0 1 0 1 1 0 0 1 0 0 0 0 1 0 1 0 0 1 0 0 0 1 0
 1 0 0 0 0 1 0 1 0 0 0 -64.08327554319922 1 0.10416666666666667
1 0 0 0 0 1 1 0 0 0 0 1 0 0 0 0 0 1 0 0 0 1 0 0 0 0 1 1 1 0 0 0 1 0 0 0 0
 1 0 0 0 0 1 0 0 0 0 1 -66.75872022286245 1 0.08333333333333333
0 0 0 1 0 0 1 0 0 1 0 0 1 0 0 0 0 0 0 1 0 0 1 0 0 1 0 0 1 0 0 1 0 0 0 1 0
 1 1 0 0 1 0 0 1 0 0 0 -64.92099788303082 1 0.041666666666666664
1 0 0 0 0 0 0 1 0 1 1 0 0 0 1 0 1 0 0 0 0 0 1 0 0 1 1 0 1 0 0 1 1 0 0 0 0
 0 0 1 0 1 1 0 0 0 0 1 -61.2455532033676 1 0.08333333333333333
1 1 0 0 0 0 0 1 0 0 1 0 1 0 0 0 1 1 0 0 0 0 0 0 0 0 1 0 1 0 0 1 1 0 0 1 0
 1 0 0 0 0 1 0 1 0 0 0 -61.083275543199214 1 0.041666666666666664
0 0 1 0 1 0 0 1 0 0 1 0 0 1 0 0 0 1 0 0 1 0 0 0 0 0 1 0 0 0 0 1 0 1 0 0 0
 1 0 0 1 0 1 0 0 0 0 1 -60.920997883030836 1 0.041666666666666664
1 0 0 0 0 0 1 0 0 1 0 0 0 0 0 1 0 0 1 0 0 0 1 0 0 1 0 0 1 0 0 1 1 0 0 0 0
 1 1 0 1 0 0 0 0 0 0 1 -64.92099788303084 1 0.0625
1 0 0 0 0 0 0 1 0 0 1 0 0 0 1 0 1 0 0 0 0 0 0 1 0 1 0 0 0 0 1 0 1 0 0 0 0
 1 0 0 0 1 0 0 0 0 0 1 -64.59644256269407 1 0.10416666666666667
0 0 0 0 0 1 0 1 0 0 1 0 1 0 0 0 1 0 0 0 0 1 0 0 0 0 1 0 0 0 0 1 0 0 0 1 0
 1 0 0 0 0 1 0 1 0 1 0 -68.75872022286245 1 0.16666666666666666
1 0 0 0 0 0 0 1 0 1 1 0 1 0 0 1 1 0 0 0 0 0 1 0 0 1 1 0 1 0 0 1 0 0 0 1 0
 1 0 0 0 0 1 0 1 0 0 0 -57.245553203367585 1 0.08333333333333333
0 1 0 0 0 0 1 1 0 0 1 0 1 0 0 0 0 1 0 0 0 0 0 0 0 0 1 0 1 0 0 1 0 1 0 0 0
 0 0 1 0 0 1 0 1 0 0 1 -63.92099788303083 1 0.10416666666666667
0 0 0 0 0 1 0 0 0 0 1 0 0 0 0 1 0 1 0 0 0 0 0 1 0 0 1 0 1 0 0 0 0 0 0 1 0
 1 0 0 1 0 1 0 0 0 1 0 -60.59644256269408 1 0.0625
1 1 0 0 0 0 1 0 0 0 1 0 1 0 0 1 0 1 0 0 0 0 1 0 0 0 1 0 1 0 0 1 0 1 0 0 0
 0 1 0 0 0 1 0 1 0 0 1 -67.24555320336759 1 0.10416666666666667
1 0 0 0 0 0 1 0 0 1 1 0 0 0 0 1 0 1 0 0 0 0 1 0 1 0 1 0 0 0 0 1 0 1 0 0 0
 1 1 0 1 0 0 0 0 0 0 1 -62.083275543199214 1 0.020833333333333332
0 1 0 0 0 0 1 0 0 0 0 1 1 0 0 0 0 1 0 0 0 0 1 0 0 0 0 0 1 0 0 1 1 1 0 0 0
 0 1 0 1 0 0 0 0 0 0 1 -60.75872022286245 1 0.041666666666666664
1 0 0 0 0 0 0 1 0 1 1 0 1 0 0 0 1 0 0 0 1 0 0 0 0 1 1 0 0 0 0 1 1 0 0 0 0
 0 0 1 0 1 1 0 1 0 0 0 -66.0832755431992 1 0.0625
0 1 0 0 0 0 1 0 0 0 0 0 1 0 0 1 0 1 0 0 0 0 1 0 0 0 1 0 1 0 0 1 0 1 0 0 0
 0 1 0 0 0 0 0 1 0 0 1 -65.75872022286245 1 0.08333333333333333
0 0 0 0 0 1 0 1 0 0 1 0 1 0 0 1 0 1 0 0 0 1 0 0 0 0 1 0 1 0 0 0 0 0 0 0 0
 1 0 0 0 0 1 0 0 0 0 1 -62.59644256269408 1 0.10416666666666667
1 0 1 0 0 1 0 1 0 0 1 0 0 0 0 1 0 0 1 0 0 0 0 0 0 1 0 0 1 0 0 1 1 0 1 0 0
 1 0 0 1 0 0 0 0 0 0 1 -57.08327554319922 1 0.041666666666666664
1 0 0 0 0 0 0 1 0 0 1 0 0 1 0 0 1 0 0 0 1 0 1 0 0 0 1 0 0 1 0 1 0 0 0 1 0
 1 0 0 0 0 1 0 0 0 0 1 -59.92099788303084 1 0.10416666666666667
0 0 0 0 0 1 0 1 0 0 1 0 0 0 0 1 0 1 0 0 0 1 0 0 0 0 1 1 1 0 0 0 1 0 0 0 0
 1 0 1 0 0 1 0 0 0 0 1 -60.920997883030836 1 0.0625
1 0 0 0 0 0 0 1 0 1 1 0 1 0 0 1 1 0 0 0 0 1 0 0 0 1 1 0 1 0 0 1 0 0 0 1 0
 1 0 0 0 1 1 0 1 0 0 0 -58.40783086353597 1 0.0625
0 1 0 0 0 0 1 1 0 0 1 0 1 0 0 1 0 1 0 0 0 1 0 0 0 0 1 0 0 0 0 1 0 1 0 0 0
 0 0 0 0 0 1 0 1 0 0 0 -56.75872022286246 1 0.10416666666666667
1 0 0 0 0 1 0 0 0 0 0 0 0 0 1 0 1 0 0 0 0 1 0 0 0 0 1 1 1 0 0 0 1 0 0 1 0
 1 0 0 0 0 1 0 1 0 0 1 -60.920997883030836 1 0.10416666666666667
0 1 0 0 0 0 0 1 1 0 0 0 0 0 1 1 0 1 0 0 0 0 0 0 1 0 0 0 0 0 0 1 1 1 0 0 0
 0 1 0 1 0 0 0 0 0 0 1 -59.75872022286246 1 0.0625
0 1 0 0 0 1 0 1 0 0 1 0 1 0 0 0 0 1 0 0 1 0 0 0 0 0 1 0 0 0 0 1 0 1 0 1 0
 1 0 0 0 0 1 0 1 0 0 1 -62.083275543199214 1 0.08333333333333333
0 0 1 0 0 1 0 1 0 0 1 0 1 0 0 1 0 1 1 0 0 1 0 0 0 0 1 0 1 0 0 1 1 0 0 0 0
 1 0 0 0 0 1 0 1 0 0 0 -58.2455532033676 1 0.10416666666666667
0 1 0 0 0 1 0 1 0 0 1 0 1 0 0 0 0 0 0 1 0 1 0 0 0 0 1 0 1 0 0 0 0 0 0 1 0
 1 0 0 0 0 1 0 1 0 0 0 -75.75872022286245 1 0.14583333333333334
0 1 0 0 0 0 0 1 0 0 1 0 1 0 0 1 0 1 0 0 0 0 1 0 1 1 0 0 0 0 0 1 0 1 0 0 0
 0 1 1 1 0 0 0 0 0 0 1 -56.083275543199214 1 0.08333333333333333
1 0 1 0 0 0 0 1 0 1 0 0 1 0 0 0 0 0 1 0 0 0 0 1 0 1 1 0 1 0 0 0 0 0 1 0 0
 0 0 1 0 1 0 0 1 0 0 0 -64.92099788303084 1 0.0625
0 1 0 0 0 0 1 1 0 0 1 0 1 0 0 1 0 1 0 0 0 1 0 0 0 0 1 0 1 0 0 1 0 1 0 0 0
 0 0 0 0 0 1 0 1 0 0 1 -63.083275543199214 1 0.10416666666666667
0 1 0 0 0 0 0 1 0 0 1 0 1 0 0 1 0 1 0 0 0 1 0 0 0 0 1 1 1 0 0 1 0 1 0 0 0
 0 0 1 1 0 1 0 0 0 0 1 -59.2455532033676 1 0.08333333333333333
1 0 0 0 0 0 1 1 0 1 0 0 1 0 0 1 1 0 0 0 0 1 0 0 0 0 1 0 1 0 0 0 1 1 0 0 0
 0 0 1 0 0 1 0 0 0 0 1 -55.08327554319922 1 0.041666666666666664
1 0 1 0 0 1 0 0 0 0 0 0 1 0 0 0 0 0 1 0 0 1 0 0 0 0 1 0 1 1 0 0 0 0 0 1 0
 1 0 0 0 0 1 0 1 0 0 0 -56.75872022286246 1 0.0625
0 1 0 0 0 0 1 0 0 0 0 1 1 0 0 0 0 1 0 0 0 0 1 0 0 0 0 1 1 0 0 0 1 0 0 0 0
 1 0 0 0 0 0 0 0 0 1 0 -59.434164902525694 1 0.0625
1 0 0 0 0 0 0 1 0 1 0 0 0 0 1 0 1 0 0 0 0 1 1 0 0 1 0 1 0 0 1 1 1 0 0 0 0
 1 1 0 0 0 0 0 0 0 1 0 -50.083275543199214 1 0.08333333333333333
1 0 0 0 0 0 1 0 0 0 1 0 0 0 0 1 0 0 0 1 0 1 0 0 1 0 1 0 1 0 0 0 0 0 0 1 0
 1 0 0 0 0 1 0 0 0 1 0 -57.75872022286246 1 0.08333333333333333
0 1 0 0 0 0 1 1 0 0 1 0 1 0 0 1 0 1 0 0 0 0 1 0 0 0 1 0 0 0 0 1 0 1 0 0 1
 0 0 0 0 0 1 0 1 0 0 1 -59.083275543199214 1 0.125
0 1 0 0 0 0 0 1 0 0 1 0 1 0 0 0 0 1 0 0 0 0 0 0 0 0 1 0 1 0 0 1 0 1 0 0 0
 1 0 0 1 0 0 0 0 0 0 1 -62.59644256269407 1 0.10416666666666667
0 1 0 0 0 0 1 1 0 0 0 0 1 0 0 0 0 0 0 1 0 0 0 1 0 1 1 0 1 0 0 0 0 0 0 1 0
 1 0 0 0 0 1 0 1 0 0 0 -56.75872022286245 1 0.08333333333333333
0 0 1 0 0 1 0 1 0 0 1 0 1 0 0 0 0 0 1 0 0 0 0 0 0 1 0 0 1 0 0 1 0 0 0 1 0
 1 0 0 0 0 1 0 1 0 0 1 -57.92099788303083 1 0.125
1 0 0 0 0 1 1 1 0 0 1 0 0 0 0 1 1 1 0 0 0 0 1 0 0 0 1 0 0 0 0 1 0 1 0 0 0
 1 0 1 0 0 1 0 0 0 0 1 -55.2455532033676 1 0.0625
0 0 1 0 0 0 0 1 0 1 0 0 1 0 0 0 0 0 1 0 0 0 0 0 0 1 0 0 0 0 0 1 0 0 0 1 0
 1 0 0 0 0 0 0 0 0 0 1 -51.271887242357316 1 0.10416666666666667
0 0 0 0 0 0 0 1 0 0 1 0 1 0 0 1 0 0 1 0 0 0 1 0 0 1 0 0 1 0 0 1 1 0 0 0 0
 0 1 0 0 1 0 0 0 0 0 1 -55.75872022286246 1 0.125
1 1 0 0 0 0 1 0 0 0 1 0 0 0 0 1 0 1 0 0 0 0 1 0 0 0 0 1 1 0 0 0 0 1 0 0 0
 0 1 0 0 0 1 0 1 0 0 1 -64.92099788303084 1 0.10416666666666667
0 1 0 0 0 0 1 1 0 0 1 0 1 0 0 0 0 1 0 0 0 0 0 0 0 0 1 0 1 0 0 1 0 0 0 0 0
 1 0 1 0 0 1 0 1 1 0 0 -52.920997883030836 1 0.08333333333333333
1 0 0 0 0 0 0 1 0 0 1 0 0 0 0 0 0 0 0 1 0 1 0 0 0 0 1 0 1 0 0 0 0 1 0 1 0
 1 0 0 0 0 1 0 1 0 0 1 -59.75872022286246 1 0.08333333333333333
1 0 0 0 0 1 0 1 0 0 1 0 0 0 0 1 1 0 0 0 0 1 0 0 0 0 1 1 1 0 0 0 0 0 0 0 0
 1 0 0 1 0 0 0 0 0 1 0 -59.75872022286246 1 0.10416666666666667
0 1 0 0 0 0 1 0 0 0 1 0 1 0 0 1 0 1 0 0 0 0 1 0 0 0 0 0 1 0 0 1 0 1 0 0 0
 0 1 0 1 0 0 0 0 0 0 1 -66.75872022286245 1 0.08333333333333333
1 0 0 0 0 0 1 1 0 0 1 0 0 1 0 0 0 1 0 0 0 0 0 1 0 0 1 0 1 0 0 0 0 1 0 0 0
 0 0 1 1 0 1 0 0 0 0 1 -60.920997883030836 1 0.0625
1 1 0 0 0 0 0 1 0 0 1 0 1 0 0 1 0 1 0 0 0 0 1 0 0 0 1 0 1 0 0 1 0 1 0 0 0
 0 0 1 0 0 1 0 1 0 0 1 -63.2455532033676 1 0.0625
1 0 1 0 0 1 0 0 0 0 0 0 0 0 0 1 0 0 1 0 0 1 0 0 0 1 1 0 1 0 0 1 0 0 1 0 0
 1 0 0 1 0 0 0 0 1 0 1 -59.083275543199214 1 0.10416666666666667
0 0 1 0 0 1 0 0 0 0 1 0 1 0 0 1 0 1 0 0 1 0 0 0 0 0 1 0 0 0 0 1 0 1 0 1 0
 0 0 0 0 0 1 0 1 0 0 0 -62.75872022286246 1 0.125
0 1 0 0 0 0 0 1 0 0 1 0 1 0 0 1 0 1 1 0 0 0 1 0 1 0 1 0 0 0 0 1 0 1 0 0 0
 0 1 0 1 0 0 0 0 0 0 1 -53.083275543199214 1 0.10416666666666667
1 0 0 0 0 0 0 1 0 1 0 0 0 0 1 0 1 0 0 1 0 1 0 0 0 0 1 0 1 0 0 1 0 0 0 1 0
 1 0 0 0 0 1 0 1 0 0 0 -60.92099788303084 1 0.14583333333333334
0 0 1 0 0 0 0 1 0 0 1 0 1 0 0 1 0 1 1 0 0 0 0 0 0 0 1 0 1 0 0 1 1 0 0 1 0
 1 0 0 0 0 1 0 0 0 0 1 -52.083275543199214 1 0.0625
1 0 1 0 0 0 0 1 0 1 0 0 1 0 0 0 0 0 1 0 0 0 0 0 1 1 0 0 0 0 0 1 1 0 0 0 0
 1 0 0 1 0 0 0 0 0 0 1 -53.75872022286246 1 0.0625
1 0 0 0 0 1 0 1 0 0 1 0 1 0 0 0 0 1 0 1 0 1 1 0 0 0 1 0 1 0 0 0 0 1 0 1 0
 1 0 0 0 0 1 0 0 0 0 1 -52.2455532033676 1 0.0625
1 0 1 0 0 0 1 0 0 1 0 0 0 0 0 1 1 1 0 0 0 0 1 0 0 1 0 0 1 0 0 1 0 1 0 0 0
 0 1 0 1 0 0 0 0 0 0 1 -58.083275543199214 1 0.0625
0 0 0 0 0 0 0 1 1 0 1 0 1 1 0 0 0 1 0 0 0 0 0 1 0 0 1 0 1 0 0 0 1 0 0 0 0
 1 0 0 0 0 1 0 0 0 0 0 -55.59644256269407 1 0.08333333333333333
0 1 0 0 0 0 1 0 0 0 1 0 1 0 0 1 0 1 1 0 0 0 1 0 0 0 1 0 1 0 0 1 0 1 0 1 1
 0 0 0 0 0 1 0 0 0 0 1 -52.245553203367585 1 0.08333333333333333
0 0 1 0 0 0 1 1 1 1 0 0 0 0 0 1 1 0 0 0 0 0 1 0 0 1 0 0 0 0 0 1 0 0 0 1 0
 1 1 0 1 0 0 0 0 0 0 1 -56.083275543199214 1 0.0625
1 1 0 0 0 0 0 1 0 0 1 0 1 0 0 0 0 0 1 0 0 0 0 0 0 1 1 0 1 0 0 1 0 0 0 0 0
 1 0 1 0 0 1 0 0 0 0 1 -47.92099788303084 1 0.125
0 1 0 0 0 0 1 1 1 0 1 0 0 0 0 1 0 1 0 0 0 0 1 0 0 0 1 0 0 0 0 1 1 0 0 0 0
 1 0 0 0 0 1 0 0 0 0 1 -63.920997883030836 1 0.0625
0 0 1 0 0 1 0 1 0 0 1 0 1 0 0 1 1 0 1 0 0 0 0 0 0 1 0 1 0 0 0 1 0 0 0 1 0
 0 1 0 0 1 0 0 0 0 0 1 -42.083275543199214 1 0.10416666666666667
0 0 0 0 0 1 0 1 0 0 1 0 1 0 0 0 0 0 0 0 0 1 0 0 0 0 1 0 1 0 0 1 0 1 0 0 0
 1 0 0 0 0 1 0 0 0 0 1 -67.59644256269408 1 0.0625
1 0 0 0 0 1 0 1 0 0 1 0 1 0 0 1 0 1 0 0 0 0 0 0 0 0 1 0 1 0 0 1 0 0 0 1 0
 1 0 0 0 0 1 0 1 0 0 0 -63.92099788303084 1 0.14583333333333334
1 0 0 0 0 1 0 1 1 0 1 0 0 0 0 1 0 0 1 0 1 1 0 0 0 0 1 0 0 0 0 1 0 0 0 0 0
 1 0 1 1 0 1 0 0 0 1 0 -54.2455532033676 1 0.041666666666666664
1 0 0 0 0 0 1 0 0 1 0 0 0 0 0 1 0 0 1 0 0 0 1 0 0 1 0 0 1 0 0 1 0 1 0 0 0
 0 1 0 1 1 0 0 1 0 0 1 -58.083275543199214 1 0.041666666666666664
0 0 1 0 0 0 1 0 0 1 0 0 0 0 0 1 0 0 1 0 0 0 1 0 0 1 0 1 1 0 0 1 0 0 0 1 0
 0 1 0 1 1 0 0 0 0 0 1 -51.08327554319921 1 0.041666666666666664
0 0 0 0 0 1 0 1 0 0 1 0 0 0 0 1 0 1 0 0 0 1 0 0 0 0 1 0 1 0 0 1 0 0 0 1 0
 1 0 0 0 0 1 0 1 0 0 1 -64.92099788303082 1 0.10416666666666667
0 1 0 0 0 0 0 1 0 0 1 0 1 0 0 0 0 1 0 0 0 0 1 0 0 0 1 0 1 0 0 0 1 1 0 0 0
 0 1 0 0 0 0 1 1 0 0 1 -55.920997883030836 1 0.08333333333333333
0 0 1 0 1 0 0 1 0 0 1 0 0 1 0 1 1 0 1 0 1 1 0 0 0 0 1 0 0 0 0 1 1 0 0 0 0
 1 0 0 0 0 1 0 1 0 0 1 -56.40783086353597 1 0.08333333333333333
1 0 1 0 0 0 0 1 0 1 0 0 0 0 0 1 0 0 1 0 0 0 1 0 0 1 0 0 1 0 0 1 1 0 1 0 0
 0 0 0 0 1 0 0 0 0 0 1 -61.920997883030836 1 0.08333333333333333
1 0 0 1 0 0 1 0 0 0 1 0 1 1 0 0 0 0 0 1 0 0 1 0 0 0 0 1 1 1 0 0 0 0 0 1 0
 1 0 0 0 0 1 1 1 0 0 0 -51.2455532033676 1 0.0625
1 0 0 0 0 0 1 0 0 1 0 0 0 0 0 1 1 1 0 0 0 0 1 0 0 0 1 0 0 0 0 1 1 0 0 1 0
 1 1 0 0 1 0 0 1 0 0 0 -60.083275543199214 1 0.0625
1 0 0 0 0 0 1 1 0 0 1 0 0 1 0 1 1 1 0 0 0 0 0 1 0 0 1 0 0 0 0 1 1 1 0 0 0
 0 1 0 0 1 0 0 0 0 0 1 -59.2455532033676 1 0.10416666666666667
1 0 0 0 0 0 0 0 0 1 0 0 0 0 1 1 0 0 0 1 0 1 0 0 0 0 1 0 1 0 0 0 1 0 0 0 0
 0 1 0 0 1 0 0 1 0 0 1 -58.75872022286246 1 0.0625
1 0 0 0 0 1 0 1 0 1 0 0 0 0 1 0 0 0 1 0 1 0 0 0 0 1 0 0 0 0 0 1 0 0 0 1 1
 1 0 0 0 1 1 0 0 0 0 1 -54.083275543199214 1 0.041666666666666664
0 0 1 0 0 0 1 1 0 0 0 0 1 0 0 1 1 0 0 0 0 0 1 0 0 1 0 0 1 0 0 1 1 0 0 0 0
 0 1 0 0 0 0 1 1 0 0 0 -45.920997883030836 1 0.08333333333333333
1 0 0 0 0 0 1 0 0 1 0 0 0 0 0 1 0 0 1 0 1 0 0 0 0 1 0 0 1 0 0 1 0 0 0 1 0
 0 1 0 0 1 0 0 1 0 0 1 -60.920997883030836 1 0.0625
0 0 0 0 0 0 1 0 0 1 0 0 1 0 0 1 0 0 1 0 0 0 1 0 0 1 0 0 1 0 0 1 0 0 0 1 0
 1 1 0 0 1 0 0 1 0 0 0 -57.92099788303083 1 0.08333333333333333
1 0 0 0 0 0 0 1 0 1 1 0 1 0 0 1 1 0 0 1 0 1 0 0 0 0 1 0 1 0 0 1 0 0 0 1 0
 1 0 0 0 0 1 0 0 0 0 1 -58.2455532033676 1 0.14583333333333334
1 0 0 0 1 0 0 0 0 1 0 0 0 0 1 1 0 0 1 0 1 0 0 0 0 1 0 1 0 0 1 1 0 1 0 0 0
 0 1 0 1 0 0 0 0 0 0 1 -50.083275543199214 1 0.08333333333333333
0 1 0 0 0 0 1 1 0 0 1 0 1 0 0 1 0 1 0 0 0 0 1 0 0 0 0 1 1 0 0 0 0 1 0 0 0
 0 1 0 1 0 1 0 0 0 0 1 -56.083275543199214 1 0.10416666666666667
1 0 0 0 0 0 0 1 0 1 1 0 1 0 0 1 0 1 0 0 0 0 0 0 0 1 1 0 1 0 0 1 0 1 0 0 0
 0 0 1 0 1 0 0 1 0 0 1 -49.2455532033676 1 0.08333333333333333
1 0 0 0 0 0 0 1 0 0 1 0 0 0 0 0 1 1 0 0 0 0 0 0 0 0 1 0 1 0 0 1 1 1 0 0 0
 0 0 1 0 0 1 0 0 0 1 0 -58.75872022286246 1 0.125
0 1 0 0 0 0 1 0 1 0 1 0 1 0 0 1 0 1 0 0 0 0 1 0 0 0 1 0 0 0 0 1 0 1 0 0 0
 1 0 0 1 0 1 0 0 0 0 1 -61.083275543199214 1 0.10416666666666667
0 0 0 1 0 0 1 0 0 0 1 0 1 0 0 0 1 0 0 0 0 0 1 0 0 1 0 0 1 0 0 1 0 0 0 1 0
 0 1 0 0 1 0 0 1 0 0 1 -57.92099788303084 1 0.14583333333333334
1 0 0 0 0 0 1 0 0 0 1 0 0 1 0 0 0 1 0 0 1 0 1 0 0 0 1 0 0 1 0 1 0 0 0 1 0
 1 0 0 0 0 1 0 1 0 0 0 -53.920997883030836 1 0.10416666666666667
1 0 0 0 0 0 0 1 0 1 1 0 1 0 0 1 1 1 0 0 0 0 0 1 0 1 1 0 0 0 0 0 0 1 0 0 0
 0 0 1 0 1 1 0 1 0 0 0 -54.2455532033676 1 0.10416666666666667
0 0 1 0 0 1 0 0 1 0 0 1 0 1 0 0 0 0 0 0 0 1 1 0 0 0 0 1 1 0 0 1 0 0 0 1 0
 1 0 0 0 0 1 0 1 0 0 1 -49.083275543199214 1 0.0625
0 1 0 0 0 1 1 0 0 0 1 0 1 0 0 1 0 0 0 1 0 1 0 0 0 0 1 1 1 0 0 0 0 1 0 0 0
 1 0 0 0 0 1 0 1 0 0 0 -59.083275543199214 1 0.08333333333333333
1 0 1 0 0 0 0 1 0 1 0 0 1 0 0 0 1 1 0 0 0 0 1 0 0 0 1 0 0 1 0 1 1 0 0 0 0
 0 0 1 0 0 1 0 0 1 1 0 -47.2455532033676 1 0.125
0 1 0 0 0 0 1 1 0 1 0 0 1 0 0 1 0 1 0 0 0 0 1 0 0 1 0 0 1 0 0 1 0 1 0 0 0
 0 1 0 0 0 1 0 1 0 0 1 -57.24555320336759 1 0.10416666666666667
0 0 0 0 0 0 1 1 0 0 1 0 1 0 0 0 0 0 1 0 1 0 1 0 0 1 0 0 0 0 0 1 1 0 0 0 0
 0 1 0 0 1 0 0 0 0 0 1 -51.75872022286246 1 0.10416666666666667
1 0 1 0 0 0 0 1 0 1 0 0 1 0 0 1 0 0 1 0 1 0 0 0 0 1 0 0 0 0 1 0 1 0 0 0 0
 0 1 0 0 1 0 0 0 0 0 1 -51.920997883030836 1 0.08333333333333333
1 1 0 0 0 0 1 1 0 1 0 0 0 0 0 1 0 1 0 0 0 0 1 0 0 1 0 0 1 0 0 1 0 1 0 0 0
 0 1 0 1 1 0 0 0 0 0 1 -55.24555320336759 1 0.10416666666666667
1 0 0 0 0 0 1 0 0 1 0 0 0 0 1 0 0 0 1 0 0 0 1 0 0 1 0 0 1 0 0 1 1 0 0 0 0
 1 1 0 0 0 0 0 1 0 0 1 -50.920997883030836 1 0.0625
1 0 0 0 0 1 0 1 0 0 1 0 0 0 0 0 0 1 0 0 0 1 1 0 0 0 1 1 1 0 0 0 1 0 0 0 0
 1 0 0 0 0 1 0 1 0 0 1 -59.0832755431992 1 0.125
1 0 0 0 0 0 1 0 0 1 0 0 0 0 0 1 0 0 0 1 0 0 1 0 0 1 0 0 1 0 0 0 0 0 0 1 0
 1 1 0 1 1 0 0 0 0 0 1 -60.92099788303083 1 0.0625
