1 0 0 0 0 1 0 0 0 0 1 0 0 0 0 1 1 0 0 0 0 1 0 0 0 0 1 0 0 0 0 1 1 0 0 0 0
 1 0 0 0 0 1 0 0 0 0 1 -98.59644256269408 56 0.0
1 0 0 0 0 1 0 0 0 0 1 0 0 0 0 1 1 0 0 0 0 1 1 0 0 0 1 0 0 0 0 1 1 0 0 0 0
 1 0 0 0 0 1 0 0 0 0 1 -91.75872022286245 52 0.020833333333333332
1 0 1 0 0 1 0 0 0 0 1 0 0 0 0 1 1 0 0 0 0 1 0 0 0 0 1 0 0 0 0 1 1 0 0 0 0
 1 0 0 0 0 1 0 0 0 0 1 -91.75872022286245 5 0.020833333333333332
1 0 0 0 0 1 0 0 0 0 1 0 0 0 0 1 1 0 0 0 0 1 0 0 0 0 1 0 0 0 0 1 1 0 0 0 0
 1 0 0 0 0 1 0 0 0 0 1 -98.59644256269408 2 0.020833333333333332
1 0 1 0 0 1 0 0 0 0 1 0 0 0 0 1 1 0 0 0 0 1 1 0 0 0 1 0 0 0 0 1 1 0 0 0 0
 1 0 0 0 0 1 0 0 0 0 1 -84.92099788303084 11 0.041666666666666664
1 0 0 0 0 1 0 0 0 0 1 0 0 0 0 1 1 0 0 0 0 1 0 0 0 0 1 0 0 0 0 1 1 0 0 0 0
 1 0 0 0 0 1 0 0 0 0 1 -98.59644256269408 3 0.020833333333333332
1 0 0 0 0 1 0 0 0 0 1 0 0 0 0 1 1 0 0 0 0 1 0 0 0 0 1 0 0 0 0 1 1 0 0 0 0
 1 0 0 0 0 1 0 0 0 0 1 -98.59644256269408 1 0.020833333333333332
1 0 0 0 0 1 0 0 0 0 1 0 0 0 0 1 1 0 0 0 0 1 0 0 0 0 1 0 0 0 0 1 1 0 0 0 0
 1 0 0 0 0 1 0 0 0 0 1 -98.59644256269408 3 0.020833333333333332
1 0 0 0 0 1 0 0 0 0 1 0 0 0 0 1 1 0 0 0 0 1 1 0 0 0 1 0 0 0 0 1 1 0 0 0 0
 1 0 0 0 0 1 0 0 0 0 1 -91.75872022286245 2 0.041666666666666664
1 0 0 0 0 1 0 0 0 0 1 0 0 0 0 1 1 0 0 0 0 1 0 0 0 0 1 0 0 0 0 1 1 0 0 0 0
 1 0 0 0 0 1 0 0 0 0 1 -98.59644256269408 1 0.020833333333333332
1 0 0 0 0 1 0 0 0 0 1 0 0 0 0 1 1 0 0 0 0 1 1 0 0 0 1 0 0 0 0 1 1 0 0 0 0
 1 0 0 0 0 1 0 0 0 0 1 -91.75872022286245 1 0.041666666666666664
1 0 0 0 0 1 0 0 0 0 1 0 0 0 0 1 1 0 0 0 0 1 0 0 0 0 1 0 0 0 0 1 1 0 0 0 0
 1 0 0 0 0 1 0 0 0 0 1 -98.59644256269408 1 0.020833333333333332
1 0 0 0 0 1 0 0 0 0 1 0 0 0 0 1 1 0 0 0 0 1 1 0 0 0 1 0 0 0 0 1 1 0 0 0 0
 1 0 0 0 0 1 0 0 0 0 1 -91.75872022286245 1 0.041666666666666664
1 0 0 0 0 1 0 0 0 0 1 0 0 0 0 1 1 0 0 0 0 1 1 0 0 0 1 0 0 0 0 1 1 0 0 0 0
 1 0 0 0 0 1 0 0 0 0 1 -91.75872022286245 1 0.041666666666666664
1 0 0 0 0 1 0 0 0 0 1 0 0 0 0 1 1 0 0 0 0 1 1 0 0 0 1 0 0 0 0 1 1 0 0 0 0
 1 0 0 0 0 1 1 0 0 0 1 -84.92099788303084 1 0.041666666666666664
1 0 0 0 0 1 0 0 0 0 1 0 0 0 0 1 1 0 0 0 0 1 1 0 0 0 1 0 0 0 0 1 1 0 0 0 0
 1 0 0 0 0 1 0 0 0 0 1 -91.75872022286245 1 0.041666666666666664
1 0 0 0 0 1 0 0 0 0 1 0 0 0 0 1 1 0 0 0 0 1 0 0 0 0 1 0 0 0 0 1 1 0 0 0 0
 1 0 0 0 0 1 0 0 0 0 1 -98.59644256269408 1 0.020833333333333332
1 0 0 0 0 1 0 0 0 0 1 0 0 0 0 1 1 0 0 0 0 1 0 0 0 0 1 0 0 1 0 1 1 0 0 0 0
 1 0 0 0 0 1 0 0 0 0 1 -91.75872022286245 1 0.0
1 0 0 0 0 1 0 0 0 0 1 0 0 0 0 1 1 0 0 0 0 1 0 0 0 0 1 0 0 0 0 1 1 0 0 0 1
 1 0 0 0 0 1 0 0 0 0 1 -91.75872022286245 3 0.0
1 1 0 0 0 1 0 0 0 0 1 0 0 0 0 1 1 0 0 0 0 1 0 0 0 0 1 0 0 0 0 1 1 0 0 0 0
 1 0 0 0 0 1 0 0 0 0 1 -91.75872022286245 1 0.0
1 0 0 0 0 1 0 0 0 0 1 0 0 0 0 1 1 0 0 1 0 1 0 0 0 0 1 0 0 0 0 1 1 0 0 0 0
 1 0 0 0 0 1 0 0 0 0 1 -91.75872022286245 2 0.0
1 0 0 0 0 1 1 0 0 0 1 0 0 0 0 1 1 0 0 0 0 1 0 0 0 0 1 0 0 0 0 1 1 0 0 0 0
 1 0 0 0 0 1 0 0 0 0 1 -91.75872022286245 1 0.0
1 0 0 0 0 1 0 0 1 0 1 0 0 0 0 1 1 0 0 0 0 1 0 0 0 0 1 0 0 0 0 1 1 0 0 0 0
 1 0 0 0 0 1 0 0 0 0 1 -91.75872022286245 1 0.0
1 0 0 0 0 1 0 0 0 0 1 0 0 1 0 1 1 0 0 0 0 1 0 0 0 0 1 0 0 0 0 1 1 0 0 0 0
 1 0 0 0 0 1 0 0 0 0 1 -91.75872022286245 8 0.0
1 0 1 0 0 1 0 0 0 0 1 0 0 0 0 1 1 0 0 0 0 1 1 0 0 0 1 0 0 0 0 1 1 0 0 0 0
 1 0 0 0 0 1 0 0 0 0 1 -84.92099788303084 2 0.0625
1 0 0 0 0 1 0 0 0 0 1 0 0 0 0 1 1 0 0 0 0 1 0 0 0 0 1 0 0 0 0 1 1 0 0 0 0
 1 0 0 0 0 1 0 0 0 0 1 -98.59644256269408 1 0.020833333333333332
1 0 0 0 0 1 0 0 0 0 1 0 0 0 0 1 1 0 0 0 0 1 0 0 0 0 1 0 0 0 0 1 1 0 0 0 0
 1 0 0 0 0 1 0 0 0 0 1 -98.59644256269408 1 0.041666666666666664
1 0 0 0 0 1 0 0 0 0 1 0 0 0 0 1 1 0 0 0 0 1 0 0 0 0 1 0 0 0 0 1 1 0 0 0 0
 1 0 0 0 0 1 0 0 0 1 1 -91.75872022286245 1 0.020833333333333332
1 0 0 0 0 1 0 0 0 0 1 0 0 0 0 1 1 0 0 0 0 1 1 0 0 0 1 0 0 0 0 1 1 0 0 0 1
 1 0 0 0 0 1 0 0 0 0 1 -84.92099788303084 1 0.020833333333333332
1 0 0 0 0 1 1 0 0 0 1 0 0 0 0 1 1 0 0 0 0 1 1 0 0 0 1 0 0 0 0 1 1 0 0 0 0
 1 0 0 0 0 1 0 0 0 0 1 -86.92099788303084 1 0.020833333333333332
1 0 0 0 0 1 0 0 0 0 1 0 0 0 0 1 1 0 0 1 0 1 1 0 0 0 1 0 0 0 0 1 1 0 0 0 0
 1 0 0 0 0 1 0 0 0 0 1 -84.92099788303084 3 0.020833333333333332
1 0 0 0 0 1 0 0 0 0 1 0 0 0 0 1 1 0 0 0 0 1 1 0 0 0 1 0 0 0 0 1 1 0 0 0 0
 1 1 0 0 0 1 0 0 0 0 1 -86.92099788303084 3 0.020833333333333332
1 0 0 0 0 1 0 0 0 1 1 0 0 0 0 1 1 0 0 0 0 1 1 0 0 0 1 0 0 0 0 1 1 0 0 0 0
 1 0 0 0 0 1 0 0 0 0 1 -84.92099788303084 1 0.020833333333333332
1 0 0 0 0 1 0 0 1 0 1 0 0 0 0 1 1 0 0 0 0 1 1 0 0 0 1 0 0 0 0 1 1 0 0 0 0
 1 0 0 0 0 1 0 0 0 0 1 -84.92099788303084 1 0.020833333333333332
1 0 0 0 0 1 0 0 0 0 1 0 0 0 0 1 1 0 0 0 0 1 1 0 0 0 1 0 0 0 0 1 1 0 0 0 0
 1 0 0 0 0 1 0 0 1 0 1 -84.92099788303084 1 0.020833333333333332
1 0 0 0 0 1 0 0 0 0 1 0 0 1 0 1 1 0 0 0 0 1 1 0 0 0 1 0 0 0 0 1 1 0 0 0 0
 1 0 0 0 0 1 0 0 0 0 1 -84.92099788303084 6 0.020833333333333332
1 0 0 0 0 1 0 0 0 0 1 0 0 0 0 1 1 0 0 0 0 1 1 0 0 0 1 0 0 0 0 1 1 0 0 0 0
 1 0 0 0 0 1 0 0 0 0 1 -91.75872022286245 1 0.0625
1 0 1 0 0 1 0 0 0 0 1 0 0 0 0 1 1 0 0 1 0 1 0 0 0 0 1 0 0 0 0 1 1 0 0 0 0
 1 0 0 0 0 1 0 0 0 0 1 -84.92099788303084 2 0.020833333333333332
1 0 1 0 0 1 0 0 0 0 1 0 0 0 0 1 1 0 0 0 0 1 0 0 0 0 1 0 0 0 0 1 1 0 0 0 0
 1 0 0 0 0 1 0 0 1 0 1 -84.92099788303084 1 0.020833333333333332
1 0 1 0 0 1 0 0 0 0 1 0 0 1 0 1 1 0 0 0 0 1 0 0 0 0 1 0 0 0 0 1 1 0 0 0 0
 1 0 0 0 0 1 0 0 0 0 1 -84.92099788303084 1 0.020833333333333332
1 0 1 0 0 1 0 0 0 0 1 0 0 0 0 1 1 0 0 0 0 1 1 0 0 0 1 0 0 0 0 1 1 0 0 0 0
 1 0 0 0 0 1 0 0 0 0 1 -84.92099788303084 1 0.0625
1 0 0 0 0 1 0 0 0 0 1 0 0 0 0 1 1 0 0 0 0 1 1 0 0 0 1 0 0 0 0 1 1 0 0 0 0
 1 0 0 0 0 1 0 0 0 0 1 -91.75872022286245 1 0.0625
1 0 0 0 0 1 0 0 0 0 1 0 0 0 0 1 1 0 0 0 0 1 1 0 0 0 1 0 0 0 0 1 1 0 0 0 0
 0 0 0 0 0 1 0 0 0 0 1 -82.59644256269408 1 0.041666666666666664
1 0 1 0 0 1 0 0 0 0 1 0 0 0 0 1 1 0 0 0 0 1 1 0 0 0 1 0 0 0 0 1 1 0 0 0 0
 1 0 0 0 0 1 0 0 0 0 1 -84.92099788303084 1 0.0625
1 0 1 0 0 1 0 0 0 0 1 0 0 1 0 1 1 0 0 0 0 1 1 0 0 0 1 0 0 0 0 1 1 0 0 0 0
 1 0 0 0 0 1 0 0 0 0 1 -78.08327554319922 4 0.041666666666666664
1 0 0 0 0 1 0 0 0 0 1 0 0 0 0 1 1 0 0 0 0 1 1 0 0 0 1 0 0 0 0 1 1 0 0 0 0
 1 0 0 0 0 1 0 0 0 0 1 -91.75872022286245 1 0.0625
1 0 0 0 0 1 0 0 0 0 1 0 0 1 0 1 1 0 0 0 0 1 0 0 0 0 1 0 0 0 0 1 1 0 0 0 0
 1 0 0 0 0 1 0 0 0 0 1 -91.75872022286245 1 0.020833333333333332
1 0 1 0 0 1 0 0 0 0 1 0 0 0 0 1 1 0 0 0 1 1 0 0 0 0 1 0 0 0 0 1 1 0 0 0 0
 1 0 0 0 0 1 0 0 0 0 1 -84.92099788303084 1 0.041666666666666664
1 0 0 0 0 1 0 0 0 0 1 0 0 1 0 1 1 0 0 0 0 1 0 0 0 0 1 0 0 0 0 1 1 0 0 0 0
 1 0 0 0 0 1 0 0 0 0 1 -91.75872022286245 1 0.020833333333333332
1 0 0 0 0 1 0 0 0 0 1 0 0 0 0 1 1 0 0 0 0 1 0 0 0 0 1 0 0 0 0 1 1 0 0 0 0
 1 0 0 0 0 1 0 0 0 0 1 -98.59644256269408 1 0.0625
1 0 0 0 0 1 0 0 0 1 0 0 0 0 0 1 1 0 0 0 0 1 0 0 0 0 1 0 0 0 0 1 1 0 0 0 0
 1 0 0 0 0 1 0 0 0 0 1 -87.59644256269408 1 0.020833333333333332
1 0 0 0 0 1 0 0 0 0 1 0 0 0 0 1 1 0 0 0 0 1 0 0 0 0 1 0 0 0 0 1 1 1 0 0 0
 0 0 0 0 0 1 0 0 0 0 1 -87.59644256269408 1 0.020833333333333332
1 0 0 0 0 1 0 0 0 0 1 0 0 0 0 1 1 0 0 0 0 1 0 0 0 0 1 0 0 0 0 1 1 0 0 0 0
 0 0 0 0 0 1 0 0 1 0 1 -87.59644256269408 2 0.020833333333333332
1 0 0 0 0 1 0 0 0 0 1 0 0 0 0 1 1 0 0 0 1 0 0 0 0 0 1 0 0 0 0 1 1 0 0 0 0
 1 0 0 0 0 1 0 0 0 0 1 -87.59644256269408 1 0.020833333333333332
1 0 0 0 0 1 0 0 0 0 1 0 0 0 0 1 1 0 0 0 0 1 1 0 0 0 1 0 0 0 0 1 0 0 0 1 0
 1 0 0 0 0 1 0 1 0 0 0 -79.75872022286245 1 0.041666666666666664
1 0 0 0 0 1 0 0 0 0 1 0 0 1 0 1 1 0 0 0 0 1 1 0 0 0 1 0 0 0 0 1 1 0 0 0 0
 1 0 0 0 0 1 0 0 0 0 1 -84.92099788303084 1 0.041666666666666664
1 0 0 0 0 1 0 0 0 0 1 0 0 0 0 1 1 0 0 0 0 1 0 0 0 0 1 0 0 0 0 1 1 0 0 0 0
 1 0 0 0 0 1 0 0 0 0 1 -98.59644256269408 1 0.020833333333333332
1 0 0 0 0 1 1 0 0 0 1 0 0 0 0 1 1 0 0 0 0 1 1 0 0 0 1 0 0 0 0 1 1 0 0 0 0
 1 0 0 0 0 1 0 0 0 0 1 -86.92099788303084 1 0.041666666666666664
1 0 1 0 0 1 0 0 0 0 1 0 0 0 0 1 1 0 0 0 0 1 0 0 0 0 1 0 0 0 0 1 1 0 0 0 0
 1 0 0 0 0 1 0 0 0 0 1 -91.75872022286245 1 0.0625
1 0 0 0 0 1 0 0 0 0 1 0 0 0 0 1 1 0 0 0 0 1 1 0 0 0 1 0 0 0 0 1 1 0 0 0 0
 0 0 0 0 1 1 0 0 0 0 1 -80.75872022286245 1 0.041666666666666664
1 0 0 0 0 1 0 0 0 0 1 0 0 0 0 1 1 0 0 0 0 1 0 0 0 0 1 0 0 0 0 1 1 0 0 0 0
 0 0 0 0 1 1 0 0 0 0 1 -87.59644256269408 2 0.041666666666666664
1 0 0 0 0 0 0 1 0 0 1 0 0 1 0 0 1 0 0 0 0 0 0 1 0 0 1 0 0 1 0 0 1 0 0 0 0
 0 0 1 0 0 1 0 0 1 0 0 -86.59644256269407 8 0.020833333333333332
1 0 0 0 0 1 0 0 0 0 1 0 0 0 0 1 1 0 0 0 0 1 0 0 0 0 0 0 0 0 1 1 1 0 0 0 0
 1 0 0 0 0 1 0 0 0 0 1 -87.59644256269408 1 0.0
1 0 1 0 0 1 0 0 0 0 1 0 0 0 0 1 1 0 0 0 0 1 0 0 0 0 1 0 0 0 0 1 1 0 0 0 0
 0 0 0 0 0 1 0 0 1 0 1 -80.75872022286245 1 0.041666666666666664
1 0 1 0 0 1 0 0 0 0 1 0 0 0 0 1 1 0 0 0 0 1 0 0 0 0 1 0 0 0 0 1 1 0 0 0 0
 0 0 0 0 1 1 0 0 0 0 1 -80.75872022286245 1 0.041666666666666664
1 0 0 0 0 1 0 0 0 0 1 0 0 0 0 1 1 0 0 0 0 1 0 0 0 0 1 0 0 0 0 1 1 0 0 0 0
 0 0 1 0 0 1 0 0 1 0 1 -85.75872022286245 1 0.020833333333333332
1 0 0 0 0 1 0 0 0 0 1 0 0 0 0 1 1 0 0 0 0 1 0 0 0 0 1 0 0 0 1 1 1 0 0 0 0
 1 0 0 0 0 1 0 0 0 1 1 -86.92099788303084 1 0.0
1 0 0 0 1 0 0 1 0 0 1 0 0 1 0 0 1 0 0 0 0 0 0 1 0 0 1 0 0 1 0 0 1 0 0 0 0
 0 0 1 0 0 1 0 0 1 0 0 -79.75872022286245 3 0.041666666666666664
1 0 0 0 0 1 0 0 0 0 1 0 0 0 0 1 1 0 0 0 0 1 1 0 0 0 1 0 0 0 0 1 1 0 0 0 1
 0 0 0 0 0 1 0 0 0 0 1 -80.75872022286245 1 0.020833333333333332
1 0 0 0 1 0 0 0 0 1 1 0 0 0 0 1 1 0 0 0 0 1 0 0 0 0 1 0 0 0 0 1 1 0 0 0 0
 1 0 0 0 0 1 0 0 0 0 1 -85.75872022286245 1 0.020833333333333332
0 1 0 0 1 0 0 0 0 0 1 0 0 0 0 1 0 1 0 0 1 0 0 0 0 0 1 0 0 0 0 1 0 1 0 0 1
 0 0 0 0 0 1 0 0 0 0 1 -86.59644256269407 1 0.0
1 0 0 0 0 1 0 0 0 0 1 0 0 0 0 1 1 0 0 0 0 1 0 0 0 0 1 0 0 0 0 1 1 0 0 0 0
 0 0 1 0 0 1 0 0 0 0 1 -87.59644256269408 1 0.041666666666666664
1 0 0 0 0 1 0 0 0 0 1 0 0 0 0 1 1 0 0 0 0 1 1 0 0 0 1 0 0 0 0 1 1 0 0 1 0
 1 0 0 0 0 1 0 0 0 0 1 -84.92099788303084 1 0.041666666666666664
1 0 0 0 0 1 0 0 0 0 1 0 0 0 0 1 1 0 0 1 0 1 1 0 0 0 1 0 0 0 0 1 1 0 0 0 0
 1 0 0 1 0 1 0 0 0 0 1 -78.08327554319922 1 0.041666666666666664
1 0 1 0 0 1 0 0 0 0 1 0 0 0 0 1 1 0 0 0 0 1 1 0 0 0 1 0 0 0 0 1 1 0 0 0 0
 0 0 0 0 0 1 0 0 1 0 1 -73.92099788303084 1 0.0625
1 0 1 0 0 0 0 1 0 0 1 0 0 1 0 0 1 0 0 0 0 0 0 1 0 0 1 0 0 1 0 0 1 0 0 0 0
 0 0 1 0 0 1 0 0 1 0 0 -79.75872022286245 6 0.041666666666666664
1 0 0 0 0 1 1 0 0 0 1 0 0 0 0 1 1 0 0 0 0 1 1 0 0 0 1 0 0 0 0 1 1 0 0 0 0
 1 1 0 0 0 1 0 0 0 0 1 -84.0832755431992 1 0.020833333333333332
1 0 1 0 0 1 0 0 0 0 1 0 0 0 0 1 1 0 0 0 0 1 0 0 0 0 1 0 0 0 0 1 1 0 0 0 1
 0 0 0 0 0 1 0 0 0 0 1 -80.75872022286245 1 0.020833333333333332
1 0 0 0 0 1 0 0 0 0 1 0 0 0 0 1 1 0 0 0 0 1 1 0 0 0 1 0 0 0 0 1 1 0 0 0 0
 1 0 0 0 0 1 0 0 0 0 1 -91.75872022286245 1 0.041666666666666664
1 0 0 0 0 1 0 0 0 0 1 0 0 0 0 1 1 0 0 0 0 1 0 0 0 0 1 0 0 0 0 1 1 0 0 0 1
 0 0 0 0 0 1 0 0 1 0 1 -85.75872022286245 3 0.0
1 0 1 0 0 1 0 0 0 0 1 0 0 0 0 1 1 0 0 1 0 1 0 0 0 0 1 0 0 0 0 1 1 0 0 0 0
 1 0 0 0 0 1 1 0 0 0 1 -78.08327554319922 1 0.041666666666666664
1 0 0 0 0 1 0 0 0 0 1 0 0 0 0 1 0 0 0 1 0 1 1 0 0 0 1 0 1 0 0 0 1 0 0 0 0
 1 0 0 0 0 1 0 0 0 0 1 -79.75872022286245 1 0.020833333333333332
1 0 0 0 0 0 0 1 0 0 1 0 0 1 0 0 1 0 0 0 0 0 0 1 0 0 1 0 0 1 0 0 1 0 0 0 0
 0 0 1 0 0 1 0 0 1 0 0 -86.59644256269407 1 0.041666666666666664
1 0 0 0 0 0 0 1 0 0 1 0 0 1 0 0 1 0 0 0 0 0 0 1 0 0 1 0 0 1 0 0 1 0 0 0 0
 0 0 1 0 0 1 0 0 1 0 0 -86.59644256269407 2 0.041666666666666664
1 0 1 0 0 1 0 0 0 0 1 0 0 1 0 1 1 0 0 0 0 1 1 0 0 0 1 0 0 0 0 1 1 0 0 0 0
 1 0 0 0 0 1 0 0 0 0 1 -78.08327554319922 1 0.0625
0 0 0 1 0 1 0 0 0 0 1 0 1 0 0 0 0 0 0 1 0 1 0 0 0 0 1 0 1 0 0 0 0 0 0 1 0
 1 0 0 0 0 1 0 1 0 0 0 -86.59644256269407 1 0.020833333333333332
1 0 0 0 0 0 0 1 0 0 1 0 0 1 0 0 1 0 0 0 0 0 0 1 0 0 1 0 0 1 0 0 1 0 0 0 0
 0 0 1 0 0 1 0 0 1 0 0 -86.59644256269407 3 0.041666666666666664
1 0 0 0 0 1 0 0 0 0 1 0 0 0 0 1 1 0 0 0 0 1 1 0 0 0 1 0 0 0 0 1 1 1 0 0 1
 0 0 0 0 0 1 0 0 0 0 1 -78.92099788303084 1 0.020833333333333332
1 0 0 0 0 1 0 0 0 0 1 0 0 0 0 1 1 0 0 0 0 1 1 0 0 0 1 0 0 0 0 1 1 0 0 0 1
 0 0 0 0 0 1 0 0 1 0 1 -78.92099788303084 1 0.020833333333333332
1 0 0 0 0 1 0 0 0 0 1 0 0 0 0 1 1 0 0 1 0 1 1 0 0 0 1 0 0 1 0 0 1 0 0 0 0
 1 0 0 0 0 1 0 0 0 0 1 -78.92099788303084 2 0.020833333333333332
1 0 0 0 0 1 0 0 0 0 1 0 0 0 0 1 1 0 0 0 0 1 1 0 0 0 1 0 0 0 0 1 1 0 0 0 1
 0 0 0 0 1 1 0 0 0 0 1 -78.92099788303084 1 0.020833333333333332
1 0 0 0 0 1 0 0 0 0 1 0 0 0 0 1 1 0 0 0 0 1 0 0 0 0 1 0 0 0 0 1 1 0 0 0 0
 1 0 0 0 0 1 0 0 0 0 1 -98.59644256269408 1 0.041666666666666664
1 0 0 0 0 1 0 0 0 0 1 0 0 1 0 1 1 0 0 0 0 0 1 0 0 0 1 0 0 0 0 1 1 0 0 0 0
 1 0 0 0 0 1 0 0 0 0 1 -80.75872022286245 1 0.041666666666666664
1 0 0 0 1 0 0 1 0 0 1 0 0 1 0 0 1 0 0 0 0 0 0 1 0 0 1 0 0 1 0 0 1 0 0 0 0
 0 0 1 0 0 1 0 0 1 0 0 -79.75872022286245 1 0.0625
0 1 0 0 1 0 0 0 0 0 1 0 0 0 0 1 0 1 0 0 1 0 0 0 0 0 1 0 0 0 0 1 0 1 0 0 1
 0 0 0 0 0 1 0 0 0 0 1 -86.59644256269407 1 0.020833333333333332
1 0 0 0 0 0 0 1 0 0 1 0 0 0 0 0 1 0 0 0 0 0 0 1 0 0 1 0 0 1 0 0 1 0 0 0 0
 0 0 1 0 0 1 0 0 1 0 0 -79.4341649025257 1 0.041666666666666664
1 0 0 0 0 1 0 0 0 0 1 0 0 0 0 1 1 0 0 0 0 1 0 0 0 0 1 0 0 0 0 1 1 0 0 0 1
 0 0 0 0 1 1 0 0 0 0 1 -85.75872022286245 1 0.020833333333333332
1 0 0 0 0 0 0 1 0 0 1 0 0 1 0 0 1 0 0 0 0 0 0 1 0 0 1 0 0 1 0 0 1 0 0 0 0
 0 0 1 0 0 1 0 0 1 0 0 -86.59644256269407 1 0.041666666666666664
1 0 0 0 1 1 0 0 0 0 1 0 0 0 0 1 1 0 0 0 0 1 0 0 0 0 1 0 0 0 0 1 1 0 0 0 0
 1 0 0 0 0 1 0 0 0 0 1 -91.75872022286245 1 0.020833333333333332
1 0 0 0 0 1 0 0 0 0 1 0 0 1 0 1 1 0 0 0 0 1 0 0 0 0 1 0 0 1 0 1 1 0 0 0 0
 1 0 0 0 0 1 0 0 1 0 1 -84.0832755431992 1 0.0
1 0 0 0 0 1 0 0 0 0 1 0 0 0 0 1 1 0 0 1 0 1 1 0 0 0 1 0 0 0 0 1 1 0 0 0 0
 1 0 0 0 0 1 0 0 0 1 1 -78.08327554319922 1 0.020833333333333332
1 0 0 0 0 1 0 0 0 0 1 0 0 1 0 1 1 0 0 0 0 1 0 0 0 0 1 0 0 0 0 1 1 0 0 0 0
 0 0 0 0 0 1 0 0 1 0 1 -82.75872022286245 1 0.020833333333333332
1 0 0 0 0 1 0 0 0 0 1 0 0 0 0 1 1 0 0 0 0 1 0 0 0 0 1 0 0 0 0 1 1 0 0 0 0
 0 0 0 0 0 1 0 0 0 0 1 -89.4341649025257 1 0.0625
1 0 1 0 0 0 0 1 0 0 1 0 0 1 0 0 1 0 0 0 0 0 0 1 0 0 1 0 0 1 0 0 1 0 0 0 0
 0 0 1 0 0 1 0 0 1 0 0 -79.75872022286245 1 0.0625
1 0 1 0 1 1 0 0 0 0 1 0 0 1 0 1 1 0 0 0 0 1 0 0 0 0 1 0 0 0 0 1 1 0 0 0 0
 1 0 0 0 0 1 0 0 0 0 1 -78.08327554319922 1 0.041666666666666664
1 0 0 0 0 1 0 0 0 0 1 0 0 0 0 1 1 0 0 0 0 1 0 0 0 0 1 0 0 0 0 1 1 0 1 0 0
 0 0 0 0 0 1 0 0 0 0 1 -82.59644256269408 1 0.020833333333333332
1 0 0 0 0 1 0 0 0 0 1 0 0 1 0 1 1 0 0 0 0 1 0 0 0 0 1 0 0 0 0 1 0 0 0 1 0
 1 0 0 0 0 1 0 0 0 0 1 -80.75872022286245 1 0.020833333333333332
1 0 0 0 0 0 0 1 0 0 1 0 0 1 0 0 1 0 0 0 0 0 0 1 0 0 1 0 0 1 0 0 1 0 0 0 0
 0 0 1 0 0 1 0 0 1 0 0 -86.59644256269407 1 0.041666666666666664
1 0 0 0 0 0 0 1 0 0 1 0 0 1 0 0 1 0 0 0 0 0 0 1 0 0 1 0 0 1 0 0 1 0 0 0 0
 0 0 1 0 1 1 0 0 1 0 0 -79.75872022286245 2 0.041666666666666664
1 0 0 0 0 1 0 0 0 0 1 0 0 0 0 1 1 0 0 0 0 1 1 0 0 0 1 0 0 0 0 1 1 1 0 0 0
 0 0 1 0 0 1 0 0 0 0 1 -78.92099788303084 1 0.0625
1 0 1 0 0 1 0 0 0 0 1 0 0 1 0 1 1 0 0 0 0 1 0 0 0 0 1 0 0 0 0 1 1 0 0 0 1
 1 0 0 0 0 1 0 0 0 0 1 -78.08327554319922 1 0.020833333333333332
1 0 1 0 0 0 0 1 0 0 1 0 0 1 0 0 1 0 0 0 0 0 0 1 0 0 1 0 0 1 0 0 1 0 0 0 0
 0 0 1 0 0 1 0 0 1 0 0 -79.75872022286245 1 0.0625
1 0 0 0 0 1 0 0 0 0 1 0 0 1 0 1 1 0 0 0 0 1 1 0 0 0 1 0 0 0 0 1 1 0 0 0 0
 0 0 0 0 0 1 0 0 1 0 1 -75.92099788303084 1 0.041666666666666664
1 0 1 0 0 1 0 0 0 0 1 0 0 0 0 1 1 0 0 0 0 1 0 0 0 0 1 0 0 0 0 1 1 0 0 0 0
 0 0 1 0 0 1 0 0 1 0 1 -78.92099788303084 1 0.0625
1 0 0 0 0 0 0 1 0 0 1 0 0 1 0 0 1 0 0 0 0 0 0 1 0 0 1 0 0 1 0 0 1 0 0 0 0
 0 0 1 0 0 1 0 0 1 0 1 -81.75872022286245 1 0.020833333333333332
1 0 0 0 0 1 0 0 0 0 1 0 0 0 0 1 1 0 0 0 1 1 0 0 0 0 1 0 0 0 0 1 1 0 0 0 1
 0 0 0 0 0 1 0 0 0 0 1 -82.75872022286245 2 0.0
1 0 0 1 0 1 0 0 0 0 1 0 0 0 0 1 1 0 0 0 0 1 0 0 0 0 1 0 0 0 0 1 1 0 0 0 0
 1 0 0 0 0 1 0 0 1 0 1 -84.92099788303084 1 0.020833333333333332
1 0 0 0 1 0 0 1 0 0 1 0 0 1 0 0 1 0 0 0 0 0 0 1 0 0 1 0 0 1 0 0 1 0 0 0 0
 0 0 1 0 1 1 0 0 1 0 0 -72.92099788303084 1 0.0625
1 0 1 0 0 1 0 0 0 0 1 0 0 0 0 1 1 0 0 0 0 1 1 0 0 0 1 0 0 0 0 1 1 0 0 0 0
 0 0 1 0 0 1 0 0 1 0 1 -72.08327554319922 1 0.08333333333333333
1 0 0 0 0 1 0 0 0 0 1 0 0 0 0 1 1 0 0 0 0 1 0 0 0 0 1 0 0 0 1 1 1 0 0 0 0
 0 0 0 0 1 1 0 0 0 0 1 -80.75872022286245 1 0.020833333333333332
1 0 0 0 0 1 0 0 0 0 1 0 0 0 0 1 1 0 0 1 0 1 0 0 0 0 1 0 0 0 0 1 1 0 0 0 0
 0 0 0 0 1 1 0 0 0 0 1 -80.75872022286245 1 0.020833333333333332
1 0 0 0 0 1 0 0 0 0 1 0 0 1 0 1 1 0 0 0 0 1 0 0 0 0 1 0 0 0 0 1 1 0 0 0 0
 0 0 0 0 1 1 0 0 0 0 1 -80.75872022286245 1 0.020833333333333332
1 1 0 0 1 0 0 0 0 0 1 0 0 0 0 1 1 0 0 0 1 0 0 0 0 0 1 0 0 0 0 1 0 1 0 0 1
 0 0 0 0 0 1 0 0 0 0 1 -76.75872022286245 1 0.020833333333333332
1 0 0 0 0 1 0 0 0 0 1 0 0 1 0 1 1 0 0 0 0 1 0 0 0 0 1 0 0 0 0 1 1 0 0 0 0
 0 0 0 0 0 1 0 0 1 0 1 -82.75872022286245 1 0.041666666666666664
1 0 1 0 0 0 0 1 0 0 1 0 0 1 0 0 1 0 0 0 0 0 0 1 0 0 1 0 0 1 0 0 1 0 0 0 0
 0 0 1 0 0 1 0 0 1 0 1 -74.92099788303084 1 0.041666666666666664
1 0 0 0 0 0 0 1 0 0 1 0 0 1 0 0 1 0 0 0 0 0 0 1 0 0 1 0 0 1 0 0 1 0 0 0 0
 0 0 1 0 0 1 0 0 1 1 0 -79.75872022286245 1 0.020833333333333332
1 0 0 0 0 1 0 0 0 1 1 0 0 0 0 1 1 0 0 0 0 1 0 0 0 0 1 0 0 0 0 1 1 0 0 0 1
 0 0 0 0 1 1 0 0 0 0 1 -80.92099788303084 1 0.0
1 0 0 0 0 1 0 0 0 0 1 0 0 1 0 1 1 0 0 0 0 1 0 0 0 0 1 0 0 0 0 1 1 0 0 0 1
 0 0 0 0 0 1 0 0 1 0 1 -80.92099788303084 1 0.0
1 0 0 0 0 1 0 1 0 0 1 0 0 1 0 0 1 0 0 0 0 0 0 1 0 0 1 0 0 1 0 0 1 0 0 0 0
 0 0 1 0 0 1 0 0 1 0 0 -81.75872022286245 1 0.041666666666666664
0 0 0 1 1 0 0 0 0 0 1 0 0 1 0 0 0 0 0 1 1 0 0 0 0 0 1 0 0 1 0 0 0 0 0 1 1
 0 0 0 0 0 1 0 0 1 0 0 -80.59644256269407 3 0.0
1 0 0 0 1 0 0 0 0 0 1 0 0 0 0 1 0 1 0 0 1 0 0 0 0 0 1 0 0 0 0 1 0 1 0 0 1
 0 0 0 0 0 1 0 0 0 0 1 -79.59644256269408 1 0.020833333333333332
1 0 0 0 0 1 0 0 0 0 1 0 0 1 0 1 1 0 0 0 0 1 1 0 0 0 1 0 0 0 0 1 1 0 0 0 0
 0 0 0 0 0 1 0 0 1 0 1 -75.92099788303084 1 0.0625
1 0 1 0 0 0 0 1 0 0 1 0 0 1 0 0 1 0 0 0 0 0 1 1 0 0 1 0 0 1 0 0 1 0 0 0 0
 0 0 1 0 0 1 0 0 1 0 0 -72.92099788303084 1 0.0625
1 0 0 0 0 1 0 0 0 0 1 0 0 1 0 1 1 0 0 0 0 1 1 0 0 0 1 0 0 0 0 1 1 0 0 0 0
 0 0 0 0 0 1 0 0 1 0 1 -75.92099788303084 1 0.0625
1 0 0 0 0 0 0 1 0 0 1 0 0 1 0 0 1 0 0 0 0 0 0 0 0 0 1 0 0 1 0 1 1 0 0 0 0
 1 0 0 0 0 1 0 0 0 0 1 -79.59644256269407 1 0.020833333333333332
1 0 0 0 0 1 0 0 0 0 1 0 0 0 0 1 1 0 0 0 1 0 0 0 0 0 1 0 0 1 0 1 1 0 0 0 0
 0 0 0 0 0 1 0 0 1 0 1 -78.75872022286245 1 0.020833333333333332
1 0 0 0 0 0 0 1 0 0 1 0 0 1 0 1 1 0 0 0 0 1 0 0 0 0 1 0 0 0 0 1 1 0 0 0 0
 0 0 1 0 0 1 0 0 0 0 1 -78.75872022286245 1 0.020833333333333332
1 0 0 0 1 0 0 0 0 0 1 0 0 1 0 1 1 0 0 0 0 1 1 0 0 0 1 0 0 0 0 1 1 0 0 0 0
 0 0 0 0 0 1 0 0 1 0 1 -71.92099788303084 1 0.0625
1 0 0 0 0 0 0 1 0 1 1 0 0 0 0 0 1 0 0 0 0 0 0 1 0 0 1 0 0 1 0 0 1 0 0 0 0
 0 0 1 0 0 1 0 0 1 0 0 -77.59644256269407 1 0.0625
1 0 1 0 0 1 0 0 0 0 1 0 0 1 0 1 1 0 0 0 0 1 0 0 0 0 1 0 0 0 0 1 1 0 0 0 0
 0 0 0 0 0 1 0 0 0 0 1 -75.75872022286245 1 0.0625
0 1 0 0 1 0 0 0 1 0 1 0 0 0 0 1 0 1 0 0 1 0 0 0 0 0 1 0 0 0 0 1 0 1 0 0 1
 0 0 0 0 0 1 0 0 0 0 1 -79.75872022286245 1 0.0
1 0 0 0 0 1 0 0 0 0 1 0 0 0 0 1 1 0 0 0 1 0 0 0 0 0 1 0 0 0 0 1 1 0 0 0 1
 0 0 0 0 1 1 0 0 0 0 1 -78.75872022286245 1 0.020833333333333332
1 0 0 0 0 1 0 0 0 0 1 0 0 1 0 1 1 0 0 0 0 1 0 0 0 0 1 0 0 0 0 1 1 0 0 0 0
 0 0 0 0 0 1 0 0 1 0 1 -82.75872022286245 1 0.041666666666666664
1 0 0 0 0 1 0 0 0 0 1 0 0 0 0 1 1 0 0 0 0 1 1 0 0 0 1 0 0 0 0 1 1 1 0 0 0
 0 0 1 0 1 1 0 0 0 0 1 -72.08327554319922 1 0.08333333333333333
1 0 1 0 0 1 0 0 0 0 1 0 0 1 0 1 1 0 0 0 0 1 0 0 0 0 1 0 0 1 0 1 1 0 0 0 0
 0 0 0 0 0 1 0 0 1 0 1 -73.08327554319922 1 0.041666666666666664
1 0 0 0 0 0 1 0 0 1 0 0 0 0 0 1 1 0 0 0 0 0 1 0 0 1 1 0 0 0 0 1 1 0 0 0 0
 0 1 0 0 1 1 0 0 0 0 1 -78.92099788303082 1 0.020833333333333332
1 0 0 0 0 0 0 1 0 0 1 0 0 1 0 0 1 0 0 0 0 1 0 0 0 0 1 0 0 0 0 1 1 0 0 0 0
 0 0 1 0 1 1 0 0 1 0 0 -75.75872022286245 1 0.041666666666666664
1 0 0 0 0 0 0 1 0 0 1 0 0 1 0 1 1 0 0 0 0 1 1 0 0 0 1 0 0 0 0 1 1 0 0 0 0
 0 0 0 0 0 1 0 0 1 0 1 -71.92099788303084 3 0.041666666666666664
1 0 0 0 0 1 0 0 0 0 1 1 0 1 0 0 1 0 0 0 0 1 0 0 0 0 1 1 0 1 0 1 1 0 0 0 0
 1 0 0 0 0 1 0 0 0 0 1 -76.0832755431992 1 0.041666666666666664
1 0 1 0 0 0 0 0 0 1 1 0 0 0 0 1 1 0 0 0 0 1 0 0 0 0 1 0 0 0 0 1 1 0 0 0 0
 0 0 0 0 1 1 0 0 0 0 1 -73.75872022286245 1 0.020833333333333332
1 0 0 0 0 1 0 0 0 0 1 0 0 0 0 1 1 0 0 0 1 0 0 0 0 0 1 0 0 1 0 1 1 0 0 0 1
 0 0 0 0 0 1 0 0 1 0 1 -78.92099788303084 1 0.0
1 0 0 0 0 1 0 0 0 0 1 0 0 0 0 1 1 0 0 1 0 1 0 0 0 0 1 0 0 0 0 1 1 0 0 0 1
 0 0 0 0 0 1 0 0 1 0 1 -78.92099788303084 1 0.0
0 0 0 1 1 1 0 0 0 0 1 0 0 1 0 0 0 0 0 1 1 0 0 0 0 0 1 0 0 1 0 0 0 0 0 1 1
 0 0 0 0 0 1 0 0 1 0 0 -75.75872022286245 1 0.020833333333333332
1 0 0 0 0 1 0 0 1 0 1 0 0 0 0 1 1 0 0 0 0 1 1 0 0 0 1 0 0 0 0 1 0 1 0 0 1
 0 0 0 0 0 1 0 0 0 0 1 -72.92099788303084 1 0.020833333333333332
1 0 0 0 0 0 0 1 0 0 1 0 0 1 0 0 1 0 0 0 1 0 0 0 0 0 1 0 0 1 0 0 1 0 0 0 0
 0 0 1 0 0 1 0 0 1 0 0 -77.59644256269408 1 0.020833333333333332
1 0 1 0 1 0 0 0 0 0 1 0 0 0 0 1 0 1 0 0 1 0 0 0 0 0 1 0 0 0 0 1 0 1 0 0 1
 0 0 0 0 0 1 0 0 0 0 1 -72.75872022286245 1 0.041666666666666664
1 0 0 1 0 1 0 0 0 0 1 0 0 1 0 0 1 0 0 1 0 1 0 0 0 0 1 0 0 0 0 0 1 0 0 0 0
 1 0 0 0 0 1 0 0 0 0 1 -78.75872022286245 1 0.0
1 0 0 0 0 1 0 0 0 0 1 1 0 1 0 0 1 0 0 0 0 1 0 0 0 0 1 0 0 0 0 1 1 0 0 0 0
 0 0 0 0 0 1 0 0 1 0 1 -76.75872022286245 1 0.041666666666666664
1 0 0 0 0 0 0 1 0 0 1 0 0 1 0 0 1 0 0 1 0 0 0 0 0 0 1 0 0 1 0 0 1 0 0 0 0
 0 0 1 0 0 1 0 0 1 0 0 -77.59644256269407 1 0.041666666666666664
1 0 0 0 0 0 0 1 0 0 1 0 0 1 0 0 1 0 0 1 0 0 0 1 0 0 1 0 0 1 0 0 1 0 0 0 0
 0 0 1 0 0 1 0 0 1 0 0 -79.75872022286245 1 0.0625
1 0 0 0 1 1 0 0 0 0 1 0 0 1 0 1 1 0 0 0 0 1 1 0 0 0 1 0 0 0 0 1 1 0 0 0 1
 0 0 0 0 0 1 0 0 0 0 1 -69.0832755431992 1 0.041666666666666664
1 0 0 0 0 0 0 1 0 0 1 0 0 1 0 0 1 0 0 1 0 1 0 0 0 0 1 0 0 1 0 0 1 0 0 0 0
 0 0 1 0 0 1 0 0 1 0 0 -77.75872022286245 1 0.0625
1 0 0 0 1 0 0 0 0 0 1 0 0 1 0 1 1 0 0 0 1 0 0 0 0 0 1 0 0 1 0 1 1 0 0 0 1
 0 0 0 0 0 1 0 0 1 0 1 -78.0832755431992 2 0.0
1 0 0 0 0 0 1 0 0 0 1 0 0 1 0 1 1 0 0 0 0 0 1 0 0 0 1 0 0 1 0 1 1 0 0 0 0
 0 1 0 0 0 1 0 0 1 0 1 -78.0832755431992 1 0.0
1 0 0 0 0 1 1 0 0 1 1 0 0 0 0 1 1 0 0 1 0 1 0 0 0 0 1 0 0 0 0 1 1 0 0 0 0
 1 0 0 0 0 1 0 0 0 0 1 -78.08327554319922 1 0.0
1 0 0 0 0 1 0 0 0 0 1 0 0 1 0 1 1 0 0 0 0 1 0 0 0 0 1 0 0 0 0 1 1 0 0 0 1
 0 0 0 0 1 1 0 0 0 0 1 -78.92099788303084 1 0.020833333333333332
1 0 0 0 0 1 0 0 0 0 1 0 0 1 0 1 1 0 0 0 0 1 0 0 0 0 1 0 0 0 0 1 1 0 0 0 0
 0 0 0 0 0 1 1 0 1 0 0 -76.75872022286245 1 0.020833333333333332
1 0 1 0 0 1 0 0 0 0 1 0 0 1 0 1 1 0 0 0 0 1 0 0 0 0 1 0 0 0 0 1 1 0 0 0 0
 0 0 0 0 1 1 0 0 1 0 1 -69.08327554319922 1 0.0625
1 0 0 0 0 1 0 0 0 0 1 0 0 0 0 1 1 0 0 0 0 0 1 0 0 0 1 0 0 0 0 1 0 1 0 0 1
 0 0 0 0 1 1 0 0 0 0 1 -70.75872022286245 1 0.041666666666666664
1 0 0 0 0 0 1 0 0 1 0 0 0 0 0 1 1 0 0 0 0 0 1 0 0 0 1 0 0 1 0 1 1 0 0 0 0
 0 1 0 0 1 0 0 0 0 0 1 -77.75872022286245 1 0.0
1 0 0 0 0 1 0 0 0 0 1 0 0 1 0 1 1 0 0 0 1 1 0 0 0 0 1 0 0 0 0 1 1 0 0 0 0
 1 0 0 0 0 1 0 0 0 0 1 -84.92099788303084 1 0.020833333333333332
1 0 0 0 0 1 1 0 0 0 1 0 0 0 0 1 1 0 0 0 0 1 1 0 0 0 1 0 0 0 0 1 1 0 0 0 0
 0 1 0 0 0 1 0 0 1 0 1 -78.0832755431992 1 0.041666666666666664
1 0 1 0 0 0 0 1 0 0 1 0 0 1 0 0 1 0 0 1 0 1 0 0 0 0 1 0 0 1 0 0 1 0 0 0 0
 0 0 1 0 0 1 0 0 1 0 0 -70.92099788303084 1 0.041666666666666664
1 0 0 0 1 1 0 0 0 0 1 0 0 1 0 1 1 0 0 0 0 1 0 0 0 0 1 0 0 0 0 1 1 0 0 0 0
 0 0 1 0 0 1 0 0 0 0 1 -73.92099788303084 1 0.08333333333333333
1 0 1 0 0 0 0 0 0 0 1 0 0 1 0 1 1 0 0 0 0 1 0 0 0 0 1 0 0 0 0 1 1 0 0 0 0
 0 0 0 0 1 1 0 0 0 0 1 -71.75872022286245 1 0.0625
1 0 0 0 0 1 0 0 0 0 1 0 0 1 0 1 1 0 0 0 0 1 1 0 0 0 1 0 0 0 0 1 1 0 0 0 1
 0 0 0 0 0 1 0 0 0 0 1 -73.92099788303084 1 0.041666666666666664
1 0 0 0 0 1 0 0 0 0 1 0 0 1 0 1 1 0 0 0 0 1 0 0 0 0 1 0 0 1 0 1 1 0 0 0 0
 0 0 0 0 1 1 0 0 0 0 1 -75.92099788303084 1 0.020833333333333332
1 0 0 0 0 0 0 1 0 0 1 0 0 1 0 0 1 0 0 0 0 0 0 0 0 0 1 0 0 1 0 0 1 0 0 0 0
 0 0 1 0 0 1 0 0 1 0 0 -79.4341649025257 1 0.041666666666666664
1 0 0 1 0 1 0 0 0 0 1 0 0 0 0 0 1 0 0 1 0 1 0 0 0 0 1 0 0 1 0 0 1 0 0 0 0
 1 0 0 0 0 1 0 0 0 0 1 -78.75872022286245 1 0.041666666666666664
1 0 0 0 0 0 0 1 0 0 1 0 0 1 0 1 1 0 0 0 0 0 0 0 0 0 1 0 0 1 0 1 1 0 0 0 0
 0 0 0 0 0 1 0 0 1 0 1 -75.75872022286245 1 0.020833333333333332
1 0 0 0 0 0 0 1 0 0 1 0 0 1 0 0 1 0 0 0 1 0 0 0 0 0 1 0 0 0 0 1 1 0 0 0 0
 1 0 0 0 0 1 0 0 0 0 1 -77.59644256269408 1 0.020833333333333332
1 0 0 0 1 0 0 0 0 0 1 0 0 1 0 1 1 0 0 0 1 0 0 0 0 0 1 0 0 0 0 1 1 0 0 0 1
 0 0 0 0 0 1 0 0 0 0 1 -75.75872022286245 1 0.020833333333333332
1 0 0 0 0 0 0 1 0 0 1 0 0 1 0 0 1 0 0 1 0 0 1 0 0 0 1 0 0 1 0 0 1 0 0 0 0
 0 0 1 0 0 1 0 0 1 0 0 -75.75872022286245 1 0.041666666666666664
1 0 0 0 0 0 1 0 0 1 0 0 0 0 0 1 1 0 0 0 0 0 1 0 0 0 1 0 0 1 0 1 1 0 0 0 0
 1 0 0 0 0 1 0 0 0 0 1 -77.75872022286245 1 0.020833333333333332
1 0 0 1 1 0 0 0 0 0 1 0 0 1 0 0 0 0 0 1 1 0 0 0 0 0 1 0 0 1 0 0 0 0 0 1 1
 0 0 0 0 0 1 0 0 1 0 0 -75.75872022286245 1 0.020833333333333332
1 0 0 0 0 0 0 1 0 0 1 0 0 1 0 0 1 0 0 0 0 0 1 1 0 0 1 0 0 1 0 0 1 0 0 0 0
 0 0 1 0 1 1 0 0 1 0 0 -72.92099788303084 1 0.041666666666666664
1 0 0 0 0 1 0 0 0 0 1 0 0 1 0 1 1 0 0 0 0 1 0 0 0 0 1 0 0 0 0 1 1 0 0 0 1
 0 0 0 0 1 1 0 0 1 0 1 -74.08327554319922 1 0.020833333333333332
1 0 0 0 0 0 0 1 0 0 1 0 0 1 0 0 1 0 0 1 0 0 0 0 0 0 1 0 0 1 0 0 1 0 0 0 0
 0 0 1 0 0 1 0 0 1 0 0 -77.59644256269407 1 0.041666666666666664
1 0 0 0 1 1 0 0 0 0 1 0 0 1 0 1 1 0 0 0 1 0 0 0 0 0 1 0 0 1 0 1 1 0 0 0 1
 0 0 0 0 0 1 0 0 1 0 1 -73.24555320336759 1 0.020833333333333332
1 0 0 0 0 0 0 1 0 0 1 0 0 1 0 1 1 0 0 0 0 1 1 0 0 0 1 0 0 1 0 1 1 0 0 0 0
 0 0 1 0 0 1 0 0 1 0 1 -69.24555320336759 1 0.041666666666666664
1 0 0 0 0 0 0 1 0 0 1 0 0 1 0 0 0 0 0 1 1 0 0 0 0 0 1 0 0 1 0 0 1 0 0 0 0
 0 0 1 0 0 1 0 0 1 0 0 -76.59644256269407 1 0.0625
1 0 0 0 0 0 1 0 0 1 0 1 0 1 0 0 1 0 0 0 0 0 1 0 0 0 0 1 0 1 0 0 1 0 0 0 0
 0 1 0 0 0 0 1 0 1 0 0 -73.75872022286245 1 0.0625
1 0 0 1 0 1 0 0 0 0 1 0 0 1 0 0 1 0 0 1 0 1 0 0 0 0 1 0 0 1 0 0 1 0 0 0 0
 0 0 1 0 0 1 0 0 1 0 0 -74.92099788303084 1 0.020833333333333332
1 0 0 0 1 0 0 0 0 0 1 0 0 1 0 1 1 0 0 0 1 0 0 0 0 0 1 0 0 1 0 1 1 0 0 0 1
 1 0 0 0 0 1 0 0 0 0 1 -76.0832755431992 1 0.0
1 0 0 0 0 0 1 0 0 0 1 0 0 1 0 1 1 0 0 0 0 1 1 0 0 0 1 0 0 0 0 1 1 0 0 0 0
 0 1 0 0 0 1 0 0 1 0 1 -76.0832755431992 1 0.0
1 0 0 1 0 1 0 0 0 0 1 0 0 1 0 0 1 0 0 0 0 1 0 0 0 0 1 0 0 1 0 0 1 0 0 0 0
 0 0 1 0 0 1 0 0 1 0 0 -74.75872022286245 1 0.020833333333333332
1 0 0 0 0 1 0 0 1 0 1 0 0 0 0 1 1 0 0 0 0 0 0 1 0 0 1 0 0 0 0 1 1 1 0 0 0
 0 0 0 0 0 1 0 0 0 0 1 -71.75872022286245 1 0.041666666666666664
1 0 0 0 0 0 0 0 0 1 1 0 0 0 0 1 1 0 0 0 1 1 0 0 0 0 1 0 0 0 0 1 1 0 0 0 1
 1 0 0 0 0 1 0 0 0 0 1 -75.92099788303084 1 0.0
0 0 0 1 1 1 0 0 0 0 1 0 0 1 0 0 0 0 0 1 1 0 0 0 0 0 1 0 0 1 0 0 0 0 0 1 1
 0 0 0 0 0 1 0 0 1 0 0 -75.75872022286245 1 0.041666666666666664
1 0 0 0 0 0 0 1 0 0 1 0 0 1 0 0 1 0 0 0 0 0 0 1 0 0 1 0 0 1 0 0 1 0 0 0 0
 0 0 0 0 1 1 0 0 0 0 1 -75.59644256269407 1 0.041666666666666664
1 0 0 0 0 0 1 0 0 0 1 0 0 1 0 1 1 0 0 0 0 0 1 0 0 0 1 0 0 1 0 1 1 0 0 0 0
 0 1 0 0 0 1 0 0 1 0 1 -78.0832755431992 1 0.020833333333333332
1 0 1 0 0 1 0 0 0 0 1 0 0 1 0 1 1 0 0 0 0 1 0 0 0 0 1 0 0 1 0 1 1 0 0 0 0
 0 0 1 0 0 1 0 0 1 0 1 -71.24555320336759 1 0.0625
1 0 0 0 0 1 0 0 0 0 1 0 0 1 0 0 1 0 0 1 0 1 0 0 0 0 1 0 0 1 0 0 1 0 0 0 0
 0 0 1 0 0 1 0 0 1 0 0 -74.75872022286245 1 0.08333333333333333
0 0 0 1 1 1 0 0 0 0 1 0 0 1 0 0 0 0 0 1 1 1 0 0 0 0 1 0 0 1 0 0 0 0 0 1 1
 0 0 0 0 0 1 0 0 1 0 0 -72.92099788303082 1 0.041666666666666664
1 0 0 0 0 1 0 0 0 0 1 0 0 1 0 0 1 0 0 1 0 1 0 0 0 0 1 0 0 1 0 0 1 0 0 0 0
 0 0 1 0 0 1 0 0 1 0 0 -74.75872022286245 1 0.041666666666666664
1 0 0 0 0 0 0 1 0 0 1 0 0 1 0 0 1 0 0 0 0 0 0 1 0 0 1 0 0 1 0 0 1 0 0 0 0
 0 0 1 0 0 1 0 0 1 0 0 -86.59644256269407 1 0.0625
1 0 0 0 1 0 0 0 0 0 1 0 0 1 0 0 0 0 0 1 1 0 0 0 0 0 1 0 0 1 0 0 0 0 0 1 1
 0 0 0 0 0 1 0 0 1 0 0 -73.59644256269408 1 0.020833333333333332
1 0 0 1 1 0 0 0 0 0 1 0 0 1 0 0 0 0 0 1 1 0 0 0 0 0 1 0 0 1 0 0 0 0 0 1 1
 0 0 0 0 0 1 0 0 1 0 0 -75.75872022286245 1 0.041666666666666664
1 0 0 0 0 1 0 0 0 0 1 1 0 1 0 0 1 0 0 0 0 0 0 1 0 0 1 0 0 1 0 0 1 0 0 0 0
 0 0 1 0 1 1 0 0 1 0 0 -70.92099788303084 1 0.0625
1 0 0 0 0 1 0 0 0 0 1 0 0 1 0 1 1 0 0 1 0 1 0 0 0 0 1 0 0 1 0 0 1 0 0 0 0
 0 0 0 0 0 1 0 0 1 0 1 -73.92099788303084 1 0.020833333333333332
1 0 0 0 1 0 0 0 0 0 1 0 0 1 0 1 1 0 0 0 1 0 0 0 0 0 1 0 0 1 0 1 1 0 0 0 0
 0 0 0 0 0 1 0 0 0 0 1 -73.75872022286245 1 0.020833333333333332
1 0 0 0 0 0 0 0 0 0 1 0 0 1 0 1 1 0 0 1 0 1 0 0 0 0 1 0 0 0 0 1 1 0 0 0 0
 0 0 0 0 0 1 0 0 1 0 1 -73.75872022286245 1 0.020833333333333332
1 0 0 0 0 0 0 1 0 0 1 0 0 1 0 0 1 0 0 0 1 0 0 0 0 0 1 0 0 1 0 1 1 0 0 0 1
 0 0 0 0 0 1 0 0 1 0 1 -74.92099788303084 1 0.0
1 0 0 0 0 1 0 0 0 0 1 0 0 0 0 1 0 0 0 1 1 1 0 0 0 0 1 0 0 0 0 1 1 0 0 0 1
 0 0 0 0 0 1 0 0 1 0 1 -74.92099788303084 1 0.0
1 0 0 0 0 0 0 1 0 0 1 0 0 1 0 0 1 0 0 0 0 0 1 0 0 0 1 1 0 1 0 0 1 0 0 0 0
 0 0 1 0 0 1 0 0 1 0 0 -75.75872022286245 1 0.0625
1 0 0 0 0 1 0 0 0 0 1 0 0 1 0 1 1 0 0 0 1 0 0 0 0 0 1 0 0 0 0 1 1 0 0 0 1
 0 0 0 0 0 1 0 0 0 0 1 -73.75872022286245 1 0.020833333333333332
1 0 0 0 0 0 0 1 0 0 1 0 0 1 0 0 0 0 0 1 1 0 0 0 0 0 1 0 0 1 0 0 0 0 0 1 1
 0 0 0 0 0 1 0 0 1 0 0 -74.59644256269407 1 0.0
1 0 0 0 1 0 0 0 0 0 1 0 0 0 0 1 1 0 0 0 1 0 0 0 0 0 1 0 0 1 0 1 1 0 0 0 1
 0 0 0 0 0 1 0 0 0 0 1 -75.75872022286245 1 0.020833333333333332
1 0 0 1 1 0 0 0 0 0 1 0 0 1 0 0 0 0 0 1 1 0 0 0 0 0 1 0 0 1 0 0 0 0 0 1 1
 0 0 0 0 0 1 0 0 1 0 0 -75.75872022286245 1 0.020833333333333332
1 0 0 0 0 0 1 0 0 0 1 0 0 1 0 1 1 0 0 0 0 0 1 0 0 0 1 0 0 1 0 1 1 0 0 0 0
 0 1 0 0 0 1 0 0 0 0 1 -75.92099788303084 1 0.020833333333333332
1 0 0 0 0 0 0 1 0 0 1 0 0 1 0 0 1 0 0 1 1 0 0 0 0 0 1 0 0 1 0 0 1 0 0 0 0
 0 0 1 0 0 1 0 0 1 0 0 -75.75872022286245 1 0.0625
1 0 1 0 1 0 0 0 0 0 1 0 0 1 0 1 1 0 0 0 0 0 0 0 0 0 1 0 0 1 0 1 1 0 0 0 1
 0 0 0 0 0 1 0 0 1 0 1 -69.0832755431992 1 0.020833333333333332
1 0 1 0 1 1 0 0 0 0 1 0 0 1 0 1 1 0 0 0 0 1 1 0 0 0 1 0 0 0 0 1 1 0 0 0 1
 0 0 0 0 0 1 0 0 1 0 1 -62.40783086353597 1 0.08333333333333333
0 1 0 0 1 0 0 0 0 0 1 0 0 0 0 1 0 0 0 0 1 0 0 0 0 0 1 0 0 0 0 1 0 1 0 0 1
 0 0 0 0 0 1 0 0 0 0 1 -79.43416490252568 1 0.08333333333333333
1 0 0 0 0 0 0 1 0 0 1 0 0 1 0 0 0 0 0 1 1 0 0 1 0 0 1 0 0 1 0 0 1 0 0 0 0
 0 0 1 0 0 1 0 0 1 0 0 -73.75872022286245 1 0.08333333333333333
1 0 0 0 0 0 1 0 0 0 0 1 0 1 0 0 1 0 0 0 0 0 1 0 0 0 0 1 0 1 0 0 1 0 0 0 0
 0 1 0 0 0 1 1 0 1 0 0 -75.75872022286245 1 0.041666666666666664
1 0 0 0 1 0 0 0 0 1 1 0 0 0 0 1 1 0 0 0 1 0 0 0 0 0 1 0 0 1 0 1 1 0 0 0 1
 0 0 0 0 1 1 0 0 0 0 1 -74.0832755431992 1 0.0
1 0 0 0 0 1 0 0 0 0 1 0 0 1 0 1 1 0 0 0 0 0 1 0 0 0 1 0 0 1 0 1 1 0 0 0 1
 0 0 0 0 0 1 0 0 1 0 1 -74.08327554319922 1 0.0
1 0 0 1 0 1 0 0 0 0 1 0 0 1 0 0 1 0 0 1 0 1 0 0 0 0 1 0 0 1 0 0 1 0 0 1 0
 0 0 0 0 0 1 0 0 1 0 0 -73.92099788303084 1 0.0625
1 0 0 1 0 1 0 0 0 0 1 0 0 1 0 0 1 0 0 1 0 1 0 0 0 0 1 0 0 1 0 0 0 0 0 1 0
 0 0 0 0 0 1 0 0 1 0 0 -69.75872022286245 1 0.041666666666666664
1 0 0 0 0 0 1 0 0 0 1 0 0 1 0 1 1 0 0 0 1 0 0 0 0 0 1 0 0 0 0 1 0 1 0 0 1
 0 0 0 0 0 1 0 0 0 0 1 -70.75872022286245 1 0.020833333333333332
1 0 0 0 1 0 0 0 0 0 1 0 0 1 0 1 1 0 0 0 1 0 0 0 0 0 1 0 0 1 0 1 0 1 0 0 1
 0 0 0 0 0 1 0 0 0 0 1 -74.92099788303084 1 0.020833333333333332
1 0 0 0 1 0 0 0 0 0 1 0 0 1 0 1 0 0 0 1 1 0 0 0 0 0 1 0 0 1 0 0 1 0 0 0 1
 0 0 0 0 0 1 0 0 1 0 1 -72.92099788303084 1 0.020833333333333332
1 0 0 0 0 0 1 0 0 1 0 0 0 0 0 1 1 0 0 1 0 0 1 0 0 0 1 0 0 0 0 1 1 0 0 0 0
 0 1 0 0 1 0 0 0 0 0 1 -72.75872022286245 1 0.020833333333333332
1 0 1 0 0 1 0 0 0 0 1 0 0 1 0 1 1 0 0 1 0 1 0 0 0 0 1 0 0 1 0 0 1 0 0 0 0
 0 0 0 0 0 1 0 0 1 0 1 -67.08327554319922 1 0.041666666666666664
1 0 0 0 1 0 0 0 0 0 1 1 0 1 0 0 0 0 0 1 1 0 0 0 0 0 1 0 0 1 0 0 0 0 0 1 1
 0 0 0 0 0 1 0 0 1 0 0 -71.75872022286245 1 0.020833333333333332
1 0 0 1 1 1 0 0 0 0 1 0 0 1 0 0 0 0 0 1 1 0 0 0 0 0 1 0 0 1 0 0 0 0 0 1 1
 0 0 0 0 0 1 0 0 1 0 0 -70.92099788303084 1 0.041666666666666664
1 0 0 0 0 1 1 0 0 0 1 0 0 1 0 1 1 0 0 0 0 0 1 0 0 0 1 0 0 1 0 1 1 0 0 0 0
 0 1 0 0 0 1 0 0 1 0 1 -73.24555320336759 1 0.0
1 0 1 0 0 0 0 1 0 0 1 0 0 1 0 0 1 0 0 1 1 0 0 1 0 0 1 0 0 1 0 0 1 0 0 0 0
 0 0 1 0 0 1 0 0 1 0 0 -66.0832755431992 1 0.08333333333333333
1 0 0 0 1 0 0 0 0 0 1 0 0 1 0 1 0 0 0 1 1 0 0 0 0 0 1 0 0 1 0 1 1 0 0 0 1
 0 0 0 0 0 1 0 0 1 0 1 -72.0832755431992 1 0.020833333333333332
1 0 0 0 0 0 0 0 0 1 1 0 0 0 0 1 1 0 0 0 0 0 1 0 0 0 1 0 0 1 0 1 1 0 0 0 0
 0 0 0 0 0 1 0 0 0 0 1 -71.59644256269408 1 0.020833333333333332
1 0 0 0 1 0 0 0 0 0 1 1 0 1 0 0 1 0 0 0 1 0 0 0 0 0 1 0 0 1 0 1 1 0 0 0 1
 0 0 0 0 0 1 0 0 1 0 1 -72.0832755431992 1 0.020833333333333332
1 0 0 1 0 0 0 1 0 0 1 0 0 1 0 0 1 0 0 1 0 1 1 0 0 0 1 0 0 1 0 0 1 0 0 0 0
 0 0 1 0 0 1 0 0 1 0 0 -66.08327554319922 1 0.0625
1 0 0 1 0 1 0 0 0 0 1 0 0 1 0 0 1 0 0 1 0 0 1 0 0 0 1 0 0 1 0 0 1 0 0 0 0
 0 0 1 0 0 1 0 0 1 0 0 -70.92099788303084 1 0.0625
1 0 1 0 1 1 0 0 0 0 1 0 0 1 0 1 1 0 0 0 0 0 0 0 0 0 1 0 0 1 0 1 1 0 0 0 1
 0 0 0 0 0 1 0 0 1 0 1 -64.24555320336759 1 0.041666666666666664
1 0 1 0 1 0 0 0 0 0 1 0 0 1 0 1 1 0 0 0 1 0 0 0 0 0 1 0 0 1 0 1 1 0 0 0 1
 0 0 0 0 1 1 0 0 0 0 1 -67.24555320336759 1 0.020833333333333332
1 0 1 0 0 1 0 0 0 0 1 0 0 1 0 1 1 0 0 0 0 1 1 0 0 0 1 0 0 1 0 1 1 0 0 0 0
 0 0 0 0 0 1 0 0 1 0 1 -66.24555320336759 1 0.08333333333333333
1 0 1 0 0 0 0 1 0 0 1 0 0 1 0 0 1 0 0 1 0 1 0 0 0 0 1 0 0 1 0 0 1 0 0 1 0
 0 0 0 0 0 1 0 0 1 0 0 -65.92099788303084 1 0.041666666666666664
1 0 0 0 1 0 0 0 0 0 1 0 0 1 0 1 1 0 0 1 1 0 0 0 0 0 1 0 0 1 0 0 1 0 0 0 1
 0 0 0 0 0 1 0 0 1 0 1 -72.0832755431992 1 0.0
1 0 0 0 0 0 0 1 0 0 1 0 1 1 0 0 1 0 0 0 0 1 0 1 0 0 1 0 0 0 0 1 1 0 0 0 0
 0 0 1 0 0 1 0 0 1 0 0 -72.92099788303084 1 0.041666666666666664
0 0 0 1 0 1 0 0 1 0 1 0 0 1 0 0 0 0 0 1 1 0 0 0 0 0 1 0 0 1 0 0 0 0 0 1 1
 0 0 0 0 0 1 0 0 1 0 0 -71.75872022286245 1 0.0
1 0 0 0 1 0 0 0 0 0 1 0 0 1 0 1 1 0 0 0 1 0 0 0 0 0 1 0 0 1 0 1 1 0 0 1 1
 0 0 0 0 0 1 0 0 1 0 1 -71.24555320336759 1 0.0
1 0 0 1 0 1 0 0 0 0 1 0 0 1 0 0 1 0 0 1 0 1 0 0 0 0 1 0 0 1 0 0 1 0 0 1 0
 0 0 0 0 0 1 0 0 1 0 0 -73.92099788303084 1 0.08333333333333333
1 0 0 1 0 1 0 0 0 0 1 0 0 1 0 0 1 0 0 1 0 0 1 0 0 0 1 0 0 1 0 0 1 0 0 1 0
 0 0 0 0 0 1 0 0 1 0 0 -69.92099788303084 1 0.020833333333333332
1 0 0 0 0 0 0 1 0 0 1 0 0 1 0 0 1 0 0 0 0 0 1 0 0 0 1 1 0 1 0 0 1 0 0 1 0
 0 0 0 0 0 1 0 0 1 0 0 -68.75872022286245 1 0.041666666666666664
1 0 0 0 0 0 0 1 0 1 1 0 0 0 0 1 1 0 0 0 0 0 0 1 0 0 1 0 0 0 0 1 0 1 0 0 1
 0 0 0 0 1 1 0 0 0 0 1 -65.92099788303084 1 0.041666666666666664
1 0 0 0 0 0 0 1 0 0 1 0 0 1 0 0 1 0 0 1 1 0 0 0 0 0 1 0 0 1 0 0 1 0 0 1 1
 0 0 0 0 0 1 0 0 1 0 0 -70.92099788303084 1 0.0
1 0 0 1 0 1 0 0 0 0 1 0 0 1 0 0 1 0 0 1 0 1 1 0 0 0 1 0 0 1 0 0 1 0 0 0 0
 0 0 0 0 0 1 0 0 1 0 0 -64.92099788303084 1 0.020833333333333332
1 0 0 0 0 1 0 0 0 0 1 0 0 1 0 0 1 0 0 1 0 1 1 0 0 0 1 0 0 1 0 0 1 0 0 0 0
 0 0 1 0 0 1 0 0 1 0 0 -67.92099788303084 1 0.08333333333333333
1 0 1 0 1 0 0 0 0 0 1 0 0 1 0 1 1 0 0 0 0 0 1 0 0 0 1 0 0 1 0 0 1 0 0 0 0
 0 0 0 0 0 1 0 0 1 0 1 -62.920997883030836 1 0.08333333333333333
0 0 0 1 1 0 0 0 0 0 1 0 0 1 0 1 0 0 0 1 1 0 0 0 0 0 1 0 0 1 0 1 0 0 0 1 1
 0 0 0 0 0 1 0 0 1 0 1 -72.0832755431992 1 0.020833333333333332
1 0 0 1 1 0 0 1 0 0 1 0 0 1 0 0 1 0 0 1 0 1 0 0 0 0 1 0 0 1 0 0 1 0 0 0 0
 0 0 1 0 0 1 0 0 1 0 0 -66.08327554319922 1 0.08333333333333333
1 0 1 0 0 0 0 1 0 0 1 0 0 1 0 0 1 0 0 1 0 0 0 1 0 0 1 0 0 1 1 0 1 0 0 0 0
 0 0 1 0 0 1 0 0 1 0 0 -66.0832755431992 1 0.10416666666666667
1 0 0 0 0 1 0 0 0 0 1 0 0 1 0 1 1 0 0 1 0 1 1 0 0 0 1 0 0 1 0 0 1 0 0 0 0
 1 0 0 0 0 1 0 0 0 0 1 -74.08327554319922 1 0.041666666666666664
1 0 0 0 0 1 0 0 0 0 1 1 0 1 0 0 1 0 0 0 0 0 1 0 0 0 1 1 0 1 0 0 1 0 0 0 0
 0 0 0 0 0 1 1 0 1 0 0 -69.92099788303084 1 0.08333333333333333
1 0 0 0 0 0 1 0 0 0 0 1 0 1 0 0 1 0 0 0 0 0 1 0 0 0 0 1 0 1 0 1 1 0 0 0 0
 0 1 0 0 0 1 0 0 1 0 1 -70.92099788303084 1 0.0625
1 0 0 0 0 1 0 0 0 0 1 0 0 0 0 1 1 1 0 0 1 0 0 0 0 0 1 0 0 0 1 1 0 1 0 0 1
 0 0 0 0 0 1 0 0 0 0 1 -72.92099788303084 1 0.020833333333333332
1 0 0 0 0 0 1 0 0 0 1 0 0 1 0 1 1 0 0 1 0 0 1 0 0 0 1 0 0 1 0 0 1 0 0 1 0
 0 1 0 0 0 1 0 0 1 0 0 -70.0832755431992 1 0.0
1 0 0 0 0 0 1 0 0 1 0 1 0 1 0 0 1 0 0 0 0 0 1 0 0 0 0 1 0 1 0 0 1 0 0 0 0
 0 1 0 0 0 1 0 0 1 0 1 -66.92099788303082 1 0.0625
1 0 0 0 0 0 0 1 1 0 1 0 0 1 0 0 1 0 0 1 0 1 0 0 0 0 1 0 0 1 0 0 1 0 0 0 0
 0 0 1 0 0 1 0 0 1 0 0 -70.92099788303084 1 0.041666666666666664
0 0 0 1 1 1 0 0 0 0 1 0 0 1 0 1 0 0 0 1 1 0 0 0 0 0 1 0 0 1 0 1 0 0 0 1 1
 0 0 0 0 0 1 0 0 1 0 0 -68.0832755431992 1 0.041666666666666664
1 0 1 0 0 0 0 0 0 1 1 0 0 0 0 1 1 0 0 1 0 1 1 0 0 0 1 0 0 0 0 1 1 0 0 0 0
 0 0 0 0 0 1 0 0 0 0 1 -59.92099788303084 1 0.08333333333333333
1 0 0 1 0 0 1 0 0 0 1 0 0 1 0 0 1 0 0 1 0 0 1 0 0 0 1 0 0 1 0 0 0 0 0 1 0
 0 0 0 0 0 1 0 0 1 0 0 -65.75872022286245 1 0.041666666666666664
1 0 0 0 1 0 0 0 0 0 1 0 0 1 0 1 0 0 0 1 1 0 0 0 0 0 1 0 0 1 0 1 1 0 0 0 0
 0 0 0 0 0 1 0 0 1 0 1 -69.92099788303084 1 0.041666666666666664
1 0 0 0 1 0 0 0 0 0 1 0 0 1 0 1 0 0 0 1 1 0 0 0 0 0 1 0 0 1 0 0 1 0 0 0 1
 0 0 0 0 1 1 0 0 0 0 1 -68.92099788303084 1 0.020833333333333332
1 0 0 0 0 0 0 1 0 0 1 0 0 1 0 0 0 0 0 1 1 0 0 1 0 0 1 0 0 1 0 0 1 0 0 0 0
 0 0 1 0 1 1 0 0 1 0 0 -66.92099788303084 1 0.10416666666666667
1 0 0 1 0 1 0 0 0 0 1 0 0 1 0 0 1 0 0 1 1 0 0 0 0 0 1 0 0 1 0 0 1 0 0 0 0
 1 0 0 0 0 1 0 0 1 0 0 -69.92099788303084 1 0.020833333333333332
1 0 1 0 1 1 0 0 0 0 1 0 0 1 0 1 0 0 0 1 1 0 0 0 0 0 1 0 0 1 0 0 1 0 0 0 1
 0 0 0 0 0 1 0 0 1 0 1 -61.2455532033676 1 0.041666666666666664
1 0 0 0 0 0 0 0 0 0 1 0 0 1 0 1 1 0 0 0 1 0 0 0 0 0 1 0 0 1 0 1 1 0 0 0 0
 0 0 0 0 0 1 0 0 1 0 1 -75.75872022286245 1 0.041666666666666664
1 0 0 0 1 0 0 0 0 1 1 0 0 0 0 1 0 1 0 0 1 0 0 0 0 0 1 0 0 0 0 1 1 0 0 0 1
 0 0 0 0 1 1 0 0 0 0 1 -74.92099788303084 1 0.041666666666666664
1 0 1 0 0 1 0 0 0 0 1 0 0 1 0 1 1 0 0 1 1 0 0 0 0 0 1 0 0 1 0 0 1 0 0 0 0
 0 0 0 0 0 1 0 0 1 0 1 -63.08327554319923 1 0.041666666666666664
0 0 0 1 1 0 0 0 0 0 1 0 0 1 0 1 0 0 0 1 1 1 0 0 0 0 1 0 0 1 0 0 0 0 0 1 1
 0 0 0 0 0 1 0 0 1 0 0 -70.92099788303084 1 0.041666666666666664
1 0 0 1 0 1 0 0 0 0 1 0 0 1 0 0 1 0 0 1 0 0 1 0 0 0 1 0 0 1 0 0 1 0 0 1 0
 1 0 0 0 0 1 0 0 1 0 0 -72.0832755431992 1 0.041666666666666664
1 0 0 0 0 0 0 1 0 1 1 0 0 0 0 1 1 0 0 0 0 0 0 0 0 1 1 0 0 1 0 1 1 0 0 0 0
 0 0 0 0 1 1 0 0 0 0 1 -68.92099788303084 1 0.041666666666666664
1 0 0 0 0 0 1 0 0 0 1 1 0 1 0 0 1 0 0 1 0 0 1 0 0 0 1 0 0 1 0 0 1 0 0 1 0
 0 1 0 0 0 1 0 0 1 0 0 -68.0832755431992 1 0.041666666666666664
1 0 0 1 0 1 0 0 0 0 1 0 0 1 0 0 1 0 0 1 0 1 1 0 0 0 1 0 0 1 0 0 1 0 0 1 1
 0 0 0 0 0 1 0 0 1 0 0 -65.24555320336759 1 0.041666666666666664
0 0 0 1 1 0 0 0 0 0 1 0 0 1 0 0 0 0 0 1 1 0 0 0 0 0 1 0 0 1 0 0 1 0 0 1 1
 0 0 0 0 0 1 0 0 1 0 0 -75.75872022286245 1 0.041666666666666664
1 0 0 0 0 1 0 0 0 0 1 0 0 0 0 0 0 0 0 1 1 0 0 0 0 0 1 0 0 1 0 0 0 0 0 1 1
 0 0 0 0 0 1 0 0 1 0 0 -69.4341649025257 1 0.0625
1 0 0 1 0 0 0 1 0 0 1 0 0 1 0 0 1 0 0 1 0 0 1 0 0 0 1 0 0 1 0 0 1 0 0 1 0
 0 0 0 0 0 1 0 0 1 0 0 -67.92099788303084 1 0.041666666666666664
1 0 0 1 1 0 0 0 0 0 1 0 0 1 0 0 1 0 0 1 0 0 0 0 0 0 1 0 0 1 0 0 1 0 0 1 0
 0 0 0 0 0 1 0 0 1 0 0 -69.75872022286245 1 0.0625
1 0 0 0 1 0 0 0 0 0 1 1 0 1 0 0 0 0 0 1 1 0 0 0 0 0 1 0 0 1 0 0 1 0 0 0 1
 0 0 0 0 0 1 0 0 1 0 1 -68.92099788303084 1 0.041666666666666664
1 0 0 0 1 1 0 0 0 0 1 0 0 1 0 0 1 0 0 0 1 0 0 1 0 0 1 0 0 1 0 0 1 0 0 0 0
 0 0 0 0 0 1 0 0 1 0 0 -62.75872022286246 1 0.08333333333333333
0 0 0 1 1 0 0 0 0 1 1 0 0 0 0 1 0 0 0 1 1 0 0 0 0 0 1 0 0 0 0 1 1 0 0 0 1
 0 0 0 0 1 1 0 0 0 0 1 -67.92099788303084 1 0.0
1 0 0 0 1 0 0 0 0 0 1 0 0 1 0 0 1 0 0 0 0 1 0 0 0 0 1 0 0 0 0 1 1 0 0 1 1
 0 0 0 0 0 1 0 0 1 0 0 -70.75872022286245 1 0.0625
1 0 0 0 0 1 0 0 0 0 1 0 0 1 0 1 1 0 0 1 0 0 0 0 0 0 1 0 0 1 0 0 1 0 0 0 1
 0 0 0 0 0 1 0 0 0 0 1 -67.75872022286245 1 0.0
1 0 0 0 1 0 0 0 0 0 1 0 0 1 0 1 0 0 0 1 1 0 0 0 0 0 1 0 0 1 0 0 1 0 0 0 0
 0 0 0 0 0 1 0 0 1 0 1 -70.75872022286245 1 0.041666666666666664
1 0 0 0 1 0 0 0 0 0 1 0 0 1 0 0 0 0 0 1 1 1 0 0 0 0 1 0 0 1 0 0 0 0 0 1 1
 0 0 0 0 0 1 0 0 1 0 0 -68.75872022286245 1 0.041666666666666664
1 0 0 0 0 1 0 0 0 0 1 0 0 1 0 1 1 0 0 0 0 0 1 0 0 0 1 1 0 1 0 1 1 0 0 0 0
 0 0 0 0 0 1 1 0 1 0 1 -64.24555320336759 1 0.0625
1 0 0 0 0 1 0 0 0 0 1 0 0 1 0 1 0 0 0 1 1 1 0 0 0 0 1 0 0 1 0 0 1 0 0 0 1
 0 0 0 0 0 1 0 0 1 0 1 -68.08327554319922 1 0.020833333333333332
1 0 0 0 1 0 0 0 0 0 1 1 0 1 0 0 0 0 0 1 1 0 0 0 0 0 1 0 0 1 0 0 1 0 0 0 0
 1 0 0 0 0 1 0 0 0 0 1 -69.75872022286245 1 0.0625
1 0 0 0 0 0 0 1 0 0 1 0 0 1 0 0 1 0 0 1 0 0 1 0 0 0 0 0 0 1 0 0 1 0 0 0 0
 0 0 1 0 1 1 0 0 1 0 0 -64.75872022286245 1 0.08333333333333333
1 0 0 0 0 1 0 0 0 0 1 1 0 1 0 0 1 0 0 0 1 0 0 0 0 0 1 0 0 1 0 1 1 0 0 0 1
 0 0 0 0 0 1 0 0 0 0 1 -67.92099788303084 1 0.041666666666666664
1 0 0 1 1 0 0 0 0 0 1 0 0 1 0 0 0 0 0 1 1 0 0 0 0 0 1 0 0 1 0 0 1 0 0 0 1
 0 0 0 0 0 1 1 0 1 0 0 -68.92099788303084 1 0.020833333333333332
1 0 1 0 0 1 0 0 0 0 1 0 0 1 0 1 1 0 0 0 1 0 0 0 0 0 1 0 0 1 0 0 1 0 0 0 1
 0 0 0 0 1 1 0 0 0 0 1 -61.083275543199214 1 0.020833333333333332
1 0 0 0 0 1 0 0 0 0 1 0 0 1 0 1 0 1 0 0 1 1 0 0 0 0 1 0 0 0 1 1 0 1 0 0 1
 0 0 0 0 0 1 0 0 0 0 1 -66.08327554319922 1 0.0
1 0 0 0 1 0 0 0 0 1 1 0 0 0 0 1 1 0 0 0 0 0 1 0 0 1 1 0 0 0 0 1 1 0 0 0 1
 0 0 0 0 1 1 0 0 0 0 1 -74.0832755431992 1 0.08333333333333333
1 0 0 0 0 0 1 0 0 1 0 0 0 0 0 1 1 0 0 0 0 0 1 0 0 0 1 0 0 1 0 1 1 0 0 0 1
 0 0 0 0 1 1 0 0 1 0 1 -66.0832755431992 1 0.041666666666666664
1 0 0 0 0 0 0 1 0 1 1 0 0 0 0 0 1 0 0 0 0 1 1 0 0 0 1 1 0 1 0 0 1 0 0 0 0
 0 0 0 0 0 1 1 0 1 0 1 -52.08327554319922 1 0.10416666666666667
1 0 0 0 0 1 0 0 0 0 1 1 0 1 0 0 0 0 1 0 1 0 0 0 0 0 0 1 0 1 0 0 1 0 0 0 1
 0 0 0 0 0 1 1 0 1 0 0 -64.92099788303084 1 0.020833333333333332
0 0 0 0 1 0 0 0 0 0 1 0 0 1 0 1 0 0 0 1 1 0 0 0 0 0 1 0 0 1 0 0 1 0 0 0 0
 0 0 0 0 0 1 0 0 1 0 1 -68.59644256269407 1 0.041666666666666664
1 0 0 1 1 0 0 0 0 0 1 0 0 1 0 0 1 0 0 0 1 0 0 0 0 0 1 1 0 1 0 1 1 0 0 0 1
 0 0 0 0 0 1 1 0 1 0 1 -60.40783086353597 1 0.041666666666666664
1 0 0 0 0 0 1 0 0 1 0 0 0 0 0 1 1 0 0 1 0 0 1 0 0 0 1 0 0 1 0 0 1 0 0 0 0
 0 1 0 0 0 1 0 0 1 0 0 -66.75872022286245 1 0.041666666666666664
1 0 1 0 1 0 0 0 0 0 1 0 0 1 0 1 0 0 0 1 1 1 0 0 0 0 1 0 0 0 0 1 0 0 0 1 1
 0 0 0 0 1 1 0 0 0 0 1 -59.2455532033676 1 0.020833333333333332
1 0 0 0 0 1 0 0 0 0 1 0 0 1 0 1 1 0 0 0 1 0 0 1 0 0 1 0 0 1 0 1 0 0 0 0 1
 0 0 0 0 0 1 0 0 1 0 1 -65.08327554319922 1 0.041666666666666664
1 0 0 0 1 1 0 0 0 0 1 0 0 1 0 1 1 0 0 0 0 0 1 0 0 0 1 0 0 1 0 1 1 0 0 0 0
 0 0 1 0 0 1 0 0 1 0 1 -67.24555320336759 1 0.10416666666666667
1 0 0 0 0 1 0 0 0 0 1 1 0 1 0 0 0 0 0 1 1 0 0 0 0 0 1 0 0 1 0 0 0 0 0 1 1
 0 0 0 0 0 1 0 0 0 0 1 -62.75872022286246 1 0.041666666666666664
1 0 0 0 1 1 0 0 0 0 1 0 0 1 0 1 1 0 0 1 0 1 0 0 0 0 1 0 0 0 0 1 0 0 0 1 1
 0 0 0 0 0 1 0 0 1 0 0 -66.08327554319922 1 0.041666666666666664
1 0 0 0 0 1 0 0 0 0 1 1 0 1 0 0 0 0 0 0 1 0 0 0 0 0 1 0 0 1 0 1 0 0 1 0 1
 1 0 0 0 0 1 0 0 0 0 1 -61.92099788303084 1 0.020833333333333332
1 0 0 1 0 0 1 0 0 1 1 0 0 0 0 1 1 0 0 1 0 0 1 0 0 0 1 0 0 1 0 0 1 0 0 1 0
 0 0 0 0 0 1 0 0 1 0 0 -61.083275543199214 1 0.020833333333333332
1 0 0 0 0 0 1 0 0 0 1 0 0 1 0 1 0 0 0 1 1 0 1 0 0 0 1 0 0 1 0 1 1 0 0 0 1
 0 0 0 0 0 1 0 0 1 0 1 -63.2455532033676 1 0.041666666666666664
0 0 0 1 0 0 1 0 1 0 0 0 0 1 0 0 1 0 0 1 0 0 1 0 0 0 1 0 0 1 0 0 1 0 0 0 0
 1 0 0 0 0 1 0 0 1 0 1 -62.920997883030836 1 0.0625
