1 0 0 0 0 1 0 0 0 0 1 0 0 0 0 1 1 0 0 0 0 1 0 0 0 0 1 0 0 0 0 1 1 0 0 0 0
 1 0 0 0 0 1 0 0 0 0 1 -98.59644256269408 28 0.020833333333333332
1 0 0 0 0 1 0 0 0 0 1 0 0 0 0 1 1 0 0 0 0 1 0 0 0 0 1 0 0 0 0 1 1 0 0 0 0
 1 0 0 0 0 1 0 0 0 0 1 -98.59644256269408 9 0.0
1 0 0 0 0 1 0 0 0 0 1 0 0 0 0 1 1 0 0 0 0 1 0 0 0 0 1 0 0 0 0 1 1 0 0 0 0
 1 0 0 0 0 1 0 0 0 0 1 -98.59644256269408 7 0.041666666666666664
1 0 0 0 0 1 0 0 0 0 1 0 0 0 0 1 1 0 0 0 0 1 0 0 0 0 1 0 0 0 0 1 1 0 0 0 0
 1 0 0 0 0 1 0 0 0 0 1 -98.59644256269408 1 0.041666666666666664
1 0 0 0 0 1 0 0 0 0 1 0 0 0 0 1 1 0 0 0 0 1 0 0 0 0 1 0 0 0 0 1 1 0 0 0 0
 1 0 0 0 0 1 0 0 0 0 1 -98.59644256269408 1 0.041666666666666664
1 0 0 0 0 1 0 0 0 0 1 0 0 0 0 1 1 0 0 0 0 1 0 0 0 0 1 0 0 0 0 1 1 0 0 0 0
 1 0 0 0 0 1 0 0 0 0 1 -98.59644256269408 1 0.041666666666666664
1 0 0 0 0 1 0 0 0 0 1 0 0 0 0 1 1 0 0 0 0 1 0 0 0 0 1 0 0 0 0 1 1 0 0 0 0
 1 0 0 0 0 1 0 0 0 0 1 -98.59644256269408 1 0.020833333333333332
1 0 0 0 1 1 0 0 0 0 1 0 0 0 0 1 1 0 0 0 0 1 0 0 0 0 1 0 0 0 0 1 1 0 0 0 0
 1 0 0 0 0 1 0 0 0 0 1 -91.75872022286245 1 0.0625
1 0 0 0 0 1 0 0 0 0 1 0 0 0 0 1 1 0 0 0 0 1 0 0 0 0 1 0 0 0 0 1 1 0 0 0 0
 1 0 0 0 0 1 0 0 0 0 1 -98.59644256269408 1 0.0625
1 0 0 0 0 1 0 0 0 0 1 0 1 0 0 1 1 0 0 0 0 1 0 0 0 0 1 0 0 0 0 1 1 0 0 0 0
 1 0 0 0 0 1 0 0 0 0 1 -91.75872022286245 1 0.020833333333333332
1 0 0 0 0 1 0 0 0 0 1 0 0 0 0 1 1 0 0 0 0 1 0 0 0 0 1 0 0 0 0 1 1 1 0 0 0
 1 0 0 0 0 1 0 0 0 0 1 -91.75872022286245 1 0.020833333333333332
1 0 0 0 0 1 0 0 0 0 1 0 0 0 0 1 1 0 0 0 0 1 0 0 0 0 1 0 0 0 0 1 1 0 0 0 0
 1 0 0 0 0 1 1 0 0 0 1 -91.75872022286245 2 0.020833333333333332
1 0 0 0 0 1 0 0 0 0 1 0 0 0 0 1 1 0 0 0 0 1 0 1 0 0 1 0 0 0 0 1 1 0 0 0 0
 1 0 0 0 0 1 0 0 0 0 1 -91.75872022286245 1 0.020833333333333332
1 0 0 0 0 1 0 0 0 0 1 0 0 0 0 1 1 0 0 0 0 1 0 0 0 0 1 1 0 0 0 1 1 0 0 0 0
 1 0 0 0 0 1 0 0 0 0 1 -91.75872022286245 1 0.020833333333333332
1 0 0 0 0 1 0 0 0 0 1 1 0 0 0 1 1 0 0 0 0 1 0 0 0 0 1 0 0 0 0 1 1 0 0 0 0
 1 0 0 0 0 1 0 0 0 0 1 -91.75872022286245 1 0.020833333333333332
1 0 0 0 0 1 0 0 0 0 1 1 0 0 0 1 1 0 0 0 0 1 0 0 0 0 1 0 0 0 0 1 1 0 0 0 0
 1 0 0 0 0 1 0 0 0 0 1 -91.75872022286245 2 0.041666666666666664
1 0 0 0 0 1 0 0 1 0 1 0 0 0 0 1 1 0 0 0 0 1 0 0 0 0 1 0 0 0 0 1 1 0 0 0 0
 1 0 0 0 0 1 0 0 0 0 1 -91.75872022286245 1 0.0
1 0 0 0 0 1 0 0 0 0 1 0 0 0 0 1 1 0 0 0 0 1 0 1 0 0 1 0 0 0 0 1 1 0 0 0 0
 1 0 0 0 0 1 0 0 0 0 1 -91.75872022286245 1 0.041666666666666664
1 0 0 0 0 1 0 0 0 0 1 0 0 0 0 1 1 0 0 0 0 1 0 0 0 0 1 1 0 0 0 1 1 0 0 0 0
 1 0 0 0 0 1 0 0 0 0 1 -91.75872022286245 1 0.041666666666666664
1 0 0 0 0 1 0 0 0 0 1 0 0 0 0 1 1 0 0 0 0 1 0 0 0 0 1 0 0 0 0 1 1 0 0 0 0
 1 0 0 0 0 1 0 0 0 0 0 -89.4341649025257 1 0.041666666666666664
1 0 0 0 0 1 0 0 0 0 1 0 0 0 0 1 1 0 0 0 0 1 0 0 0 0 1 0 0 0 0 1 1 0 0 0 0
 1 0 0 0 0 1 0 0 0 0 1 -98.59644256269408 1 0.041666666666666664
1 0 0 0 0 1 0 0 0 0 1 0 0 0 1 1 1 0 0 0 0 1 0 0 0 0 1 0 0 0 0 1 1 0 0 0 0
 1 0 0 0 0 1 0 0 0 0 1 -91.75872022286245 1 0.041666666666666664
1 0 0 0 0 1 0 0 0 0 1 0 0 0 0 1 1 0 0 0 0 1 0 0 0 0 1 0 0 0 0 0 1 0 0 0 0
 1 0 0 0 0 1 0 0 0 0 1 -89.4341649025257 1 0.020833333333333332
1 0 0 0 0 1 0 0 0 0 1 0 0 0 0 1 1 0 0 0 0 1 0 1 0 0 1 0 0 0 0 0 1 0 0 0 0
 1 0 0 0 0 1 0 0 0 0 1 -87.59644256269408 1 0.020833333333333332
1 0 0 0 0 1 0 0 0 0 1 0 0 0 0 1 1 0 0 0 0 1 0 0 0 0 1 0 0 0 0 1 1 0 0 0 0
 1 0 0 0 0 1 0 0 0 1 0 -87.59644256269408 1 0.020833333333333332
1 0 1 0 0 1 0 0 1 0 1 0 0 0 0 1 1 0 0 0 0 1 0 0 0 0 1 0 0 0 0 1 1 0 0 0 0
 1 0 0 0 0 1 0 0 0 0 1 -84.92099788303084 1 0.041666666666666664
1 0 0 0 0 1 0 0 0 0 1 0 0 0 0 1 1 0 0 0 0 1 0 0 0 0 1 0 0 0 0 1 1 0 0 0 0
 1 0 0 0 0 1 0 0 1 0 0 -87.59644256269408 1 0.041666666666666664
1 0 0 0 0 1 0 0 0 0 1 1 0 0 0 1 1 0 0 0 0 1 0 0 0 0 1 1 0 0 0 1 1 0 0 0 0
 1 0 0 0 0 1 0 0 0 0 1 -86.92099788303084 2 0.020833333333333332
1 0 0 0 0 1 0 0 0 0 1 0 0 0 0 1 1 0 0 0 0 1 0 0 0 0 1 0 0 0 0 1 1 0 0 0 0
 1 0 0 0 0 1 0 1 0 0 0 -87.59644256269408 1 0.020833333333333332
1 0 0 0 0 1 0 0 0 0 1 0 0 0 0 1 1 0 0 0 0 1 0 0 0 0 1 1 0 0 0 1 1 0 0 0 0
 1 0 0 0 0 1 1 0 0 0 1 -86.92099788303084 1 0.0
1 0 0 0 0 1 0 0 0 0 0 1 0 0 1 0 1 0 0 0 0 1 0 0 0 0 0 1 0 0 1 0 1 0 0 0 0
 1 0 0 0 0 0 1 0 0 1 0 -86.59644256269407 4 0.020833333333333332
1 0 0 0 0 1 0 0 0 0 1 0 0 0 0 1 1 0 0 0 0 1 0 0 0 0 1 0 0 0 0 1 1 0 0 0 0
 1 0 0 0 0 0 1 0 0 1 0 -86.59644256269408 1 0.020833333333333332
1 0 0 0 0 0 0 1 0 0 1 0 0 1 0 0 1 0 0 0 0 0 0 1 0 0 1 0 0 1 0 0 1 0 0 0 0
 0 0 1 0 0 1 0 0 1 0 0 -86.59644256269407 3 0.0
1 0 0 0 0 1 0 0 0 0 0 1 0 0 1 0 1 0 0 0 0 1 0 0 0 0 0 1 0 0 1 0 1 0 0 0 0
 1 0 0 0 0 0 1 0 0 1 0 -86.59644256269407 1 0.0
1 0 0 0 0 1 0 0 0 0 1 0 0 0 0 1 1 0 0 0 0 1 0 0 0 0 1 0 0 0 0 1 1 0 0 0 0
 1 0 0 0 0 0 1 0 0 1 0 -86.59644256269408 1 0.0
1 0 0 0 0 1 0 0 0 0 1 0 0 0 0 1 1 0 0 0 0 1 0 0 0 0 1 0 0 0 0 1 1 0 0 0 0
 1 0 0 0 0 1 0 0 1 0 0 -87.59644256269408 1 0.0625
1 0 0 0 0 1 0 0 0 0 1 0 0 0 0 1 1 0 0 0 0 1 0 1 0 0 1 0 0 0 1 0 1 0 0 0 0
 1 0 0 0 0 1 0 0 0 0 1 -85.75872022286245 1 0.020833333333333332
1 0 0 0 0 1 0 0 0 0 1 0 0 0 0 1 1 0 0 0 0 1 0 1 0 0 1 0 0 1 0 0 1 0 0 0 0
 1 0 0 0 0 1 0 0 0 0 1 -85.75872022286245 1 0.020833333333333332
1 0 0 0 0 1 0 0 0 0 1 0 0 0 0 1 1 0 0 0 0 1 0 0 0 0 1 1 0 0 1 0 1 0 0 0 0
 1 0 0 0 0 1 0 0 0 0 1 -85.75872022286245 1 0.020833333333333332
1 0 0 0 0 1 0 0 0 0 1 0 0 0 0 1 1 0 0 0 0 1 0 0 0 0 1 0 0 0 0 1 1 0 0 1 0
 1 0 0 0 0 1 0 0 1 0 0 -85.75872022286245 1 0.020833333333333332
1 0 0 0 0 1 0 0 0 0 0 1 0 0 1 0 1 0 0 0 0 1 0 0 0 0 0 1 0 0 1 0 1 0 0 0 0
 1 0 0 0 0 0 1 0 0 1 0 -86.59644256269407 1 0.041666666666666664
1 0 0 0 0 1 0 0 0 0 1 0 0 0 0 1 0 0 0 1 0 1 0 0 0 0 1 0 0 0 0 1 1 0 0 0 0
 1 0 0 0 0 1 0 0 0 0 1 -87.59644256269408 1 0.0625
1 0 0 0 0 0 0 1 0 0 1 0 0 1 0 0 1 0 0 0 0 0 0 1 0 0 1 0 0 1 0 0 1 0 0 0 0
 0 0 1 0 0 1 0 0 1 0 0 -86.59644256269407 1 0.020833333333333332
1 0 0 0 1 1 0 0 0 0 1 0 0 0 0 1 1 0 0 1 0 1 0 0 0 0 1 0 0 0 0 1 1 0 0 0 0
 1 0 0 0 0 1 0 0 0 0 1 -84.92099788303084 1 0.08333333333333333
0 1 0 1 0 1 0 0 0 0 1 0 1 0 0 0 0 0 0 1 0 1 0 0 0 0 1 0 1 0 0 0 0 0 0 1 0
 1 0 0 0 0 1 0 1 0 0 0 -79.75872022286245 1 0.041666666666666664
1 0 0 0 0 0 0 1 0 0 1 0 0 1 0 0 1 0 0 0 0 0 0 1 0 0 1 0 0 1 0 0 1 0 0 0 0
 0 0 1 0 0 1 0 0 1 0 0 -86.59644256269407 1 0.041666666666666664
1 0 0 0 0 1 0 0 0 0 0 1 0 0 1 0 1 0 0 0 0 1 0 0 0 0 0 1 0 0 1 0 1 0 0 0 0
 1 0 0 0 0 0 1 0 0 1 0 -86.59644256269407 1 0.020833333333333332
1 0 0 0 0 1 0 0 0 0 1 0 0 0 0 1 0 0 1 0 0 1 0 0 1 0 1 0 0 0 0 1 1 0 0 0 0
 1 0 0 0 0 1 0 0 0 0 1 -85.75872022286245 1 0.041666666666666664
0 0 0 1 0 1 0 0 0 0 1 0 1 0 0 0 0 0 0 1 0 1 0 0 0 0 1 0 0 0 0 0 0 0 0 1 0
 1 0 0 0 0 1 0 1 0 0 0 -79.43416490252568 1 0.041666666666666664
1 0 0 0 0 1 0 0 0 0 0 1 0 0 1 0 1 0 0 0 0 1 0 0 0 0 0 1 0 0 1 0 1 0 0 0 0
 1 0 0 0 0 0 1 0 0 1 0 -86.59644256269407 1 0.041666666666666664
1 0 0 0 0 1 0 0 0 0 1 0 0 0 0 1 1 0 0 0 0 1 0 1 0 0 1 0 0 0 0 0 1 0 0 0 0
 1 0 0 0 0 1 0 0 0 0 1 -87.59644256269408 1 0.041666666666666664
1 0 0 0 0 1 0 0 0 0 1 0 0 0 0 1 1 0 0 0 0 1 0 0 0 0 1 0 0 0 0 1 1 0 0 0 0
 1 0 0 0 0 1 1 0 0 0 0 -87.59644256269408 1 0.0625
1 0 0 0 0 1 0 0 0 0 0 1 0 0 1 0 1 0 0 0 0 1 0 0 0 0 0 1 0 0 1 0 1 0 0 0 0
 1 0 0 0 0 0 1 0 0 1 0 -86.59644256269407 1 0.041666666666666664
1 0 0 0 0 1 0 0 0 0 0 1 0 0 1 0 1 0 0 0 0 1 0 0 0 0 0 1 0 0 1 0 1 0 0 0 0
 1 0 0 0 0 0 1 0 0 1 0 -86.59644256269407 1 0.041666666666666664
1 0 0 0 0 1 0 0 0 0 1 0 0 0 0 1 0 1 1 0 0 1 0 0 1 0 0 0 0 0 0 1 1 0 0 0 0
 1 0 0 0 0 1 0 0 0 0 1 -79.75872022286245 1 0.08333333333333333
1 0 0 0 0 1 0 0 0 0 0 1 0 0 1 0 1 0 0 0 0 1 0 0 0 0 0 1 0 0 1 0 1 0 0 0 0
 1 0 0 0 0 0 1 0 0 1 0 -86.59644256269407 1 0.041666666666666664
1 0 0 0 0 1 0 0 0 0 1 1 0 0 0 1 1 0 0 0 0 1 0 0 0 0 1 1 0 0 0 0 1 0 0 0 0
 1 0 0 0 0 1 0 0 0 0 1 -82.75872022286245 1 0.041666666666666664
1 0 0 0 0 0 0 1 0 0 1 0 0 1 0 0 1 0 0 0 0 1 0 1 0 0 1 0 0 1 0 0 1 0 0 0 0
 0 0 1 0 0 1 0 0 1 0 0 -81.75872022286245 1 0.020833333333333332
1 0 0 0 0 1 0 0 0 0 1 0 0 0 0 1 1 0 0 0 0 1 0 0 0 0 0 1 0 0 1 0 1 0 0 0 0
 1 0 0 0 0 0 1 0 0 1 0 -82.59644256269408 1 0.020833333333333332
1 0 0 0 0 1 0 0 0 0 0 1 0 0 1 0 1 0 0 0 0 1 0 0 0 0 1 0 0 0 0 1 1 0 0 0 0
 1 0 0 0 0 0 1 0 0 1 0 -82.59644256269408 1 0.020833333333333332
1 0 0 0 0 0 0 1 0 0 1 0 0 1 0 0 1 0 0 0 0 0 0 1 0 0 1 0 0 1 0 0 1 0 0 0 0
 0 0 0 0 0 1 0 0 1 0 1 -79.59644256269407 1 0.041666666666666664
1 0 0 0 0 1 0 0 0 0 0 1 0 0 1 0 1 0 0 0 0 1 0 0 0 0 0 1 0 0 1 0 1 0 0 0 0
 1 0 0 0 0 0 1 0 0 1 0 -86.59644256269407 1 0.041666666666666664
1 0 0 0 0 1 0 0 0 0 1 0 0 0 0 1 1 0 0 0 0 0 0 1 0 0 1 0 0 1 0 0 1 0 0 0 0
 0 0 1 0 0 1 0 0 1 0 0 -82.59644256269408 2 0.0
1 0 1 0 0 1 0 0 1 0 0 0 0 0 0 1 0 0 1 0 0 1 0 0 1 0 0 0 0 0 0 1 1 0 0 0 0
 1 0 0 0 0 1 0 0 0 0 1 -79.75872022286245 1 0.041666666666666664
1 0 0 0 0 1 0 0 0 0 1 0 0 0 0 1 1 0 0 0 0 0 0 1 0 0 1 0 0 1 0 0 1 0 0 0 0
 1 0 0 0 0 1 0 0 1 0 1 -81.75872022286245 1 0.020833333333333332
1 0 0 0 0 1 0 0 0 0 0 1 0 0 1 1 1 0 0 0 0 1 0 0 0 0 0 1 0 0 1 0 1 0 0 0 0
 1 0 0 0 0 0 1 0 0 1 0 -81.75872022286245 1 0.020833333333333332
1 0 0 0 0 1 0 0 0 0 0 1 0 0 1 0 1 0 0 0 0 1 0 0 0 0 1 1 0 0 1 0 1 0 0 0 0
 1 0 0 0 0 0 1 0 0 1 0 -81.75872022286245 1 0.020833333333333332
1 0 0 0 0 1 0 0 0 0 1 0 0 0 0 1 1 0 0 0 0 1 0 0 0 0 0 1 0 0 1 0 1 0 0 0 0
 1 0 0 0 0 0 1 0 0 1 0 -82.59644256269408 1 0.020833333333333332
0 1 0 1 0 1 0 0 0 0 1 0 1 0 0 0 0 0 0 1 0 1 0 0 0 0 1 0 1 0 0 0 0 0 0 1 0
 1 0 0 0 0 1 0 1 0 0 0 -79.75872022286245 1 0.041666666666666664
1 0 0 0 0 1 0 0 0 0 1 0 0 0 0 1 1 0 0 0 0 0 0 1 0 0 1 0 0 1 0 0 1 0 0 0 0
 0 0 1 0 0 1 0 0 1 0 0 -82.59644256269408 1 0.020833333333333332
1 0 0 0 0 1 0 0 0 0 1 0 0 0 0 1 0 0 0 0 0 1 0 1 0 0 1 0 0 0 0 0 1 0 0 0 0
 1 0 0 0 0 1 0 0 0 0 1 -78.4341649025257 1 0.041666666666666664
1 0 0 0 0 1 0 1 0 0 1 0 0 0 0 1 1 0 0 0 0 1 0 1 0 0 1 0 0 0 0 0 1 0 0 0 0
 1 0 0 0 0 1 0 0 0 0 1 -82.75872022286245 1 0.020833333333333332
1 0 0 0 0 1 0 0 0 0 0 1 0 0 1 1 1 0 0 0 0 1 0 0 0 0 1 1 0 0 0 1 1 0 0 0 0
 1 0 0 0 0 1 0 0 0 0 1 -80.92099788303084 1 0.020833333333333332
1 0 0 0 0 1 0 0 0 0 1 0 0 0 0 1 1 0 0 0 0 0 0 1 0 0 1 0 0 1 0 0 1 0 0 0 0
 0 0 1 0 0 1 0 0 1 0 0 -82.59644256269408 1 0.020833333333333332
1 0 0 0 1 1 0 0 0 0 1 0 0 0 0 1 1 0 0 0 0 1 0 0 0 0 1 1 0 0 0 0 1 0 0 0 0
 1 0 0 0 0 1 0 0 0 0 1 -80.75872022286245 1 0.020833333333333332
1 0 0 0 0 1 0 0 0 0 1 1 0 0 0 1 1 0 0 0 0 1 0 0 0 0 1 0 0 0 0 1 0 0 0 1 0
 1 0 0 0 0 1 0 0 0 0 1 -80.75872022286245 1 0.041666666666666664
1 0 0 0 0 1 0 0 0 0 1 0 0 0 0 1 1 0 0 1 1 1 0 0 0 0 1 0 0 0 0 0 1 0 0 0 0
 1 0 0 0 0 1 0 0 0 0 1 -80.75872022286245 1 0.0
0 1 0 0 0 0 0 1 0 0 1 0 1 0 0 0 0 1 0 0 0 0 0 1 0 0 1 0 1 0 0 0 0 1 0 0 0
 0 0 1 0 0 1 0 1 0 0 0 -80.59644256269407 1 0.0
1 0 0 0 0 0 0 1 0 1 0 0 0 0 1 0 1 0 0 0 0 0 0 1 0 1 0 0 0 0 1 0 1 0 0 0 0
 0 0 1 0 1 0 0 0 0 1 0 -80.59644256269407 6 0.0
1 0 0 0 0 1 0 0 0 0 0 1 1 0 0 0 1 0 0 0 0 1 0 0 0 0 0 1 0 0 1 0 1 0 0 0 0
 1 0 0 0 0 0 1 0 0 1 0 -77.59644256269407 1 0.041666666666666664
1 0 0 0 0 1 0 0 0 0 0 1 0 0 1 0 1 0 0 0 0 1 0 0 0 0 0 1 0 0 1 0 1 0 0 0 0
 1 0 0 0 0 0 1 0 0 1 0 -86.59644256269407 1 0.041666666666666664
1 0 0 0 0 1 0 0 0 0 1 0 0 0 0 1 1 0 0 0 0 1 0 0 0 0 1 1 0 0 0 1 1 0 0 0 0
 1 0 0 0 0 1 1 0 0 0 0 -82.75872022286245 1 0.041666666666666664
1 0 0 0 0 1 0 0 0 0 1 0 0 0 0 1 1 0 0 0 0 0 0 1 0 0 1 0 0 1 0 0 1 0 0 0 0
 0 0 1 0 0 1 0 0 1 0 0 -82.59644256269408 1 0.020833333333333332
1 0 0 0 0 1 0 0 0 0 0 1 0 0 1 0 1 1 0 0 0 1 0 0 0 0 0 1 0 0 1 0 1 0 0 0 0
 1 0 0 0 0 0 1 0 0 1 0 -79.75872022286245 1 0.020833333333333332
1 0 0 0 0 1 0 0 0 0 1 1 0 0 0 1 1 0 0 0 0 1 0 0 0 0 0 1 0 0 1 0 1 0 0 0 0
 1 0 0 0 0 0 1 0 0 1 0 -79.75872022286245 1 0.020833333333333332
1 0 0 0 0 1 0 0 0 0 1 0 0 0 0 1 1 0 0 0 0 1 0 0 0 0 1 1 0 0 1 0 1 0 0 0 0
 1 0 0 0 0 0 1 0 0 1 0 -79.75872022286245 2 0.020833333333333332
1 0 0 0 0 1 0 0 0 0 0 1 0 0 0 1 1 0 0 0 0 1 0 0 0 0 0 1 0 0 1 0 1 0 0 0 0
 1 0 0 0 0 0 1 0 0 1 0 -79.59644256269408 1 0.020833333333333332
1 0 0 0 0 1 0 0 0 0 1 0 0 0 0 1 1 0 0 0 0 1 0 0 0 0 1 1 0 0 0 0 1 0 0 0 0
 1 0 0 0 0 0 1 0 0 1 0 -79.59644256269408 1 0.020833333333333332
1 0 0 0 0 1 0 0 0 0 1 0 0 0 0 1 1 0 0 0 0 1 0 0 0 0 1 0 0 0 0 1 1 0 0 0 0
 0 0 1 0 1 1 0 0 0 1 0 -79.75872022286245 1 0.0
1 0 0 0 0 0 0 1 0 0 1 0 0 1 0 0 1 0 0 0 0 0 0 1 0 0 1 0 0 1 0 1 1 0 0 0 0
 0 0 1 0 0 1 0 0 1 0 0 -81.75872022286245 1 0.041666666666666664
1 0 0 0 0 1 0 0 0 0 1 0 0 0 0 1 1 0 0 0 0 1 0 0 0 0 1 1 0 0 1 0 1 0 0 0 0
 1 0 0 0 0 1 1 0 0 1 0 -78.92099788303084 1 0.020833333333333332
1 0 0 0 0 0 0 1 0 0 1 0 0 1 0 0 1 0 0 0 0 0 0 1 0 0 1 0 0 1 0 0 1 0 0 0 0
 0 0 1 0 0 1 0 0 1 0 0 -86.59644256269407 1 0.041666666666666664
1 0 0 0 0 1 0 0 0 0 1 1 0 1 0 0 1 0 0 0 0 1 0 0 0 0 1 1 0 1 0 0 1 0 0 0 0
 0 0 0 0 0 1 1 0 1 0 0 -73.92099788303084 1 0.041666666666666664
1 0 0 0 0 1 0 0 0 0 1 0 0 0 0 1 1 0 0 0 0 1 0 1 0 0 1 0 0 0 0 0 1 0 0 0 0
 1 0 1 0 0 1 0 0 0 0 0 -80.59644256269408 1 0.020833333333333332
1 0 0 0 0 1 0 0 0 0 1 1 1 0 0 0 1 0 0 0 0 1 0 0 0 0 1 0 0 1 0 1 1 0 0 0 0
 1 0 0 0 0 1 0 0 0 0 1 -78.92099788303084 1 0.020833333333333332
1 0 0 0 0 1 0 0 0 0 1 0 0 0 0 1 1 0 0 0 0 1 0 1 0 0 1 0 0 0 1 0 1 0 0 0 0
 1 0 1 0 0 1 0 0 0 1 0 -78.92099788303084 1 0.0
1 0 0 0 0 1 0 0 0 0 1 0 0 0 0 1 1 0 0 0 0 1 0 0 0 0 1 1 0 0 0 0 1 0 0 0 0
 1 0 0 0 0 1 0 0 1 0 0 -78.59644256269408 1 0.020833333333333332
0 1 0 1 0 1 0 0 0 0 1 0 1 0 0 0 0 0 0 1 0 1 0 0 1 0 1 0 0 0 0 0 0 0 0 1 0
 1 0 0 0 0 1 0 1 0 0 0 -70.75872022286245 1 0.08333333333333333
0 1 0 0 0 0 0 1 0 0 1 0 1 0 0 0 0 1 0 0 0 0 0 1 0 0 1 0 1 0 0 0 0 1 0 0 0
 0 0 1 0 0 1 0 1 0 0 0 -80.59644256269407 1 0.020833333333333332
1 0 0 0 0 1 0 1 0 0 1 0 0 0 1 0 1 0 0 0 0 1 0 1 0 0 1 0 0 0 1 0 1 0 0 0 0
 1 0 1 0 0 1 0 0 0 1 0 -78.0832755431992 1 0.0
1 0 0 0 0 1 0 0 0 1 0 0 0 0 1 1 1 0 0 0 0 1 0 0 0 0 0 1 0 0 1 0 1 0 0 0 0
 1 0 0 0 0 0 1 0 0 1 0 -77.75872022286245 1 0.020833333333333332
1 0 0 0 0 1 0 0 0 0 0 1 0 0 1 0 1 0 0 0 0 1 0 0 0 1 0 0 0 0 1 0 1 0 0 0 0
 1 0 0 0 0 0 1 0 0 1 0 -77.59644256269407 1 0.020833333333333332
1 0 0 0 0 1 0 0 0 0 0 1 0 0 1 0 1 0 0 1 0 1 0 0 0 0 0 0 0 0 1 0 1 0 0 0 0
 1 0 0 0 0 0 1 0 0 1 0 -77.59644256269407 1 0.020833333333333332
1 0 0 0 0 1 0 0 0 0 1 0 0 0 0 1 1 0 0 0 0 0 0 1 0 0 1 0 0 1 0 0 1 0 0 0 0
 1 0 0 0 0 1 0 0 0 1 0 -77.59644256269408 1 0.020833333333333332
1 0 0 0 0 1 0 0 0 0 1 0 0 0 0 1 1 0 0 0 0 1 0 0 0 0 1 0 0 0 1 0 1 0 0 0 0
 0 0 0 0 0 1 1 0 1 0 0 -72.59644256269408 1 0.041666666666666664
1 0 0 0 0 0 0 1 0 0 1 0 0 1 0 0 0 1 0 0 0 0 0 1 0 0 1 0 1 0 0 0 1 0 0 0 0
 0 0 1 0 0 1 0 0 1 0 0 -76.59644256269407 2 0.041666666666666664
1 0 0 0 0 1 0 0 0 0 1 0 0 0 0 1 1 0 0 0 0 1 0 0 0 0 1 0 0 0 1 1 1 0 0 0 0
 1 0 0 0 0 0 1 0 0 1 0 -81.75872022286245 1 0.020833333333333332
1 0 0 0 0 1 0 1 0 0 1 0 0 0 0 1 1 0 0 0 0 0 0 1 0 0 1 0 0 1 0 0 1 0 0 0 0
 0 0 1 0 0 1 0 0 1 0 0 -79.75872022286245 1 0.020833333333333332
0 1 0 0 0 0 0 1 0 0 1 0 1 0 0 0 0 1 0 0 0 0 0 1 0 0 1 0 1 0 0 0 0 1 0 0 0
 0 0 1 0 0 1 0 1 0 0 0 -80.59644256269407 1 0.0625
1 0 0 0 0 1 0 0 0 0 1 0 0 0 0 1 0 0 1 0 0 0 0 1 0 0 1 0 0 0 0 0 1 0 0 0 0
 1 0 0 0 0 1 0 0 0 0 1 -72.4341649025257 1 0.0625
0 1 0 1 0 1 0 0 0 0 1 0 1 0 0 0 0 0 0 1 0 1 0 0 0 0 1 0 1 0 0 0 0 0 0 0 0
 1 0 0 0 0 1 0 1 0 0 0 -72.59644256269407 1 0.08333333333333333
1 0 1 0 0 1 0 0 0 0 0 1 0 0 0 1 1 0 0 0 0 1 0 0 0 0 0 1 0 0 1 0 1 0 0 0 0
 1 0 0 0 0 0 1 0 0 1 0 -77.75872022286245 1 0.0625
1 0 0 0 0 1 0 0 0 0 1 0 0 0 0 1 1 0 0 0 0 1 0 1 0 0 1 0 0 0 1 0 1 0 0 0 0
 1 0 0 0 0 1 1 0 0 1 0 -76.92099788303084 1 0.020833333333333332
1 0 0 0 0 1 0 0 0 0 1 1 0 0 0 1 1 0 0 0 0 1 0 0 0 0 1 1 0 0 0 0 1 0 0 0 0
 1 0 0 0 0 0 1 0 0 1 0 -76.75872022286245 1 0.020833333333333332
1 0 0 0 0 1 0 0 0 0 1 0 0 0 0 1 1 0 0 0 0 1 0 0 0 0 1 0 0 0 0 0 1 0 0 0 0
 1 0 0 0 0 1 0 0 1 0 0 -80.4341649025257 1 0.0625
0 0 0 1 0 1 0 0 0 0 1 0 1 0 0 0 0 0 1 1 0 1 0 0 1 0 0 0 0 0 0 0 0 0 0 1 0
 1 0 0 0 0 1 0 1 0 0 0 -71.59644256269407 1 0.0625
1 0 0 0 0 1 0 0 0 0 1 1 0 0 0 1 1 0 0 0 0 1 0 0 0 0 1 0 0 0 0 1 1 0 0 0 0
 1 0 1 0 0 1 0 0 0 1 0 -78.92099788303084 1 0.041666666666666664
1 0 0 0 0 1 0 0 0 0 1 0 0 0 0 1 1 0 0 0 0 1 0 1 0 0 1 0 0 0 1 0 1 0 0 0 0
 1 0 1 0 0 1 0 0 1 0 0 -76.92099788303084 1 0.0
1 0 0 0 0 1 0 0 0 0 1 0 0 1 0 1 1 0 0 0 0 1 0 1 0 0 1 0 0 1 0 0 1 0 0 0 0
 0 0 1 0 0 1 0 0 1 0 0 -76.92099788303084 1 0.0
1 0 0 0 0 1 0 0 0 0 1 1 0 0 0 1 1 0 0 0 0 1 0 0 0 0 1 1 0 0 1 0 1 0 0 0 0
 1 0 0 0 0 0 1 0 0 1 0 -76.92099788303084 1 0.0
1 0 0 0 0 1 0 0 0 0 1 1 0 0 1 0 1 0 0 0 0 1 0 0 0 0 1 0 0 0 0 1 1 0 0 1 0
 1 0 0 0 0 1 0 0 0 1 0 -76.92099788303084 1 0.0
1 0 0 0 0 0 0 1 0 1 0 0 0 0 1 0 1 0 0 0 0 1 0 1 0 1 0 0 0 0 1 0 1 0 0 0 0
 0 0 1 0 1 0 0 0 0 1 0 -75.75872022286245 1 0.020833333333333332
1 0 0 0 0 1 0 0 0 0 0 1 0 0 1 0 0 0 0 1 0 1 0 0 1 0 0 0 0 0 1 0 1 0 0 0 0
 1 0 0 0 0 0 1 0 0 1 0 -76.59644256269407 1 0.020833333333333332
1 0 0 0 0 0 0 1 0 0 1 0 0 1 0 0 1 1 0 0 0 0 0 1 0 0 1 0 0 0 0 0 1 0 0 0 0
 0 0 1 0 0 1 0 0 1 0 0 -77.59644256269407 1 0.041666666666666664
0 1 0 1 0 1 0 0 1 0 0 0 0 0 1 1 0 0 0 1 0 1 0 0 1 0 0 0 0 0 1 0 0 0 0 1 0
 1 0 0 1 0 0 0 0 0 1 0 -68.92099788303084 1 0.0625
1 0 0 0 0 1 0 1 0 0 1 0 1 0 0 0 1 0 0 0 0 1 0 1 0 0 1 0 1 0 0 0 1 0 0 0 0
 0 0 1 0 0 1 0 1 0 0 0 -73.92099788303084 1 0.020833333333333332
1 0 0 0 0 1 0 0 0 0 0 1 0 0 1 0 1 0 0 0 0 1 0 0 0 0 1 1 0 0 1 0 1 0 0 0 0
 1 0 0 0 0 0 1 0 0 0 0 -74.59644256269407 1 0.0625
1 0 0 0 0 1 0 0 0 0 1 0 0 0 0 1 1 0 0 0 0 1 0 0 0 1 0 0 0 0 1 0 1 0 0 0 0
 1 0 0 0 0 0 1 0 0 1 0 -75.59644256269408 1 0.041666666666666664
0 0 1 0 0 1 0 0 0 0 0 1 1 0 0 0 0 0 1 0 0 1 0 0 0 0 0 1 1 0 0 0 0 0 0 0 0
 1 0 0 0 0 0 1 1 0 0 0 -73.4341649025257 1 0.08333333333333333
1 0 0 0 0 1 0 0 0 0 1 0 0 0 0 1 1 0 0 0 0 0 0 1 0 0 1 0 0 1 0 0 1 0 0 0 0
 1 0 0 0 0 0 1 0 1 0 0 -73.59644256269408 1 0.041666666666666664
0 1 0 0 0 0 0 1 0 0 1 0 1 0 0 0 0 1 0 0 0 0 0 1 0 0 1 0 1 0 0 0 0 1 0 0 0
 0 0 1 0 0 1 0 1 0 0 0 -80.59644256269407 1 0.0625
1 0 0 0 0 1 0 1 0 0 1 0 0 0 0 1 1 0 0 0 0 1 0 1 0 0 1 0 0 1 0 0 1 0 0 0 0
 0 0 1 0 0 1 0 0 1 0 0 -76.92099788303084 1 0.041666666666666664
1 0 0 0 0 1 0 1 0 0 1 0 0 0 0 1 1 0 0 0 0 1 0 1 0 0 1 0 0 0 0 0 1 0 0 0 0
 0 0 1 0 0 1 0 0 0 0 0 -73.59644256269408 1 0.020833333333333332
1 0 0 0 0 1 0 1 0 0 1 0 0 0 0 1 1 0 0 0 0 1 0 1 0 0 1 0 0 0 1 0 1 0 0 0 0
 1 0 1 0 0 1 0 0 0 1 0 -76.08327554319922 1 0.0
1 0 0 0 0 1 0 0 0 0 0 1 0 0 1 0 1 0 0 1 0 1 0 0 0 0 1 0 0 0 1 0 1 0 0 0 0
 1 0 0 0 0 0 1 0 0 1 0 -77.75872022286245 1 0.041666666666666664
1 0 0 0 0 0 0 1 0 1 0 0 0 0 1 0 1 0 0 0 0 0 0 1 0 1 0 0 0 0 1 0 1 0 0 0 0
 0 0 1 0 1 0 0 0 0 1 0 -80.59644256269407 1 0.020833333333333332
1 0 0 0 0 1 0 0 0 0 1 0 0 0 0 1 1 0 0 0 0 1 0 0 0 0 1 0 0 0 1 0 1 0 0 0 0
 1 0 0 0 0 1 1 0 0 1 0 -78.75872022286245 1 0.020833333333333332
1 0 0 0 0 1 0 1 0 0 1 0 0 0 0 0 1 0 0 0 0 0 0 1 0 0 1 0 0 1 0 0 1 0 0 0 0
 0 0 1 0 0 1 0 0 1 0 0 -79.59644256269407 1 0.0625
1 0 0 0 0 1 0 0 0 0 1 1 0 0 0 1 1 0 0 0 0 1 0 0 0 0 1 1 0 0 1 0 1 0 0 0 0
 1 0 0 0 0 1 1 0 0 1 0 -76.08327554319922 1 0.041666666666666664
1 0 0 0 0 1 0 0 0 0 1 0 0 0 1 1 1 0 0 0 0 1 0 1 0 0 1 0 0 0 1 0 1 0 0 0 0
 1 0 0 0 0 1 0 0 0 1 0 -75.92099788303082 1 0.0
0 1 0 0 0 0 0 1 0 0 1 0 1 0 0 0 0 1 0 0 0 0 0 1 0 0 1 0 1 0 0 0 1 0 0 0 0
 0 0 1 0 0 1 0 1 0 0 0 -73.59644256269407 1 0.041666666666666664
1 0 0 0 0 1 0 0 0 0 1 0 0 0 0 1 1 1 0 0 0 0 0 1 0 0 1 0 0 0 0 0 1 0 0 0 0
 0 0 1 0 0 1 0 0 1 0 0 -75.59644256269408 1 0.020833333333333332
1 0 0 0 0 1 0 0 0 0 1 0 0 0 0 1 0 0 0 1 0 1 0 0 0 0 1 0 0 0 0 0 0 0 0 1 0
 1 0 0 0 0 1 0 1 0 0 0 -77.4341649025257 1 0.08333333333333333
1 0 0 0 0 0 0 1 0 1 0 0 0 0 1 0 1 0 0 0 0 0 0 1 0 1 0 0 0 0 1 0 1 0 0 0 0
 0 0 1 0 1 0 0 0 0 1 1 -75.75872022286245 1 0.0
1 0 0 0 0 1 0 0 0 0 0 1 0 0 1 0 1 0 0 0 0 1 0 1 0 1 0 0 0 0 1 0 1 0 0 0 0
 1 0 0 0 0 0 1 0 0 1 0 -75.75872022286245 1 0.0
1 0 0 0 0 1 0 0 0 0 0 1 0 0 1 0 1 0 0 0 0 1 0 1 0 0 1 0 0 0 1 0 1 0 0 0 0
 1 0 0 0 0 0 1 0 0 1 0 -77.75872022286245 1 0.0625
0 1 0 0 0 0 0 1 0 0 1 0 1 0 0 0 0 1 0 0 0 0 0 1 0 0 1 0 1 0 0 0 0 1 0 0 0
 0 0 1 0 0 1 0 1 0 0 0 -80.59644256269407 1 0.041666666666666664
1 0 0 0 0 0 0 1 0 1 0 0 0 0 1 0 1 0 0 0 0 1 0 1 0 1 0 0 0 0 1 0 1 0 0 0 0
 0 0 1 0 1 0 0 0 0 1 0 -75.75872022286245 1 0.041666666666666664
1 0 0 0 0 1 0 0 0 0 1 0 0 0 0 1 0 0 1 0 0 1 0 0 1 0 0 0 0 0 0 1 1 0 0 0 0
 1 0 0 0 0 1 1 1 0 0 0 -73.75872022286245 1 0.020833333333333332
1 0 0 0 0 1 0 0 0 0 1 0 0 0 0 1 0 0 0 0 1 0 0 0 0 0 1 1 0 0 0 0 1 0 0 0 0
 1 0 0 0 0 1 0 0 0 0 1 -72.4341649025257 1 0.10416666666666667
1 0 0 0 0 1 0 0 0 0 1 0 0 0 0 1 1 0 0 0 0 0 0 1 0 1 1 0 0 1 0 0 1 0 0 0 0
 0 0 0 0 0 1 0 0 1 0 0 -70.59644256269408 1 0.08333333333333333
1 0 0 0 0 1 0 0 0 0 1 1 0 0 0 1 1 0 0 0 0 1 0 0 0 0 1 1 0 1 0 0 1 0 0 0 0
 1 0 0 0 0 0 1 0 0 1 0 -74.92099788303084 1 0.020833333333333332
1 0 0 1 0 1 0 0 0 0 1 0 0 0 0 0 0 0 0 1 0 1 0 0 0 0 1 0 0 0 0 0 0 0 0 1 0
 1 0 0 0 0 1 0 1 0 0 0 -74.4341649025257 1 0.08333333333333333
1 0 0 0 0 1 0 0 0 0 0 1 0 0 1 0 1 0 0 0 0 1 0 1 1 0 0 0 0 0 1 0 1 0 0 0 0
 1 0 0 0 0 0 1 0 0 1 0 -75.75872022286245 1 0.041666666666666664
0 1 0 0 0 0 0 1 0 0 1 0 1 0 0 0 0 1 0 0 0 0 0 1 0 0 1 0 1 0 0 0 0 1 0 0 0
 0 0 1 0 0 1 0 1 0 1 0 -73.75872022286245 1 0.041666666666666664
1 0 0 0 0 1 0 0 0 0 0 1 1 0 1 0 1 0 0 0 0 1 0 0 0 0 1 1 0 0 1 0 1 0 0 0 0
 1 0 0 0 0 0 1 0 0 1 0 -74.92099788303084 1 0.0625
1 0 0 0 0 1 0 0 0 0 1 1 0 0 0 1 1 0 0 0 0 1 0 0 0 0 1 1 0 1 0 0 1 0 0 0 0
 0 0 0 0 0 1 0 0 1 0 0 -69.75872022286245 1 0.0625
1 0 0 0 0 1 0 0 0 0 1 1 0 0 0 1 1 0 0 0 0 1 0 0 0 0 1 1 0 0 0 0 1 0 0 0 0
 0 0 0 0 0 1 1 0 1 0 0 -71.75872022286245 1 0.041666666666666664
0 1 0 0 0 0 0 1 0 0 1 0 1 0 0 0 0 1 0 0 0 0 0 1 0 0 1 0 1 0 0 0 0 0 0 0 0
 0 0 0 0 0 1 0 1 0 0 0 -66.27188724235731 1 0.10416666666666667
1 0 0 0 0 1 0 1 0 0 1 0 0 0 1 0 1 0 0 0 0 1 0 1 0 0 1 0 0 0 1 0 1 0 0 0 0
 1 0 0 0 0 1 0 0 0 1 0 -75.92099788303084 1 0.0625
1 0 0 0 0 1 0 0 0 0 1 1 0 0 0 1 1 0 0 0 0 1 0 0 0 0 1 0 0 0 1 0 1 0 0 0 0
 1 0 0 0 0 0 1 0 0 1 0 -74.75872022286245 1 0.041666666666666664
0 1 0 0 0 1 0 1 0 0 1 0 1 0 0 0 0 1 0 0 0 0 0 1 0 0 1 0 1 0 0 0 0 1 0 0 0
 0 0 1 0 0 1 0 1 0 0 0 -75.75872022286245 1 0.041666666666666664
1 0 0 0 0 1 0 0 0 0 1 0 0 0 0 1 1 0 0 0 0 1 0 0 0 0 0 1 0 1 0 0 1 0 0 0 0
 1 0 0 0 0 1 0 0 1 0 0 -74.59644256269407 1 0.08333333333333333
1 0 0 0 0 1 0 0 0 0 1 0 0 0 0 1 1 0 0 0 0 1 0 1 0 0 1 0 0 0 1 0 1 0 0 0 0
 1 0 1 0 0 1 0 0 0 1 0 -78.92099788303084 1 0.020833333333333332
1 0 1 0 0 1 0 0 0 0 1 0 0 0 0 1 1 0 0 0 0 1 0 1 0 0 1 0 0 0 0 1 1 0 0 0 0
 0 0 1 0 0 1 0 0 0 0 0 -71.75872022286245 1 0.020833333333333332
1 0 0 0 0 1 0 1 0 0 1 0 0 0 0 1 1 0 0 0 0 1 0 1 0 1 1 0 0 0 1 0 1 0 0 0 0
 1 0 0 0 0 1 0 0 0 0 1 -74.08327554319922 1 0.041666666666666664
1 0 0 0 0 1 0 0 0 0 1 0 0 0 0 1 0 0 1 0 0 0 0 1 1 0 0 0 0 0 0 0 1 0 0 0 0
 0 0 0 0 0 1 0 0 1 0 1 -62.4341649025257 1 0.125
1 0 0 0 0 1 0 0 0 0 1 0 0 0 0 1 0 0 0 0 0 1 0 1 0 0 1 0 0 0 0 0 0 0 0 0 0
 1 0 0 0 0 1 0 1 0 0 0 -67.27188724235731 1 0.08333333333333333
1 0 0 0 0 0 0 0 0 1 0 0 0 0 1 1 1 0 0 0 0 1 0 0 0 1 0 0 0 0 1 1 1 0 0 0 0
 1 0 0 0 1 0 0 0 0 1 1 -73.92099788303084 1 0.020833333333333332
1 0 0 0 0 1 0 0 0 0 1 1 0 0 0 1 1 0 0 0 0 1 0 1 0 0 1 0 0 0 1 0 1 0 0 0 0
 1 0 0 0 0 1 1 0 0 0 1 -74.08327554319922 1 0.0
0 0 1 0 0 0 0 1 0 1 0 0 1 0 0 0 0 0 1 0 0 0 0 1 0 1 0 0 1 0 0 0 0 0 1 0 0
 0 0 1 0 1 0 0 1 0 0 0 -74.59644256269407 1 0.020833333333333332
1 0 0 0 0 1 0 0 0 0 0 1 0 0 1 0 1 0 0 0 0 1 0 1 0 0 1 0 0 0 1 0 1 0 0 0 0
 1 0 0 0 0 0 1 0 0 1 0 -77.75872022286245 1 0.041666666666666664
1 0 0 0 0 1 0 0 0 0 1 1 0 0 0 1 1 0 0 0 0 1 0 0 0 0 1 1 0 0 1 0 1 0 0 0 0
 1 0 0 0 0 1 1 0 1 0 0 -74.08327554319922 1 0.041666666666666664
1 0 0 0 1 1 0 0 0 0 1 0 0 0 0 1 1 0 0 0 0 1 0 1 0 0 1 0 0 0 0 0 1 0 0 0 0
 1 0 0 0 0 1 0 0 1 0 0 -71.75872022286245 1 0.0625
1 0 0 1 0 1 0 0 0 0 1 0 0 0 0 1 1 1 0 0 0 1 0 1 0 0 1 0 0 0 0 0 1 0 0 0 0
 1 0 0 0 0 1 0 0 0 0 1 -73.92099788303084 1 0.0
1 0 1 0 0 1 0 0 0 1 0 0 0 0 0 1 1 0 0 0 0 1 0 0 0 0 0 1 0 0 1 0 1 0 0 0 0
 1 0 0 0 0 0 1 0 0 1 0 -73.75872022286245 1 0.0
1 0 0 0 0 1 0 0 0 0 1 1 0 0 0 1 1 0 0 0 0 1 0 0 0 0 1 1 0 1 0 0 1 0 0 0 0
 1 0 0 0 0 1 1 0 1 0 0 -76.0832755431992 1 0.041666666666666664
1 0 1 0 1 1 0 0 0 0 0 1 0 0 0 1 1 0 0 0 0 1 0 0 0 0 0 1 0 0 1 0 1 0 0 0 0
 1 0 0 0 0 0 1 0 0 1 0 -70.92099788303084 1 0.041666666666666664
1 0 0 0 0 1 0 0 0 0 0 1 0 0 1 0 1 0 0 0 0 0 0 1 0 1 0 0 0 0 1 0 1 0 0 0 0
 1 0 0 0 0 0 1 0 0 1 0 -76.59644256269407 1 0.0625
1 0 0 0 0 0 0 1 0 0 1 0 0 1 0 0 0 1 0 0 0 0 0 1 0 0 1 0 1 0 0 0 1 0 0 0 0
 0 0 1 0 0 1 0 0 1 0 0 -76.59644256269407 1 0.0625
0 1 0 0 0 0 0 1 1 0 1 0 1 0 0 0 0 1 0 0 0 0 0 1 0 0 1 0 1 0 0 0 0 1 0 0 0
 0 0 1 0 0 1 0 1 0 0 0 -73.75872022286245 1 0.020833333333333332
0 1 0 0 0 0 0 1 0 0 1 0 1 0 0 0 0 1 0 0 0 0 0 1 1 0 1 0 0 0 0 0 0 1 0 0 0
 0 0 1 0 0 1 0 1 0 0 0 -71.59644256269407 1 0.041666666666666664
1 0 0 0 0 1 0 0 0 0 1 0 0 0 0 1 0 0 0 0 0 1 0 0 0 0 1 1 0 0 0 0 1 0 0 0 0
 1 0 0 0 0 1 0 0 0 0 0 -71.27188724235731 1 0.08333333333333333
1 0 0 0 0 1 0 0 0 0 1 0 0 0 0 1 0 1 0 0 0 1 0 0 0 0 1 1 0 0 0 0 1 1 0 0 0
 1 0 0 0 0 1 0 0 0 0 1 -71.75872022286245 1 0.0625
1 0 0 0 0 1 0 0 0 0 1 0 0 0 0 1 1 0 0 0 0 1 0 1 0 1 1 0 0 0 0 1 1 0 0 0 0
 1 0 0 0 0 1 1 0 0 0 0 -73.92099788303084 1 0.0625
1 0 0 0 0 1 0 0 0 0 1 0 0 0 0 1 0 0 1 0 1 1 0 0 0 0 1 0 0 0 0 1 1 0 0 0 0
 1 0 0 0 0 1 1 0 0 1 0 -72.92099788303084 1 0.020833333333333332
1 0 0 0 0 1 0 0 0 0 1 0 0 0 0 1 1 0 0 0 0 0 0 1 0 0 1 0 0 1 0 0 1 0 0 0 0
 0 0 1 0 0 1 0 0 1 1 0 -75.75872022286245 1 0.041666666666666664
1 0 0 0 0 1 0 0 0 0 1 0 0 0 0 1 0 1 0 0 0 0 0 1 0 0 1 0 0 0 0 0 0 1 0 0 0
 0 0 1 0 0 1 0 1 0 0 0 -69.4341649025257 1 0.020833333333333332
0 1 0 1 0 1 0 0 0 0 1 0 1 0 0 0 0 0 0 1 0 1 0 0 0 0 1 0 1 0 0 0 1 0 0 0 0
 1 0 0 0 0 1 0 1 0 0 0 -72.75872022286245 1 0.0625
1 0 0 0 0 1 0 0 0 0 1 0 0 0 0 1 1 0 0 0 0 1 0 1 0 0 1 0 0 0 1 0 1 0 0 0 0
 1 0 0 0 0 1 1 0 0 0 0 -76.75872022286245 1 0.041666666666666664
1 0 0 0 0 1 0 0 0 0 1 1 0 0 1 0 1 0 0 0 0 1 0 0 0 0 1 0 0 0 1 0 1 0 0 0 0
 0 0 0 0 0 1 1 0 1 0 0 -67.75872022286245 1 0.041666666666666664
1 0 0 0 0 1 0 1 0 0 1 0 0 0 0 1 1 0 0 0 0 1 0 1 0 0 1 0 0 0 1 0 1 0 0 0 0
 1 0 1 0 0 1 0 0 0 0 0 -75.92099788303084 1 0.020833333333333332
1 0 0 0 0 0 0 1 0 0 1 0 0 1 0 0 1 0 0 0 0 0 0 1 1 0 1 0 0 0 0 0 1 0 0 0 0
 0 0 1 0 0 1 0 0 1 0 0 -72.59644256269408 1 0.08333333333333333
1 0 0 0 0 1 0 0 0 0 1 0 0 0 0 1 0 1 0 0 0 0 0 1 0 0 1 0 1 1 0 0 1 0 0 0 0
 0 0 0 0 0 1 0 0 1 0 0 -64.59644256269408 1 0.10416666666666667
1 0 0 0 0 1 0 0 0 0 1 1 0 0 0 1 0 1 0 0 1 0 0 0 0 0 1 1 0 0 0 0 1 0 0 0 0
 1 0 0 0 0 1 0 0 0 0 1 -70.75872022286245 1 0.041666666666666664
1 0 0 1 0 1 0 0 0 0 1 0 0 0 0 1 0 0 0 1 0 1 0 0 0 0 1 0 0 0 0 0 1 0 0 1 0
 1 0 0 0 0 1 0 0 1 0 0 -71.75872022286245 1 0.08333333333333333
1 0 0 0 0 1 0 0 0 0 1 0 0 0 0 1 0 1 0 0 0 1 0 1 0 0 1 0 1 0 0 0 1 0 0 0 0
 1 0 1 0 0 1 0 0 0 0 0 -72.75872022286245 1 0.020833333333333332
1 0 0 0 0 1 0 0 0 0 1 1 0 0 0 1 1 0 0 0 0 1 0 1 0 0 1 0 0 0 1 0 1 0 0 0 0
 1 0 0 0 0 0 1 0 0 1 0 -72.92099788303084 1 0.041666666666666664
1 0 0 0 0 1 0 0 0 1 0 0 0 0 1 1 1 0 0 0 0 1 0 1 0 1 0 0 0 0 1 0 1 0 0 0 0
 1 0 0 0 0 0 1 0 0 1 0 -70.92099788303084 1 0.041666666666666664
1 0 0 0 0 0 0 1 0 0 1 0 0 1 0 0 0 1 1 0 0 0 0 1 0 0 1 0 1 0 0 0 1 0 0 0 0
 0 0 1 0 0 1 0 0 1 0 0 -69.75872022286245 1 0.041666666666666664
0 0 0 1 0 1 0 0 0 0 1 0 1 0 0 0 0 0 0 1 0 1 0 0 1 0 0 0 0 0 1 0 0 0 0 1 0
 1 0 0 0 0 1 0 1 0 0 0 -76.59644256269407 1 0.041666666666666664
1 0 0 0 0 1 0 1 0 0 1 0 0 0 1 0 1 0 0 0 0 0 0 1 0 1 0 0 0 0 1 0 1 0 0 0 0
 0 0 1 0 0 1 0 0 1 0 0 -71.75872022286245 1 0.020833333333333332
1 0 0 0 0 0 0 1 0 0 1 0 0 1 0 0 0 0 1 0 0 0 0 1 0 0 1 0 1 0 0 0 1 0 0 0 0
 0 0 1 0 0 1 0 0 1 0 0 -71.59644256269408 1 0.0625
1 0 0 0 0 1 0 0 0 0 1 0 0 0 0 1 0 1 0 0 0 0 0 1 0 0 1 0 1 0 0 0 1 0 0 0 0
 0 0 1 0 0 1 0 0 1 0 0 -74.59644256269408 1 0.08333333333333333
1 0 0 1 0 1 0 0 0 0 1 0 0 0 1 0 0 0 0 1 0 1 0 0 1 0 0 0 0 0 1 0 1 0 0 0 0
 1 0 0 0 0 1 0 0 0 1 0 -70.75872022286245 1 0.041666666666666664
1 0 0 0 0 1 0 0 0 1 0 0 0 0 1 1 1 0 0 0 0 1 0 1 0 1 0 0 0 0 1 0 1 0 0 0 0
 1 0 0 0 0 0 1 0 0 1 0 -70.92099788303084 1 0.020833333333333332
1 0 0 0 0 1 0 0 0 0 1 0 0 0 0 1 0 0 0 1 0 1 0 0 1 0 1 0 0 0 0 0 1 0 0 0 0
 1 0 0 0 0 1 0 0 0 1 0 -72.59644256269408 1 0.08333333333333333
1 0 0 0 0 1 0 0 0 0 1 0 0 0 0 1 1 1 0 0 0 0 0 1 0 0 1 0 0 0 0 0 1 0 0 0 0
 1 0 0 0 0 1 0 0 1 0 0 -72.59644256269408 1 0.0625
1 0 0 0 0 1 0 0 0 0 1 1 0 0 0 1 1 0 0 0 0 1 0 1 0 0 1 0 0 0 1 0 1 0 0 0 0
 1 0 0 0 0 1 0 0 0 0 0 -71.75872022286245 1 0.041666666666666664
0 1 0 0 1 0 0 0 0 0 1 0 0 0 0 1 0 1 0 0 0 0 0 1 0 0 1 0 1 0 0 0 0 0 0 1 0
 0 0 0 0 0 1 0 1 0 0 0 -65.4341649025257 1 0.0625
1 0 0 0 0 1 0 0 0 0 1 0 0 0 0 1 1 0 0 0 0 1 0 0 0 1 0 1 0 0 1 0 1 0 0 0 0
 1 0 0 0 0 0 1 0 0 1 0 -75.75872022286245 1 0.041666666666666664
0 1 0 0 0 0 0 1 0 0 1 0 1 0 0 0 0 1 0 0 0 0 0 1 0 0 1 0 1 0 0 0 0 1 0 0 1
 0 0 1 0 0 1 0 0 0 0 1 -71.75872022286245 1 0.0
0 1 0 0 1 0 0 1 0 0 1 0 0 0 0 1 1 0 0 0 0 0 0 1 0 0 1 0 0 1 0 0 1 0 0 0 0
 0 0 1 0 0 1 0 0 1 0 0 -71.75872022286245 1 0.0
1 0 0 0 0 1 0 0 0 0 1 0 0 0 0 1 0 0 0 1 0 1 0 0 1 0 0 0 0 0 0 0 0 0 0 1 0
 1 0 0 0 0 1 0 0 0 0 0 -68.27188724235731 1 0.08333333333333333
1 0 0 0 0 1 0 0 0 0 1 0 0 0 0 1 0 1 0 0 0 0 0 1 0 0 1 0 0 0 0 0 0 0 0 0 0
 1 0 0 0 0 1 1 1 0 0 0 -64.4341649025257 1 0.041666666666666664
1 0 0 0 0 0 0 1 0 0 1 0 0 1 0 0 0 0 1 0 0 0 0 1 0 0 1 0 1 0 0 0 1 0 0 0 0
 0 0 0 0 0 1 0 0 1 0 0 -64.4341649025257 1 0.10416666666666667
1 0 0 0 1 1 0 0 0 0 0 1 0 0 1 0 1 0 0 0 0 1 0 1 0 1 0 0 0 0 1 0 1 0 0 0 0
 1 0 0 0 0 0 1 0 0 1 0 -68.92099788303084 1 0.041666666666666664
1 0 0 0 0 1 0 1 0 0 1 0 0 0 0 1 1 0 0 0 0 0 0 1 0 1 0 0 0 0 1 0 1 0 0 0 0
 0 0 1 0 1 1 0 0 0 0 1 -70.92099788303084 1 0.041666666666666664
1 0 0 0 0 1 0 1 0 0 1 0 1 0 0 0 0 0 0 0 0 1 0 1 0 0 1 0 1 0 0 0 1 0 0 0 0
 0 0 1 0 0 1 0 1 0 0 0 -69.75872022286245 1 0.08333333333333333
1 0 0 0 0 1 0 0 0 0 1 1 0 0 0 1 1 0 0 0 0 1 0 0 0 0 1 1 0 0 0 0 1 0 0 0 0
 1 0 0 0 0 1 1 0 1 0 0 -75.92099788303084 1 0.041666666666666664
1 0 0 0 0 1 0 0 0 1 0 0 0 0 1 1 1 0 0 0 0 1 0 1 0 1 0 0 0 0 1 0 1 0 0 0 0
 1 0 0 0 0 0 1 0 0 1 0 -70.92099788303084 2 0.0625
1 0 0 0 0 1 0 0 1 0 1 0 0 0 0 1 0 0 0 1 0 1 0 0 1 0 1 0 0 0 0 0 0 0 0 1 0
 1 0 0 0 0 1 0 1 0 0 0 -70.75872022286245 1 0.08333333333333333
1 0 0 0 0 1 0 0 0 0 1 0 0 0 1 1 1 0 0 0 0 1 0 1 0 1 0 0 0 0 1 0 1 0 0 0 0
 1 0 0 0 0 0 1 0 0 1 0 -70.92099788303084 1 0.020833333333333332
1 0 0 0 0 1 0 0 0 0 1 0 0 0 0 1 0 0 0 0 0 0 0 1 0 0 1 0 0 0 0 0 0 0 0 0 0
 0 0 0 0 0 1 0 1 1 0 0 -54.10960958218894 1 0.16666666666666666
0 0 1 0 0 1 0 0 0 0 0 1 1 0 0 0 0 0 1 0 0 1 0 0 1 0 0 1 0 0 0 0 0 0 0 0 0
 1 0 0 0 0 0 1 1 0 0 0 -64.4341649025257 1 0.08333333333333333
0 0 1 0 0 1 0 0 1 0 0 1 1 0 0 0 0 0 1 0 0 1 0 0 0 0 0 1 1 0 0 0 0 0 1 0 0
 1 0 0 0 0 0 1 1 0 0 0 -73.75872022286245 1 0.020833333333333332
1 0 0 0 0 1 0 0 0 0 1 0 0 0 0 1 1 0 0 0 0 0 0 1 0 0 1 0 0 1 0 0 1 0 0 0 0
 1 0 0 0 0 1 0 0 1 1 0 -72.75872022286245 1 0.041666666666666664
1 0 0 0 0 1 0 0 0 0 1 1 0 0 0 1 1 0 0 0 0 1 0 0 0 0 1 1 0 0 0 0 0 0 0 0 0
 1 0 0 0 0 1 1 1 0 0 0 -71.75872022286245 1 0.08333333333333333
1 0 0 0 0 1 0 0 0 0 0 1 0 0 1 0 0 0 0 1 0 1 0 0 0 0 1 0 0 0 0 0 1 0 0 0 0
 1 0 0 0 0 1 0 0 0 1 0 -68.4341649025257 1 0.041666666666666664
1 0 0 0 0 1 0 0 0 0 1 0 0 0 0 1 0 0 1 0 0 1 0 0 0 0 1 0 0 1 0 1 1 0 0 0 0
 1 0 0 0 0 1 0 0 1 0 0 -71.75872022286245 1 0.041666666666666664
1 0 0 0 0 1 0 0 0 0 1 0 0 0 0 1 0 0 0 1 0 1 0 0 1 0 1 0 0 0 0 0 1 0 0 0 0
 1 0 0 0 0 1 0 0 0 1 0 -72.59644256269408 1 0.10416666666666667
0 0 1 0 1 1 0 0 1 0 1 0 0 0 0 1 0 1 0 0 0 1 0 0 0 0 1 0 0 0 0 1 1 0 0 0 0
 1 0 0 0 0 1 0 0 0 0 1 -69.92099788303084 1 0.0625
1 0 0 0 0 1 0 1 0 1 0 0 0 0 1 0 1 0 0 0 0 0 0 1 0 1 1 0 0 0 1 0 1 0 0 0 0
 0 0 1 0 1 0 0 0 0 1 0 -70.92099788303084 1 0.020833333333333332
0 0 1 0 0 1 0 0 1 0 0 0 0 0 0 1 0 0 1 0 0 1 0 0 0 1 0 0 0 0 0 0 0 0 1 0 0
 1 0 0 1 0 0 0 0 0 0 1 -68.4341649025257 1 0.020833333333333332
0 0 1 0 0 0 0 1 0 1 0 0 1 0 0 0 0 0 1 0 0 0 0 1 0 1 0 0 1 0 0 0 0 0 1 0 0
 0 0 1 0 1 0 0 1 0 0 0 -74.59644256269407 1 0.0625
1 0 0 0 0 1 0 0 0 0 1 0 0 0 0 1 0 0 0 0 0 0 0 1 0 0 1 0 0 0 0 0 1 0 0 0 0
 1 0 1 0 0 1 0 0 0 0 1 -69.4341649025257 1 0.08333333333333333
1 0 1 0 0 1 0 0 0 0 0 1 1 0 0 0 0 0 1 0 0 1 0 0 0 0 0 1 1 0 0 0 1 0 0 0 0
 1 0 0 0 0 0 1 0 0 1 0 -71.75872022286245 1 0.041666666666666664
1 0 0 0 0 1 0 1 0 0 1 0 0 0 1 0 1 0 0 0 0 1 0 0 0 0 1 1 0 0 0 0 1 0 0 0 0
 0 0 1 0 0 1 0 0 1 0 0 -70.75872022286245 1 0.0
1 0 0 0 0 1 0 0 0 0 1 1 0 0 0 1 1 0 0 1 0 1 0 0 0 0 1 0 0 0 1 0 1 0 0 0 0
 1 0 0 0 0 1 1 0 0 0 0 -71.92099788303084 1 0.041666666666666664
0 0 1 0 0 1 0 0 1 0 0 0 0 0 0 1 0 0 1 0 0 1 0 0 0 0 0 1 0 0 0 0 0 0 1 0 0
 1 0 0 0 0 0 1 1 0 0 0 -69.4341649025257 1 0.041666666666666664
1 0 0 0 0 1 0 1 0 0 1 0 0 0 0 1 0 0 1 0 0 1 0 1 1 0 1 0 0 0 0 1 1 0 0 0 0
 1 0 1 0 0 1 0 0 0 0 1 -71.24555320336759 1 0.020833333333333332
1 0 0 0 0 1 0 1 0 1 0 0 1 0 0 0 1 0 0 0 0 0 0 1 0 1 0 0 0 0 1 0 1 0 0 0 0
 0 0 1 0 1 0 0 0 0 1 0 -66.75872022286245 1 0.020833333333333332
1 0 0 0 0 1 0 0 0 0 1 0 0 0 0 1 1 0 0 0 0 0 0 1 0 0 1 0 1 0 0 0 1 0 0 0 0
 0 0 0 0 0 1 0 1 1 0 0 -65.59644256269408 1 0.14583333333333334
1 0 0 0 0 1 0 0 0 0 1 0 0 0 0 1 0 0 0 0 0 0 0 1 0 0 1 0 0 0 0 0 1 0 0 0 0
 0 0 0 0 0 1 0 0 1 0 0 -63.10960958218894 1 0.1875
1 0 0 0 0 1 0 0 0 0 0 1 0 0 1 0 1 0 0 0 0 1 0 1 0 0 1 0 0 0 1 0 1 0 0 0 0
 1 0 0 0 0 0 1 0 0 1 0 -77.75872022286245 1 0.041666666666666664
1 0 0 0 0 1 0 0 0 0 1 0 0 0 0 1 0 0 1 0 0 1 0 1 1 0 1 0 0 0 0 0 1 0 0 0 0
 1 0 0 0 0 1 0 0 0 0 1 -74.75872022286245 1 0.08333333333333333
0 0 0 1 0 1 0 0 0 0 0 1 0 0 1 0 0 0 0 0 0 1 0 0 0 0 0 1 0 0 1 0 1 0 0 0 0
 1 0 0 0 0 0 1 0 0 1 0 -68.4341649025257 1 0.08333333333333333
1 0 0 0 0 1 0 0 0 0 1 0 0 0 0 1 0 1 0 0 0 0 0 1 0 0 1 0 0 0 0 0 1 0 0 0 0
 1 0 0 0 0 1 0 1 0 0 0 -68.4341649025257 1 0.08333333333333333
1 0 0 0 0 1 0 0 0 0 1 0 0 0 0 1 0 0 1 0 0 1 0 1 1 0 0 0 0 0 0 0 1 0 0 0 0
 1 0 1 0 0 1 0 0 0 0 0 -68.59644256269408 1 0.020833333333333332
1 0 0 0 0 0 0 1 0 0 1 0 0 1 0 0 0 1 0 0 0 0 0 1 0 0 1 1 0 0 0 0 1 0 0 0 0
 0 0 1 0 0 1 0 0 1 0 0 -66.59644256269407 1 0.0625
1 0 0 0 0 1 0 0 0 0 1 0 0 0 0 1 1 0 0 0 0 1 0 0 0 0 1 1 0 0 1 0 1 0 0 0 0
 1 0 0 0 0 1 1 0 0 1 0 -78.92099788303084 1 0.0625
1 0 0 0 1 1 0 0 0 0 1 0 0 0 0 1 1 0 0 0 0 1 0 0 0 0 1 1 0 0 1 1 1 0 0 0 0
 0 0 0 0 0 1 1 0 0 0 0 -59.92099788303084 1 0.08333333333333333
1 0 0 0 0 1 0 0 0 0 1 0 0 0 0 1 0 0 1 0 0 1 0 0 0 0 0 1 1 0 0 0 1 0 0 0 0
 1 0 0 0 0 1 1 1 0 0 0 -73.75872022286245 1 0.08333333333333333
1 1 0 0 0 0 0 1 0 0 1 0 0 0 0 1 0 1 0 0 0 0 0 1 0 0 1 0 0 0 0 0 1 0 0 0 0
 0 0 1 0 0 1 0 0 1 0 0 -68.59644256269407 1 0.0625
1 0 0 0 0 1 0 0 0 0 1 1 0 0 1 1 1 0 0 0 0 1 0 1 0 0 1 0 0 0 1 0 1 0 0 0 0
 1 0 0 0 0 0 1 0 0 1 0 -70.08327554319922 1 0.041666666666666664
1 0 0 0 0 1 0 0 0 0 1 0 0 0 0 1 0 0 1 0 0 0 0 1 0 0 1 0 1 0 0 0 0 0 0 0 0
 1 0 0 0 0 1 0 1 0 0 0 -66.4341649025257 1 0.10416666666666667
1 0 0 0 0 0 0 1 0 0 1 0 0 1 0 0 0 1 0 0 0 0 0 1 0 0 1 0 1 0 0 0 1 0 0 0 0
 0 0 1 0 0 1 0 0 1 0 0 -76.59644256269407 1 0.08333333333333333
1 0 0 0 0 1 0 1 0 0 1 0 1 0 0 0 0 1 0 0 0 0 0 1 0 0 1 0 0 0 0 0 1 0 0 0 0
 0 0 1 0 0 1 0 1 0 0 0 -63.59644256269408 1 0.08333333333333333
1 0 0 0 0 1 0 1 0 1 0 0 0 0 1 0 1 0 0 0 0 1 0 0 0 1 0 1 0 0 1 0 1 0 0 0 0
 1 0 0 0 0 0 1 0 0 1 0 -70.92099788303082 1 0.041666666666666664
1 0 1 0 0 1 0 0 1 0 0 0 0 0 0 1 0 0 0 1 0 1 0 0 1 0 1 0 0 0 0 0 0 0 0 1 0
 1 0 0 0 0 1 0 1 0 0 0 -64.75872022286245 1 0.08333333333333333
1 0 1 0 0 1 0 0 0 1 0 0 0 0 0 1 1 0 0 0 0 1 0 0 0 0 0 1 0 0 1 0 1 0 0 0 0
 1 0 0 0 0 0 1 0 0 1 0 -73.75872022286245 1 0.020833333333333332
1 0 0 0 0 1 0 0 0 0 1 0 0 0 0 1 0 0 1 0 0 1 0 0 0 0 1 0 0 0 0 1 1 0 0 0 0
 1 0 0 0 0 1 0 0 0 0 1 -87.59644256269408 1 0.10416666666666667
1 0 0 0 0 1 0 1 0 0 1 0 0 0 0 1 0 0 1 0 0 0 0 1 0 0 1 0 0 0 0 0 1 0 0 0 0
 0 0 1 0 0 1 0 0 1 0 0 -63.59644256269408 1 0.08333333333333333
0 1 0 0 0 0 0 1 1 0 1 0 0 0 0 1 0 1 0 0 0 0 0 1 0 0 1 0 0 0 0 0 1 1 0 0 0
 0 0 0 0 0 1 0 0 0 0 1 -63.59644256269407 1 0.08333333333333333
1 0 0 0 0 1 0 0 0 1 1 0 0 0 0 1 1 0 0 0 0 1 0 1 0 0 1 0 0 0 0 0 1 0 0 0 0
 1 0 0 0 0 1 0 0 1 0 0 -71.75872022286245 1 0.041666666666666664
1 0 0 0 1 1 0 0 0 0 1 0 0 0 0 1 0 0 0 1 0 1 0 0 1 0 1 0 0 0 0 0 1 0 0 0 0
 1 0 0 0 0 1 0 0 0 1 0 -65.75872022286245 1 0.08333333333333333
1 1 0 0 0 0 0 1 0 0 1 0 1 0 0 1 0 1 0 0 0 0 0 1 0 0 1 0 1 0 0 0 0 1 0 0 0
 0 0 1 0 0 1 0 1 0 0 0 -70.92099788303084 1 0.041666666666666664
1 0 0 0 0 1 0 0 0 0 1 0 0 0 0 1 0 0 0 0 0 0 0 1 1 0 1 0 0 0 0 0 0 0 0 0 0
 1 0 0 0 0 1 0 1 0 0 0 -61.271887242357316 1 0.10416666666666667
1 0 0 0 0 1 0 0 0 1 0 1 0 0 1 0 1 0 0 1 0 1 0 0 0 1 0 0 0 0 1 0 1 0 0 0 0
 1 0 0 0 0 0 1 0 0 1 0 -70.92099788303082 1 0.041666666666666664
1 0 0 0 1 1 0 0 0 0 1 0 0 0 0 1 1 1 0 0 0 0 0 1 0 0 1 0 0 0 0 0 1 0 0 0 0
 0 0 1 0 0 1 0 0 1 0 0 -68.75872022286245 1 0.0625
1 0 0 0 0 1 0 0 0 0 1 0 0 0 0 1 0 0 1 0 0 0 0 1 1 0 0 0 0 0 0 0 1 0 0 0 0
 0 0 0 0 0 1 0 0 1 0 0 -60.271887242357316 1 0.125
1 0 0 0 0 1 0 0 0 0 1 0 0 0 0 1 0 0 1 0 0 0 0 1 0 0 1 0 0 0 0 0 1 0 0 0 0
 1 0 0 0 0 1 0 0 0 0 0 -65.27188724235731 1 0.08333333333333333
1 0 0 0 0 1 0 0 0 0 1 0 0 0 0 1 0 0 1 0 0 1 0 1 0 0 1 0 1 0 0 0 1 0 0 0 0
 1 0 0 0 0 1 1 0 0 0 0 -70.75872022286245 1 0.041666666666666664
1 0 0 1 0 1 0 0 0 0 1 0 0 0 1 1 0 0 0 1 0 1 0 0 0 0 1 0 0 0 0 0 1 0 0 0 0
 1 0 0 0 0 1 1 0 0 1 0 -62.920997883030836 1 0.08333333333333333
1 0 0 0 0 1 0 0 0 0 0 1 0 0 1 0 0 0 0 0 1 1 0 0 0 0 1 1 0 0 1 0 1 0 0 0 0
 1 0 0 0 0 0 1 0 0 1 0 -70.75872022286245 1 0.020833333333333332
0 0 0 1 0 1 0 0 1 0 0 0 0 0 1 0 0 0 0 1 0 1 0 0 1 0 1 0 0 0 1 0 0 0 0 1 0
 1 0 0 0 0 1 0 1 0 1 0 -68.92099788303082 1 0.041666666666666664
0 0 1 0 0 0 0 1 0 1 0 0 1 0 0 0 0 1 1 0 0 0 0 1 0 0 1 0 1 0 0 0 0 1 0 0 0
 0 0 1 0 0 1 0 1 0 0 0 -65.75872022286245 1 0.041666666666666664
1 0 0 0 0 1 0 0 0 0 1 0 0 0 0 1 1 1 0 0 0 0 0 1 0 0 1 0 1 1 0 0 1 0 0 0 0
 0 0 0 0 0 1 1 0 1 0 0 -61.92099788303084 1 0.10416666666666667
1 0 0 0 0 1 0 0 0 0 1 1 0 0 0 1 1 0 0 0 0 1 0 1 0 0 1 0 0 1 0 0 1 0 0 0 0
 1 0 1 0 0 1 0 1 0 0 0 -70.08327554319922 1 0.041666666666666664
1 0 0 0 0 1 0 0 0 0 1 0 0 0 0 1 0 1 0 0 0 0 0 1 0 0 1 0 0 0 0 0 1 0 0 0 0
 1 0 0 0 0 1 0 0 1 0 0 -68.4341649025257 1 0.16666666666666666
1 0 1 0 0 1 0 0 1 0 0 0 0 0 0 1 1 0 1 0 0 1 0 0 0 1 0 0 0 0 0 1 1 0 0 0 0
 1 0 1 0 0 1 0 0 0 0 0 -65.92099788303084 1 0.020833333333333332
1 0 1 0 0 1 0 0 1 0 0 0 0 0 0 1 0 0 1 0 0 1 0 1 1 0 0 0 0 0 0 0 1 0 1 0 0
 1 0 0 0 0 1 0 0 0 0 1 -65.92099788303084 1 0.020833333333333332
1 0 0 0 0 0 0 1 0 0 1 0 0 0 0 1 0 1 0 0 0 0 0 1 0 0 1 0 0 0 0 0 0 1 0 0 0
 0 0 1 0 0 1 0 1 0 0 0 -66.4341649025257 1 0.08333333333333333
0 1 0 0 1 0 0 1 0 0 1 0 0 0 0 1 0 1 0 0 0 0 0 1 0 0 1 0 1 0 0 0 0 1 0 0 0
 0 0 1 0 0 1 0 1 1 0 0 -64.92099788303084 1 0.0625
1 0 0 0 0 1 0 0 0 0 1 0 0 0 0 1 0 0 1 0 0 1 0 0 0 0 0 1 0 0 0 0 1 0 0 0 0
 1 0 1 0 0 1 0 0 0 1 0 -66.59644256269408 1 0.0625
1 0 0 0 0 1 0 0 0 0 1 0 0 1 0 1 0 0 1 0 0 0 0 1 1 0 0 0 0 1 0 0 1 0 0 0 0
 0 0 1 0 0 1 0 0 1 0 0 -67.75872022286245 1 0.041666666666666664
0 0 0 1 1 1 0 0 0 0 0 1 0 0 1 0 1 0 0 1 0 1 0 0 0 0 0 0 0 0 1 0 1 0 0 0 0
 1 0 0 0 0 0 1 0 0 1 0 -66.75872022286245 1 0.041666666666666664
0 1 0 1 0 1 0 0 0 0 1 0 1 0 0 0 0 0 0 1 0 1 0 1 0 0 1 0 0 0 0 0 0 0 0 1 0
 0 0 0 0 0 1 0 1 0 0 0 -56.59644256269407 1 0.14583333333333334
1 0 0 0 0 1 0 0 0 0 1 0 0 0 0 1 0 0 0 0 0 1 0 0 0 0 1 1 0 0 0 0 0 0 0 1 0
 1 0 0 0 0 1 1 1 0 0 0 -65.59644256269408 1 0.10416666666666667
1 0 0 0 0 1 0 1 0 0 1 0 1 0 0 0 1 0 0 0 0 0 0 1 0 1 1 0 0 0 0 0 1 0 0 0 0
 1 0 1 0 0 1 0 0 0 0 0 -69.75872022286245 1 0.08333333333333333
1 0 1 0 0 1 0 0 0 0 0 1 0 0 0 1 0 0 1 0 0 1 0 0 0 0 0 1 0 0 0 0 1 0 0 0 0
 1 0 0 0 0 1 1 0 0 0 0 -65.59644256269408 1 0.0625
1 0 0 0 0 1 0 0 0 0 1 1 0 0 1 0 0 0 0 1 0 1 0 0 0 0 1 0 0 0 0 0 1 0 0 0 0
 1 0 0 0 0 1 0 0 1 0 0 -65.59644256269408 1 0.041666666666666664
1 0 0 0 0 1 0 0 0 0 0 1 0 0 1 0 0 1 0 0 0 0 0 1 1 0 0 0 0 0 1 0 1 0 0 0 0
 1 0 0 0 0 0 1 0 0 1 0 -70.59644256269407 1 0.020833333333333332
1 1 0 0 0 0 0 1 0 0 1 0 0 0 0 1 0 1 0 0 0 0 0 1 0 0 1 0 1 0 0 0 1 1 0 0 0
 0 0 1 0 0 1 0 1 0 0 0 -70.92099788303084 1 0.0625
1 0 0 0 0 1 0 0 0 0 0 1 0 0 1 0 0 0 1 0 0 1 0 0 0 0 0 1 0 0 0 0 1 0 0 0 0
 1 0 0 0 0 1 1 0 0 0 0 -68.4341649025257 1 0.10416666666666667
1 0 0 0 0 1 0 1 0 0 1 0 1 0 0 0 0 0 1 0 0 0 0 1 0 0 1 0 1 0 0 0 1 0 0 0 0
 0 0 1 0 0 1 0 0 1 0 0 -66.75872022286245 1 0.08333333333333333
1 0 1 0 1 1 0 0 0 0 0 1 0 0 0 1 0 0 1 0 0 1 0 0 0 0 0 1 0 0 0 0 1 0 0 0 0
 1 0 0 0 0 1 0 0 0 0 1 -63.75872022286246 1 0.0625
1 0 0 0 0 1 0 1 0 0 1 0 0 0 0 1 0 1 0 0 0 0 0 1 0 0 1 0 0 0 0 0 1 0 0 0 0
 0 0 1 0 0 1 0 0 1 0 0 -68.59644256269408 1 0.125
1 0 0 0 0 1 0 0 0 0 1 0 0 0 0 1 1 0 0 0 0 1 0 1 0 0 1 1 0 0 0 0 1 0 0 0 0
 1 0 0 0 0 1 0 0 1 0 0 -71.75872022286245 1 0.08333333333333333
1 0 0 0 0 1 0 1 1 0 1 0 0 0 1 0 1 0 0 0 0 1 0 1 0 0 1 0 0 0 1 0 1 0 0 0 0
 1 0 0 0 0 1 0 0 0 1 1 -69.24555320336759 1 0.041666666666666664
1 0 0 0 0 1 0 0 0 0 0 1 0 0 1 0 0 0 1 0 0 1 0 1 1 0 0 0 0 0 0 0 1 0 0 0 0
 1 0 0 0 0 0 1 0 0 1 0 -67.59644256269407 1 0.0625
1 0 1 0 0 0 0 1 0 1 0 0 0 0 0 1 1 0 0 0 0 0 0 1 0 1 0 0 0 0 1 0 1 0 0 0 0
 0 0 1 0 1 0 0 0 0 1 1 -68.92099788303082 1 0.020833333333333332
0 1 0 0 1 0 0 0 0 0 1 0 0 0 0 1 0 1 0 0 0 0 0 1 1 0 1 0 0 0 0 0 1 1 0 0 0
 0 0 0 0 0 1 0 0 0 0 1 -66.59644256269407 1 0.08333333333333333
1 0 0 0 0 1 0 0 0 0 1 0 0 0 0 1 0 0 1 0 0 1 0 1 0 0 1 0 0 0 0 0 0 0 0 1 0
 1 0 0 0 0 1 0 1 0 0 0 -68.59644256269408 1 0.125
1 0 0 0 0 1 0 0 1 0 1 0 0 0 0 1 0 0 0 1 0 1 0 0 1 0 1 0 0 0 0 0 1 0 0 0 0
 1 0 0 0 0 1 1 1 0 0 0 -65.92099788303082 1 0.0625
1 0 0 0 0 1 0 1 0 0 1 0 0 0 1 0 1 0 0 1 0 1 0 1 0 0 1 0 0 0 1 0 1 0 0 0 0
 1 0 0 0 0 0 1 0 0 1 0 -68.0832755431992 1 0.041666666666666664
0 1 0 0 0 1 0 1 0 0 1 0 1 0 0 0 0 1 0 0 0 0 0 1 0 0 1 0 1 0 0 0 0 0 0 0 0
 1 0 0 0 0 1 0 1 0 0 0 -68.59644256269407 1 0.125
0 0 0 1 0 1 0 0 0 1 0 0 1 0 0 0 1 0 0 1 0 1 0 0 0 1 0 0 0 0 1 0 1 0 0 0 0
 1 0 0 0 0 0 1 0 0 1 0 -62.75872022286246 1 0.08333333333333333
0 1 0 0 1 0 0 1 0 0 1 0 1 0 0 0 0 1 0 0 0 0 0 1 0 0 1 0 1 0 0 0 1 0 0 0 0
 0 0 1 0 0 1 0 1 0 0 0 -66.75872022286245 1 0.0625
0 0 0 1 0 1 0 0 0 1 0 0 0 0 1 0 1 0 0 0 0 0 0 1 0 1 0 0 0 0 1 0 1 0 0 0 0
 1 0 0 0 0 0 1 0 0 1 0 -65.59644256269407 1 0.10416666666666667
0 1 0 0 0 1 0 0 0 0 1 1 1 0 0 0 0 1 0 0 1 0 0 0 0 0 1 1 0 0 0 0 0 0 0 0 0
 0 0 0 0 0 1 1 1 0 0 0 -54.59644256269407 1 0.125
1 0 0 0 0 1 0 0 0 0 0 1 0 0 1 1 1 1 0 0 0 0 0 1 0 0 1 0 0 0 1 0 1 0 0 0 0
 1 0 0 0 0 0 1 0 0 1 0 -66.92099788303084 1 0.020833333333333332
1 0 0 0 0 1 0 0 0 0 1 1 0 0 0 1 0 1 0 0 0 1 0 0 1 0 0 0 0 0 1 1 1 0 0 0 0
 1 0 0 0 0 0 1 0 0 1 0 -66.92099788303084 1 0.020833333333333332
0 0 1 0 0 1 0 0 0 1 0 0 0 0 0 1 0 0 1 0 0 1 0 0 0 1 0 0 0 0 0 1 1 0 0 0 0
 1 0 0 0 0 1 0 0 0 0 1 -72.59644256269408 1 0.0625
0 0 1 0 0 0 0 1 0 1 0 0 1 0 0 0 0 0 1 0 0 0 0 1 0 0 1 0 1 0 0 0 1 0 0 0 0
 0 0 1 0 0 1 0 1 0 0 0 -62.59644256269408 1 0.08333333333333333
0 1 0 0 0 1 0 0 0 0 1 1 1 0 0 0 0 1 0 0 0 0 0 1 0 0 1 0 1 0 0 0 1 0 0 0 0
 1 0 1 0 0 1 0 1 0 0 0 -66.92099788303084 1 0.020833333333333332
1 0 0 0 0 1 0 1 0 0 1 0 0 0 1 0 0 1 0 0 0 0 0 1 0 0 1 0 0 0 0 0 1 0 0 0 0
 0 0 1 0 0 1 0 0 1 0 0 -66.59644256269407 1 0.10416666666666667
1 0 1 0 0 0 0 1 0 1 0 0 1 0 0 0 1 0 0 0 0 0 0 1 0 0 1 0 0 1 0 0 1 0 0 0 0
 0 0 1 0 0 1 0 0 1 0 0 -69.75872022286245 1 0.020833333333333332
1 0 0 0 0 1 0 0 0 0 1 0 0 0 0 1 1 0 0 0 0 0 0 1 0 0 1 0 0 1 0 0 1 0 0 0 0
 0 0 0 0 0 1 1 0 1 0 0 -75.59644256269408 1 0.0625
0 1 0 0 0 0 0 1 1 0 1 0 0 0 0 1 0 1 0 0 0 0 0 1 1 0 1 0 0 0 0 0 0 1 0 0 0
 0 0 1 0 0 1 0 1 0 0 1 -63.92099788303083 1 0.0625
1 0 0 0 1 0 0 0 0 0 1 1 0 1 0 0 1 0 0 0 1 0 0 0 0 0 1 1 0 1 0 0 0 0 0 1 0
 0 0 0 0 0 1 0 1 1 0 0 -59.920997883030836 1 0.041666666666666664
1 0 0 0 0 0 0 1 0 1 1 0 0 0 0 1 0 0 1 0 0 0 0 0 1 0 0 0 0 0 0 1 1 0 0 0 0
 0 0 1 0 0 1 0 0 0 0 1 -61.59644256269407 1 0.041666666666666664
0 0 1 0 0 1 0 0 0 0 1 0 0 0 0 1 0 0 1 0 0 1 0 0 0 0 0 1 0 0 0 0 0 0 0 0 0
 1 0 0 0 0 1 1 1 0 0 0 -61.4341649025257 1 0.10416666666666667
1 1 0 0 0 0 0 1 0 0 1 0 0 0 0 1 0 1 0 0 0 0 0 1 0 0 1 0 0 0 0 0 1 0 0 0 0
 0 0 1 0 0 1 0 0 1 0 0 -68.59644256269407 1 0.10416666666666667
0 0 0 1 0 1 0 0 1 0 0 0 0 0 1 0 0 0 0 1 0 1 0 0 1 0 1 0 0 0 1 0 0 0 0 1 0
 1 0 0 1 0 1 0 0 0 1 0 -72.92099788303082 1 0.0625
0 1 0 1 0 1 0 0 0 0 1 0 1 0 0 0 0 1 0 0 1 0 0 0 0 0 1 1 1 0 0 0 0 0 0 0 0
 1 0 0 0 0 1 0 1 0 0 0 -59.75872022286246 1 0.10416666666666667
1 0 0 0 0 0 1 0 0 0 0 1 0 1 0 0 0 0 0 1 0 0 1 0 0 1 0 0 1 0 0 0 1 0 0 0 0
 0 1 0 0 0 0 1 0 1 0 0 -66.59644256269407 1 0.0625
1 0 0 0 1 1 0 0 0 0 1 0 0 0 0 1 0 0 1 0 0 1 0 1 1 0 0 0 0 0 0 0 1 0 0 0 0
 1 0 0 0 0 1 0 0 0 0 0 -61.59644256269408 1 0.08333333333333333
0 1 0 1 0 1 0 0 1 0 1 0 0 0 0 1 0 0 0 1 0 1 0 0 0 0 1 0 0 0 1 0 1 0 0 1 0
 1 0 0 0 0 1 0 0 0 1 0 -61.083275543199214 1 0.041666666666666664
1 0 0 0 0 1 0 0 0 0 1 0 0 0 0 1 0 1 1 0 0 0 0 0 0 0 0 1 0 0 0 0 1 0 0 0 0
 1 0 0 0 0 1 1 0 0 0 0 -59.4341649025257 1 0.125
1 0 1 0 0 1 0 0 0 0 0 1 0 0 0 1 1 0 0 0 0 0 0 1 0 0 1 0 0 1 0 0 1 0 0 0 0
 0 0 1 0 0 1 0 0 1 0 0 -69.75872022286245 1 0.0625
1 0 0 0 0 1 0 1 0 1 0 0 0 0 1 1 1 0 0 0 0 1 0 1 1 0 0 0 0 0 1 0 1 0 0 0 0
 1 0 0 0 0 0 1 0 0 1 0 -64.0832755431992 1 0.041666666666666664
1 0 0 0 0 1 0 0 0 0 1 0 0 0 0 1 0 1 0 1 1 1 0 0 0 0 1 1 0 0 0 0 0 0 0 1 0
 1 0 0 0 0 1 0 1 0 0 0 -61.92099788303083 1 0.0625
1 0 0 0 0 1 0 0 0 0 1 1 1 0 0 0 0 0 1 0 0 1 0 0 1 0 0 0 0 0 0 0 0 0 0 0 0
 1 0 0 0 0 1 0 1 0 0 0 -59.4341649025257 1 0.10416666666666667
0 1 0 1 0 1 0 0 0 0 1 0 1 0 0 0 0 0 0 1 0 1 0 1 0 0 1 0 0 1 0 0 0 0 0 1 0
 1 0 0 0 0 1 0 1 0 0 0 -63.920997883030836 1 0.0625
1 0 0 0 0 1 0 0 0 0 1 1 0 1 0 0 1 1 0 0 0 0 0 1 0 0 1 1 0 0 0 0 1 0 0 0 0
 0 0 1 0 0 1 0 0 1 0 0 -63.92099788303084 1 0.020833333333333332
1 0 0 0 0 1 0 0 0 0 1 1 0 0 0 1 1 0 0 0 0 1 0 0 0 0 1 1 0 0 0 0 1 0 0 0 0
 1 0 0 0 0 0 1 0 0 0 0 -73.59644256269408 1 0.08333333333333333
1 0 0 0 0 1 0 0 0 0 1 1 0 0 0 1 1 0 0 0 0 1 0 1 0 0 1 0 0 0 1 0 1 0 0 0 0
 0 0 0 0 0 1 1 0 1 0 0 -65.92099788303084 1 0.10416666666666667
1 0 0 0 0 1 0 0 0 0 1 1 0 0 0 1 0 1 0 0 0 0 0 1 0 0 1 0 0 0 0 0 1 0 0 0 0
 0 0 0 0 0 1 1 0 1 0 0 -59.59644256269408 1 0.10416666666666667
0 0 0 1 0 1 0 0 0 0 0 1 1 0 0 0 0 0 0 1 0 1 0 0 0 0 1 0 1 0 0 0 0 0 0 1 0
 1 0 0 0 0 1 0 0 0 1 0 -66.59644256269407 1 0.0625
1 0 0 0 0 0 0 1 0 1 1 0 0 0 0 1 0 0 0 0 0 0 0 1 0 0 1 0 1 0 0 0 1 0 0 0 0
 0 0 1 0 0 1 0 0 1 0 0 -66.59644256269408 1 0.10416666666666667
0 0 1 0 0 1 0 0 0 1 0 0 1 0 0 1 1 0 0 0 0 1 0 1 0 1 1 0 0 0 0 0 1 0 0 0 0
 1 0 0 0 0 1 0 0 0 0 1 -63.92099788303084 1 0.0625
1 0 0 0 0 1 0 0 0 0 1 0 0 0 0 1 1 0 0 0 0 1 0 1 1 0 1 0 0 0 0 0 0 1 0 0 0
 0 0 1 0 0 1 0 1 0 0 0 -66.75872022286245 1 0.0625
1 0 0 0 1 0 0 0 0 0 1 0 0 0 0 1 1 0 0 0 0 0 0 1 0 1 0 0 0 0 1 0 1 0 0 0 0
 1 0 0 0 0 1 0 0 0 1 0 -64.59644256269408 1 0.0625
1 0 0 1 0 1 0 0 0 0 0 0 1 0 0 0 0 0 0 1 0 1 0 0 1 0 0 0 0 0 1 0 0 0 0 1 0
 1 0 0 1 0 0 0 0 0 1 0 -64.59644256269407 1 0.0625
0 0 1 0 0 1 0 0 0 0 0 1 1 0 0 0 0 1 0 0 0 0 0 1 0 0 1 0 1 0 0 0 1 0 0 0 0
 0 0 0 0 0 1 1 0 1 0 0 -59.59644256269407 1 0.041666666666666664
1 0 0 0 0 1 0 1 0 0 1 0 0 0 1 1 1 0 0 0 0 1 0 1 0 0 1 0 0 0 1 0 1 0 0 0 0
 1 0 1 0 0 1 0 0 0 1 0 -73.24555320336759 1 0.041666666666666664
0 1 0 0 1 0 0 1 0 0 1 0 0 0 0 1 0 1 0 0 0 0 0 1 0 0 1 0 0 0 0 0 1 0 0 0 0
 0 0 1 0 0 1 0 0 1 0 0 -64.59644256269407 1 0.10416666666666667
0 0 1 0 0 1 0 1 0 1 0 0 1 0 0 0 0 0 0 0 0 1 0 1 0 0 1 0 1 0 0 0 0 0 0 0 0
 1 0 1 0 0 1 0 1 0 0 0 -63.75872022286246 1 0.041666666666666664
0 1 0 0 0 0 0 1 0 0 1 0 1 0 0 0 1 1 0 0 0 1 0 1 0 0 1 0 0 0 0 0 1 1 0 0 0
 0 0 1 0 0 1 0 0 0 0 0 -65.75872022286245 1 0.0625
1 0 0 0 0 1 0 0 0 0 1 0 0 0 0 1 0 0 1 0 0 0 0 1 0 0 1 0 0 0 0 0 1 0 0 0 0
 1 0 1 0 0 1 0 0 1 0 0 -63.59644256269408 1 0.08333333333333333
1 0 0 0 0 1 0 0 0 0 1 0 0 0 0 1 0 1 0 0 0 1 0 1 1 0 1 0 0 0 0 0 1 0 0 0 0
 1 0 0 0 0 1 1 0 0 1 0 -63.92099788303084 1 0.08333333333333333
0 0 1 0 0 0 0 1 0 1 0 0 1 0 0 0 1 0 0 0 0 0 0 1 0 1 1 0 0 0 0 1 1 0 0 0 0
 0 0 1 0 0 1 0 0 1 0 0 -65.75872022286245 1 0.041666666666666664
1 0 0 0 0 1 0 1 0 1 0 0 0 0 1 0 1 0 0 0 0 1 0 1 0 1 1 0 0 0 1 0 1 0 0 1 0
 1 0 0 0 0 1 0 0 0 1 0 -63.2455532033676 1 0.0625
0 0 0 1 0 1 0 0 1 0 0 0 0 0 1 1 0 0 0 1 1 1 0 0 0 1 0 0 0 0 1 0 1 0 0 0 0
 1 0 0 0 0 0 1 0 0 1 0 -60.920997883030836 1 0.10416666666666667
0 1 0 0 1 0 0 0 0 0 1 0 0 0 0 1 0 1 0 0 0 0 0 1 0 0 1 0 0 1 0 0 0 0 0 0 0
 0 0 0 0 0 1 0 1 1 0 0 -55.434164902525694 1 0.1875
1 1 0 0 0 0 0 1 0 0 1 1 0 0 1 0 1 1 0 0 0 0 0 1 0 0 1 0 0 0 1 0 1 1 0 0 0
 0 0 1 0 0 1 0 0 0 1 0 -65.24555320336759 1 0.020833333333333332
1 1 0 0 0 0 0 1 1 0 1 0 0 0 0 1 1 1 0 0 0 0 0 1 1 0 1 0 0 0 0 1 1 1 0 0 0
 0 0 1 0 0 1 0 0 0 0 1 -66.40783086353596 1 0.08333333333333333
1 0 0 0 0 1 0 0 0 0 1 0 0 0 0 1 0 0 1 0 0 0 0 1 0 1 1 0 0 0 0 0 1 0 0 0 0
 0 0 0 0 0 1 1 0 1 0 0 -57.59644256269407 1 0.0625
0 0 1 0 0 1 0 0 0 0 0 1 1 0 0 0 0 0 1 0 0 0 0 1 1 0 0 0 0 0 0 0 0 0 0 0 0
 1 0 0 0 0 0 1 1 0 0 0 -56.271887242357316 1 0.125
1 0 0 0 0 1 0 0 0 0 1 0 0 0 0 1 0 1 1 0 0 0 0 1 0 0 1 0 0 0 0 0 1 0 0 0 0
 0 0 1 0 0 1 0 0 1 1 0 -57.75872022286246 1 0.0625
1 0 0 0 0 1 0 0 0 0 1 1 0 0 0 1 0 0 0 0 0 1 0 1 0 0 1 0 1 0 0 0 0 0 0 0 0
 1 0 0 0 0 1 0 1 1 0 0 -58.75872022286246 1 0.10416666666666667
1 0 1 0 1 0 0 0 0 1 0 0 0 0 0 1 0 0 1 0 0 0 0 0 0 1 1 0 0 0 0 1 1 0 0 0 0
 1 0 0 0 0 1 0 0 0 0 1 -63.75872022286246 1 0.041666666666666664
1 0 0 0 0 1 0 1 0 0 1 0 1 0 0 0 1 0 0 0 0 0 0 1 1 0 1 0 0 1 0 0 1 0 0 0 0
 0 0 1 0 0 1 0 0 1 0 0 -70.92099788303084 1 0.08333333333333333
0 1 0 0 0 0 0 1 0 0 1 0 1 0 0 0 0 1 0 0 0 0 0 1 1 0 1 0 0 0 0 0 0 1 0 0 0
 1 0 1 0 0 1 0 1 0 0 0 -66.75872022286245 1 0.041666666666666664
0 1 0 0 0 1 0 1 0 0 1 0 1 0 0 0 0 1 0 0 0 0 0 1 0 0 1 0 0 0 0 0 0 0 0 1 0
 0 0 0 0 0 1 0 1 1 0 0 -55.59644256269407 1 0.14583333333333334
1 0 1 0 0 1 0 0 0 0 0 0 0 0 0 1 1 0 0 0 0 1 0 1 0 0 1 0 0 0 0 0 1 0 0 0 0
 0 0 1 0 0 1 0 0 1 0 0 -68.59644256269408 1 0.041666666666666664
1 0 0 0 1 1 0 0 0 0 1 0 0 0 0 1 0 0 1 0 0 1 0 1 0 0 1 0 0 0 0 0 1 0 0 0 0
 0 0 1 0 0 1 0 0 1 0 0 -61.75872022286246 1 0.08333333333333333
1 0 0 0 0 1 0 1 0 0 1 0 0 0 1 1 1 0 0 0 0 1 0 1 1 0 0 0 0 0 1 0 1 0 0 0 0
 1 0 1 0 0 1 0 1 0 0 0 -63.2455532033676 1 0.0
0 0 1 0 0 0 0 1 0 0 0 1 1 0 0 0 0 0 1 0 0 0 0 1 0 0 0 0 1 0 0 0 0 0 1 0 0
 0 0 1 0 0 0 1 1 0 0 0 -57.434164902525694 1 0.041666666666666664
1 0 0 0 0 1 0 1 0 0 0 1 0 0 1 0 0 0 0 1 0 1 0 0 1 1 0 0 0 0 1 0 1 0 0 0 0
 1 0 0 0 0 0 1 0 0 1 0 -62.920997883030836 1 0.020833333333333332
0 1 0 1 0 1 0 1 0 0 1 0 1 0 0 0 0 0 1 0 0 0 0 1 0 0 1 0 1 0 0 0 0 0 0 0 0
 1 0 0 0 0 1 0 1 0 0 0 -54.75872022286246 1 0.1875
0 0 1 1 0 1 0 0 0 1 0 0 1 0 0 0 0 0 0 1 0 1 0 0 0 1 1 0 1 0 0 0 0 0 0 1 0
 1 0 0 0 0 1 0 1 0 1 0 -62.083275543199214 1 0.14583333333333334
1 0 1 0 1 1 0 0 0 0 0 1 0 0 0 1 0 0 1 0 1 0 0 0 0 0 0 1 0 0 0 0 1 0 0 0 0
 0 0 0 0 0 0 1 0 1 0 0 -50.59644256269408 1 0.14583333333333334
0 1 0 0 0 1 0 0 0 0 1 1 1 0 0 1 0 0 1 0 0 1 0 0 0 0 1 1 1 0 0 0 0 0 0 0 0
 1 0 0 0 0 1 1 1 0 0 0 -63.083275543199214 1 0.0625
1 0 0 0 0 1 0 0 1 0 1 0 0 0 0 1 0 0 0 0 0 1 0 1 1 0 1 0 0 0 0 0 0 0 0 0 0
 1 0 0 0 0 1 1 1 0 0 0 -58.75872022286246 1 0.125
1 0 0 0 0 1 0 1 0 0 1 0 0 0 0 1 0 0 0 0 0 0 0 1 0 0 1 0 1 0 0 0 0 0 0 1 0
 0 0 1 0 0 1 0 1 0 0 0 -61.59644256269407 1 0.125
1 0 0 1 0 1 0 0 0 0 0 1 1 0 0 0 0 0 0 1 1 1 0 0 0 1 0 0 0 0 1 0 1 0 0 0 0
 1 0 0 0 0 0 1 0 0 1 0 -55.92099788303084 1 0.0625
1 0 0 0 0 1 0 1 0 1 0 0 0 0 1 1 1 0 0 0 0 1 0 1 0 1 0 0 0 0 1 0 1 0 0 0 0
 1 0 1 0 1 0 0 0 0 1 0 -67.24555320336759 1 0.041666666666666664
0 0 0 1 0 1 0 0 0 1 0 0 1 0 1 0 0 0 0 1 0 1 0 0 0 1 1 0 0 0 1 0 0 0 0 1 0
 1 0 0 1 0 0 0 0 0 1 0 -59.920997883030836 1 0.0625
0 1 0 1 0 1 0 0 0 0 0 1 1 0 0 0 1 0 0 0 0 1 0 1 0 0 1 0 0 0 1 0 1 0 0 0 0
 1 0 0 0 0 1 1 0 0 1 0 -53.08327554319922 1 0.08333333333333333
0 1 0 0 0 0 0 1 0 0 1 0 0 0 0 1 0 0 0 0 0 0 0 1 0 0 1 0 0 0 0 0 0 0 0 0 0
 0 0 1 0 0 1 0 1 1 0 0 -54.271887242357316 1 0.125
0 1 0 0 0 1 0 0 0 0 1 1 1 0 0 0 0 0 0 0 0 1 0 0 0 0 1 1 1 0 0 0 0 0 0 0 0
 1 0 0 0 0 1 0 1 0 0 0 -67.59644256269407 1 0.10416666666666667
1 0 1 0 0 0 0 1 0 1 0 0 0 0 0 1 0 0 1 0 0 0 0 1 0 0 1 0 0 0 0 0 1 0 0 0 0
 0 0 1 0 0 1 0 0 1 0 0 -57.59644256269408 1 0.08333333333333333
1 0 0 0 0 1 0 0 0 0 1 0 0 0 0 1 0 0 1 0 0 1 0 1 0 0 1 0 1 0 0 0 1 0 0 0 0
 1 0 1 0 1 0 0 0 0 1 0 -64.92099788303084 1 0.020833333333333332
0 1 0 0 0 0 0 1 1 0 1 0 0 0 0 1 0 0 1 0 0 0 0 1 0 0 1 0 1 0 0 0 0 0 0 0 0
 1 0 0 0 0 1 0 1 0 0 0 -55.59644256269407 1 0.0625
0 0 1 0 0 0 0 1 0 1 0 0 1 0 0 0 0 0 1 0 0 0 0 1 1 1 0 0 0 0 0 0 0 0 0 1 0
 0 0 0 0 0 1 0 1 0 0 0 -52.434164902525694 1 0.10416666666666667
0 0 1 0 0 0 0 1 0 1 0 0 1 0 0 0 0 0 1 0 0 0 0 1 0 0 1 0 1 0 0 0 1 0 0 0 0
 0 0 1 0 0 1 0 0 1 0 0 -63.59644256269407 1 0.08333333333333333
0 1 0 0 0 0 1 0 0 0 1 0 0 0 0 1 0 1 0 0 0 0 0 1 0 0 1 0 1 0 0 0 1 1 0 0 0
 0 0 0 0 0 1 0 0 0 0 1 -66.59644256269407 1 0.0625
0 0 1 0 0 1 0 0 0 0 1 1 1 0 0 0 0 0 1 0 0 1 0 1 1 0 0 0 0 0 0 0 0 0 0 0 0
 1 0 0 0 0 1 0 1 0 0 0 -57.59644256269407 1 0.125
0 0 1 0 0 0 0 1 0 1 0 0 1 0 0 0 0 0 1 0 0 0 0 1 0 1 0 0 1 0 0 0 1 0 0 0 0
 0 0 1 0 1 0 0 0 0 1 0 -68.59644256269407 1 0.041666666666666664
1 0 0 0 0 1 0 0 0 0 1 1 0 0 0 1 1 1 0 0 0 0 0 1 1 0 0 0 0 0 1 0 1 0 0 0 0
 0 0 0 0 0 1 0 0 0 0 0 -52.59644256269408 1 0.10416666666666667
1 1 0 0 0 1 0 1 0 0 1 0 0 0 0 1 0 1 0 0 0 0 0 1 0 0 1 0 0 0 0 0 1 0 0 0 0
 0 0 0 0 0 1 1 0 1 0 0 -54.75872022286246 1 0.0625
1 0 0 0 0 1 0 0 0 1 0 0 0 0 1 1 1 0 0 0 0 1 0 0 0 1 0 0 0 0 1 1 1 0 0 0 0
 1 0 0 0 0 0 1 0 0 1 0 -74.92099788303084 1 0.10416666666666667
0 0 0 1 0 1 0 0 0 1 0 0 1 0 0 0 0 0 0 1 1 1 0 0 0 1 1 0 0 0 1 0 1 0 0 0 0
 1 0 0 0 0 0 1 0 0 1 0 -53.92099788303083 1 0.14583333333333334
0 1 0 0 1 0 0 0 0 0 1 1 1 0 0 0 0 1 0 0 0 0 0 1 0 0 1 0 1 0 0 0 0 1 0 0 1
 0 0 1 0 0 1 0 1 0 0 0 -64.92099788303084 1 0.0625
1 0 0 0 0 1 0 0 0 0 1 1 0 0 0 1 0 0 1 0 0 1 0 0 0 0 1 1 0 0 0 0 0 0 0 1 0
 1 0 0 0 0 1 0 1 0 0 0 -63.75872022286246 1 0.10416666666666667
1 0 0 0 0 1 0 0 0 0 1 0 0 0 0 1 0 1 0 0 0 0 0 1 0 0 1 0 0 0 0 0 0 1 0 0 0
 0 0 1 0 0 1 0 1 1 0 0 -62.59644256269408 1 0.10416666666666667
0 0 1 0 0 1 0 0 0 0 1 1 1 1 0 0 0 0 1 0 0 1 0 0 0 0 1 1 1 0 0 0 1 0 0 0 0
 1 0 0 0 0 1 1 0 1 0 0 -61.2455532033676 1 0.041666666666666664
1 0 0 0 0 1 0 0 1 0 1 0 0 0 0 1 0 1 0 0 0 1 0 0 1 0 1 0 0 0 0 0 1 0 0 0 0
 1 0 0 0 0 1 1 0 0 1 0 -60.92099788303084 1 0.10416666666666667
0 0 0 1 0 1 0 0 1 0 0 0 0 0 1 1 1 0 0 0 0 1 0 1 0 0 1 0 0 0 1 0 1 0 0 0 0
 0 0 0 0 0 0 1 0 1 0 0 -51.75872022286246 1 0.125
0 0 1 1 0 1 0 0 1 0 0 0 0 0 1 1 0 0 0 1 0 1 0 0 0 1 0 0 0 0 1 0 0 0 0 0 0
 1 0 0 0 0 0 1 1 0 1 0 -48.920997883030836 1 0.10416666666666667
1 0 0 0 0 1 0 1 0 0 1 0 0 0 0 1 0 0 0 0 0 1 0 1 0 0 1 0 1 0 0 1 1 0 0 0 0
 1 0 0 0 0 1 0 1 0 0 1 -71.08327554319922 1 0.10416666666666667
0 1 0 0 0 0 1 1 0 1 0 0 1 0 0 0 0 1 0 0 0 0 0 1 0 1 1 0 0 0 0 0 0 1 0 0 0
 0 0 1 0 0 1 0 1 0 0 0 -55.75872022286246 1 0.0625
1 0 0 0 0 0 0 1 0 1 0 0 1 0 0 0 1 0 0 0 0 0 0 1 0 1 0 0 0 0 1 0 1 0 0 0 0
 0 0 1 0 1 0 1 0 0 1 0 -64.75872022286245 1 0.041666666666666664
1 0 0 0 0 1 0 0 0 0 1 1 0 0 0 1 0 0 1 0 0 0 0 0 0 0 0 1 0 0 0 0 1 0 0 0 0
 1 0 0 0 0 1 0 0 1 0 0 -54.4341649025257 1 0.14583333333333334
1 0 1 0 0 1 0 0 1 0 0 0 0 0 0 1 0 0 0 0 0 1 0 1 1 0 0 0 0 0 1 0 0 0 0 0 0
 1 0 0 1 0 0 0 0 0 1 0 -59.59644256269407 1 0.08333333333333333
1 1 0 0 0 1 0 0 0 0 0 1 0 0 1 0 0 1 0 0 0 0 0 1 0 0 1 0 0 0 0 0 1 0 0 0 0
 1 0 0 0 0 0 1 0 0 1 0 -60.59644256269407 1 0.08333333333333333
0 0 0 1 0 1 0 0 0 1 0 0 1 0 0 0 1 0 0 1 0 1 1 0 0 1 0 0 0 0 1 0 1 0 0 0 0
 1 0 0 0 0 0 1 0 0 1 0 -55.92099788303083 1 0.16666666666666666
0 1 0 0 0 0 0 1 1 0 1 0 0 0 0 1 0 1 0 0 0 0 0 1 1 0 1 0 0 0 0 0 0 1 0 0 1
 1 0 0 0 0 1 0 0 0 0 1 -61.920997883030836 1 0.10416666666666667
1 0 0 0 0 1 0 0 0 0 1 1 0 0 0 1 0 0 1 0 0 1 0 1 1 0 0 0 0 0 0 0 1 0 0 0 0
 1 0 0 0 0 1 1 0 0 0 0 -61.75872022286246 1 0.125
1 0 1 0 0 0 0 1 0 1 0 0 0 0 0 1 1 0 0 0 0 0 0 1 0 1 1 0 0 0 0 0 1 0 0 0 0
 0 0 1 0 0 1 0 1 1 0 0 -59.92099788303084 1 0.0625
1 0 0 0 0 1 0 1 0 0 1 0 0 0 0 1 0 1 0 0 0 0 0 1 0 0 1 0 0 0 0 0 0 1 0 0 0
 0 0 1 0 0 1 1 1 1 0 0 -52.92099788303083 1 0.10416666666666667
1 0 1 0 0 0 0 1 1 1 0 0 0 0 0 1 0 0 1 0 0 0 0 1 1 0 0 0 0 0 0 1 1 0 0 0 0
 0 0 1 0 1 1 0 0 1 0 0 -51.08327554319921 1 0.08333333333333333
1 0 1 0 0 1 0 1 0 1 0 0 0 0 0 1 0 1 0 0 0 1 0 1 0 0 1 0 1 0 0 0 1 0 0 0 0
 1 0 1 0 0 1 0 0 0 0 1 -59.2455532033676 1 0.0625
1 0 1 0 1 1 0 0 0 0 0 1 0 0 0 1 0 0 0 1 0 1 0 0 0 0 1 0 0 0 0 0 1 0 0 0 0
 1 0 0 0 0 1 1 0 1 0 0 -54.92099788303084 1 0.041666666666666664
1 0 0 0 0 1 0 1 0 0 1 1 1 0 0 0 0 1 0 0 0 1 0 1 0 0 1 0 1 0 0 0 1 0 0 0 0
 1 0 0 0 0 1 1 0 0 0 0 -61.08327554319922 1 0.0625
0 0 1 0 0 0 0 1 0 1 0 0 1 0 0 0 0 0 1 0 0 0 0 1 1 0 0 0 0 0 0 0 0 1 0 0 0
 0 0 1 0 0 1 0 1 1 0 0 -52.59644256269407 1 0.125
1 0 0 0 0 1 0 0 0 0 0 1 0 0 1 0 0 1 0 0 0 0 0 1 0 0 1 0 0 0 0 0 0 0 0 0 0
 0 0 0 0 0 1 1 1 1 0 0 -49.434164902525694 1 0.1875
1 0 0 0 0 1 0 1 0 0 1 0 1 0 0 0 0 1 0 0 0 0 0 1 0 0 1 0 1 0 0 0 0 0 0 0 0
 0 0 1 0 0 1 0 1 0 0 0 -68.59644256269408 1 0.10416666666666667
1 0 0 0 0 1 0 0 0 0 0 1 1 0 1 0 1 1 0 0 0 1 0 1 0 0 1 0 0 0 0 0 1 0 0 0 0
 0 0 0 0 0 0 1 0 1 0 0 -50.75872022286246 1 0.08333333333333333
0 1 1 0 0 0 0 1 0 0 0 1 1 0 0 0 0 0 1 0 0 0 0 1 0 0 1 0 0 0 0 0 0 0 1 0 0
 0 0 1 0 0 1 0 1 0 0 0 -50.59644256269407 1 0.08333333333333333
0 0 1 0 0 1 0 1 1 0 0 0 0 0 0 1 0 1 0 0 0 1 0 1 0 0 1 0 0 0 0 0 1 0 0 0 0
 1 0 0 0 0 1 0 0 0 0 0 -54.59644256269408 1 0.08333333333333333
0 1 0 0 1 0 0 0 0 0 1 1 0 0 0 1 0 1 0 0 0 0 0 1 0 0 1 1 0 0 0 0 0 1 0 0 0
 0 0 1 0 0 1 0 1 0 0 0 -57.75872022286246 1 0.041666666666666664
1 0 1 0 0 0 0 1 1 1 0 0 0 0 0 1 1 0 0 0 0 1 0 1 0 0 1 0 0 0 1 0 1 0 0 0 0
 0 0 1 0 0 1 0 0 0 0 0 -54.92099788303084 1 0.0625
1 0 1 0 0 1 0 0 1 0 0 0 0 0 0 1 0 1 0 0 0 0 0 1 1 0 1 0 0 0 0 0 1 0 0 0 0
 0 0 1 0 0 1 0 0 1 0 0 -58.75872022286246 1 0.10416666666666667
0 1 0 0 0 0 0 1 1 0 1 0 0 0 0 0 0 1 0 0 0 0 0 1 1 0 1 0 0 1 0 0 1 0 0 0 0
 0 0 1 0 0 1 0 0 1 0 0 -64.75872022286245 1 0.041666666666666664
1 0 0 0 0 1 0 0 0 0 1 1 0 0 0 1 0 0 0 0 0 0 1 0 1 0 0 1 0 0 0 0 1 0 0 0 0
 1 0 0 0 0 1 1 1 1 0 0 -47.92099788303084 1 0.1875
1 0 1 0 0 1 0 0 0 0 1 0 0 0 0 1 0 0 1 0 0 0 0 1 1 0 1 0 0 1 0 0 1 0 0 0 0
 0 0 0 0 0 1 0 0 1 0 0 -59.75872022286246 1 0.22916666666666666
1 0 1 0 0 1 0 0 0 1 0 1 0 0 0 1 1 0 0 0 0 1 0 1 0 1 0 0 0 0 1 0 1 0 0 0 0
 1 0 0 0 0 0 1 0 0 1 0 -62.083275543199214 1 0.08333333333333333
1 0 0 0 0 1 0 1 1 0 1 0 0 0 0 1 0 1 0 1 0 0 0 1 0 0 1 0 1 0 0 0 1 0 0 0 0
 0 0 0 0 0 1 0 1 0 0 0 -47.92099788303084 1 0.08333333333333333
0 1 0 0 0 1 0 0 1 0 0 1 1 0 0 0 0 1 0 0 0 0 0 1 0 0 1 0 1 0 0 0 0 0 0 0 0
 1 0 0 0 0 0 1 0 0 1 0 -49.59644256269407 1 0.08333333333333333
0 0 1 1 0 1 0 0 0 1 0 0 1 0 0 0 0 0 0 0 0 0 0 1 0 0 1 0 0 0 0 0 1 0 0 0 0
 0 1 0 0 0 0 1 0 1 0 0 -43.434164902525694 1 0.20833333333333334
0 0 1 0 0 1 0 1 0 1 0 0 1 0 0 0 1 0 1 0 0 1 0 0 0 1 0 0 0 0 0 1 1 0 0 0 0
 1 0 0 0 1 0 0 0 0 1 1 -62.083275543199214 1 0.08333333333333333
0 0 1 0 0 1 0 1 0 1 0 0 1 0 0 0 0 0 1 0 0 0 0 1 0 1 0 0 1 0 0 0 0 1 0 0 0
 1 0 1 0 0 1 0 1 0 0 0 -60.92099788303083 1 0.10416666666666667
0 1 0 0 0 1 0 0 1 0 1 1 0 0 0 1 0 0 0 0 0 1 0 0 0 0 1 1 1 0 0 0 0 0 0 0 0
 1 0 0 0 0 1 1 1 1 0 0 -49.083275543199214 1 0.125
1 0 1 0 0 1 0 1 0 1 0 0 0 0 1 1 0 0 1 0 0 0 0 1 0 1 0 0 1 0 0 0 1 0 0 0 0
 1 0 0 0 0 0 1 0 0 1 0 -52.083275543199214 1 0.10416666666666667
1 0 1 0 0 1 0 0 0 1 0 0 0 0 0 1 0 0 1 1 0 1 0 0 0 1 0 0 1 0 0 0 0 1 0 0 0
 1 0 0 0 0 0 1 1 0 0 0 -53.920997883030836 1 0.08333333333333333
0 1 0 0 0 0 0 0 1 0 1 0 0 0 0 1 0 1 1 0 0 0 0 1 1 0 1 0 0 0 0 0 0 1 0 0 0
 0 0 0 0 0 1 0 1 1 0 0 -45.75872022286246 1 0.16666666666666666
1 0 0 0 1 0 1 0 0 1 1 0 0 0 0 1 0 0 0 0 0 1 0 1 1 0 1 0 0 0 0 0 1 0 0 0 0
 0 0 0 0 0 1 0 0 1 0 0 -45.75872022286245 1 0.14583333333333334
0 1 0 1 0 1 0 1 1 0 0 0 0 0 1 0 0 1 0 0 0 0 0 1 1 0 1 0 0 0 0 0 1 0 0 0 0
 1 0 0 0 0 0 1 0 0 1 0 -49.92099788303083 1 0.14583333333333334
1 0 0 0 0 1 0 0 0 0 1 0 0 0 0 1 0 1 0 0 0 0 0 1 0 0 1 0 0 0 0 0 1 0 0 0 0
 1 0 1 0 0 1 0 0 0 0 0 -70.4341649025257 1 0.14583333333333334
