1 0 0 0 0 1 0 0 0 0 1 0 0 0 0 1 1 0 0 0 0 1 0 0 0 0 1 0 0 0 0 1 1 0 0 0 0
 1 0 0 0 0 1 0 0 0 0 1 -98.59644256269408 18 0.0
1 0 0 0 0 1 0 0 0 0 1 0 0 0 0 1 1 0 0 0 0 1 0 0 0 0 1 0 0 0 0 1 1 0 0 0 0
 1 0 0 0 0 1 0 0 0 0 1 -98.59644256269408 5 0.020833333333333332
1 0 0 0 0 1 0 0 0 0 1 0 0 0 0 1 1 0 0 0 0 1 0 0 0 0 1 0 0 0 0 1 1 1 0 0 0
 1 0 0 0 0 1 0 0 0 0 1 -91.75872022286245 30 0.020833333333333332
1 0 0 0 0 1 0 0 0 0 1 0 0 0 0 1 1 0 0 0 0 1 0 0 0 0 1 0 0 0 0 1 1 0 0 0 0
 1 0 0 0 0 1 0 0 0 0 1 -98.59644256269408 11 0.020833333333333332
1 0 0 0 0 1 0 0 0 0 1 0 0 0 0 1 1 0 0 0 0 1 0 0 0 0 1 0 0 0 0 1 1 1 0 0 0
 1 0 0 0 0 1 0 0 0 0 1 -91.75872022286245 12 0.041666666666666664
1 0 0 0 0 1 0 0 0 0 1 0 0 0 0 1 1 0 0 0 0 1 0 0 0 0 1 0 0 0 0 1 1 0 0 0 0
 1 0 0 0 0 1 0 0 0 0 1 -98.59644256269408 4 0.041666666666666664
1 0 0 0 0 1 0 0 0 0 1 0 0 0 0 1 1 0 0 0 0 1 0 0 0 0 1 0 0 0 0 1 1 1 0 0 0
 1 0 0 0 0 1 0 0 0 0 1 -91.75872022286245 18 0.041666666666666664
1 0 0 0 0 1 0 0 0 0 1 0 0 0 0 1 1 0 0 0 0 1 0 0 0 0 1 0 0 0 0 1 1 1 0 0 0
 1 0 0 0 0 1 0 0 0 0 1 -91.75872022286245 5 0.0625
1 0 0 0 0 1 0 0 0 0 1 0 0 0 0 1 1 0 0 0 0 1 0 0 0 0 1 0 0 0 0 1 1 0 0 0 0
 1 0 0 0 0 1 0 0 0 0 1 -98.59644256269408 1 0.020833333333333332
1 0 0 0 0 1 0 0 0 0 1 0 0 0 0 1 1 0 0 0 0 1 0 0 0 0 1 0 0 0 0 1 1 0 0 0 0
 1 0 0 0 0 1 0 0 0 0 1 -98.59644256269408 1 0.020833333333333332
1 0 0 0 0 1 0 0 0 0 1 0 0 0 0 1 0 0 0 0 0 1 0 0 0 0 1 0 0 0 0 1 1 0 0 0 0
 1 0 0 0 0 1 0 0 0 0 1 -89.4341649025257 1 0.041666666666666664
1 0 0 0 0 1 0 0 0 0 1 0 0 0 0 1 1 0 0 0 0 1 0 0 0 0 1 0 0 0 0 1 1 0 0 0 0
 1 0 0 0 0 1 0 0 0 0 1 -98.59644256269408 1 0.041666666666666664
1 0 0 0 0 1 0 0 0 0 1 0 0 0 0 1 0 0 0 0 0 1 0 0 0 0 1 0 0 0 0 1 1 1 0 0 0
 1 0 0 0 0 1 0 0 0 0 1 -82.59644256269408 2 0.041666666666666664
1 0 0 0 0 1 0 0 0 0 1 0 0 0 0 1 0 0 0 0 0 1 0 0 0 0 1 0 0 0 0 1 1 0 0 0 0
 1 0 0 0 0 1 0 0 0 0 1 -89.4341649025257 2 0.041666666666666664
1 0 0 0 0 1 0 0 0 0 1 0 0 0 0 1 1 0 0 0 0 1 0 0 0 0 1 0 0 0 0 1 1 0 0 0 0
 1 0 0 0 0 1 0 0 0 0 1 -98.59644256269408 2 0.041666666666666664
1 0 0 0 0 1 0 0 0 0 1 0 0 0 0 1 1 0 0 0 0 1 0 0 0 0 1 0 0 0 0 1 1 0 0 0 0
 1 0 0 0 0 1 0 0 0 0 1 -98.59644256269408 1 0.020833333333333332
1 0 0 0 0 1 0 0 0 0 1 0 0 0 1 1 1 0 0 0 0 1 0 0 0 0 1 0 0 0 0 1 1 1 0 0 0
 1 0 0 0 0 1 0 0 0 0 1 -84.92099788303084 1 0.041666666666666664
1 0 0 0 0 1 0 0 0 0 1 0 0 0 0 1 0 0 0 0 0 1 0 0 0 0 1 0 0 0 0 1 1 1 0 0 0
 1 0 0 0 0 1 0 0 0 0 1 -82.59644256269408 1 0.0625
1 0 0 0 0 1 0 0 0 0 1 0 0 0 0 1 1 0 0 0 0 1 0 0 0 0 1 0 0 0 0 1 1 0 0 0 0
 1 0 0 0 0 1 0 0 0 0 1 -98.59644256269408 2 0.041666666666666664
1 1 0 0 0 1 0 0 0 0 1 0 0 0 0 1 1 0 0 0 0 1 0 0 0 0 1 0 0 0 0 1 1 0 0 0 0
 1 0 0 0 0 1 0 0 0 0 1 -91.75872022286245 1 0.020833333333333332
1 0 0 0 0 1 0 0 0 0 1 0 0 0 0 1 1 0 0 0 0 1 0 0 0 0 1 0 0 0 0 1 1 1 0 0 0
 1 0 0 0 0 1 0 0 0 0 1 -91.75872022286245 1 0.0625
1 0 0 0 0 1 0 0 0 0 1 0 0 0 0 1 1 0 0 0 0 1 0 0 0 0 1 0 0 0 0 1 1 1 0 0 0
 1 0 0 0 0 1 0 0 0 0 1 -91.75872022286245 1 0.0625
1 0 0 0 0 1 0 0 0 0 1 0 0 0 0 1 1 0 0 0 0 1 0 0 0 0 1 0 0 0 0 1 1 0 0 0 0
 1 0 0 0 0 1 0 0 0 0 1 -98.59644256269408 1 0.020833333333333332
1 1 0 0 0 1 0 0 0 0 1 0 0 0 0 1 1 0 0 0 0 1 0 0 0 0 1 0 0 0 0 1 1 1 0 0 0
 1 0 0 0 0 1 0 0 0 0 1 -86.92099788303084 2 0.041666666666666664
1 1 0 0 0 1 0 0 0 0 1 0 0 0 0 1 1 0 0 0 0 1 0 0 0 0 1 0 0 0 0 1 1 0 0 0 0
 1 0 0 0 0 1 0 0 0 0 1 -91.75872022286245 2 0.041666666666666664
1 0 0 0 0 1 0 0 0 0 1 0 0 0 0 1 1 0 0 0 0 1 0 0 0 1 1 0 0 0 0 1 1 1 0 0 0
 1 0 0 0 0 1 0 0 0 0 1 -84.92099788303084 1 0.041666666666666664
1 0 0 0 0 1 0 0 0 0 1 0 0 0 0 1 1 0 0 0 0 1 0 0 0 0 1 0 0 0 0 1 1 1 0 0 0
 1 0 0 0 0 1 0 0 0 0 1 -91.75872022286245 1 0.0625
1 1 0 0 0 1 0 0 0 0 1 0 0 0 0 1 1 0 0 0 0 1 0 0 0 0 1 0 0 0 0 1 1 1 0 0 0
 1 0 0 0 0 1 0 0 0 0 1 -86.92099788303084 1 0.041666666666666664
1 0 0 0 0 1 0 0 0 0 1 0 1 0 0 1 1 0 0 0 0 1 0 0 0 0 1 0 0 0 0 1 1 1 0 0 0
 1 0 0 0 0 1 0 0 0 0 1 -84.92099788303084 3 0.041666666666666664
1 0 0 0 1 1 0 0 0 0 1 0 0 0 0 1 1 0 0 0 0 1 0 0 0 0 1 0 0 0 0 1 1 0 0 0 0
 1 0 0 0 0 1 0 0 0 0 1 -91.75872022286245 1 0.0625
1 0 0 0 0 1 0 0 0 0 1 0 0 0 0 1 1 0 0 0 0 1 0 0 0 0 1 0 0 0 1 1 1 0 0 0 0
 1 0 0 0 0 1 0 0 0 0 1 -91.75872022286245 1 0.020833333333333332
1 1 0 0 0 1 0 0 0 0 1 0 0 0 0 1 1 0 0 0 0 1 0 0 0 0 1 0 0 0 0 1 1 1 0 0 0
 1 0 0 0 0 1 0 0 0 0 1 -86.92099788303084 2 0.0625
1 1 0 0 0 1 0 0 0 0 1 0 0 0 0 1 1 0 0 0 0 1 0 0 0 0 1 0 0 0 0 1 1 0 0 0 0
 1 0 0 0 0 1 0 0 0 0 1 -91.75872022286245 3 0.0625
1 0 0 0 0 1 0 0 0 0 1 0 0 0 0 1 1 0 0 0 0 1 0 0 0 0 1 1 0 0 0 1 1 0 0 0 0
 1 0 0 0 0 1 0 0 0 0 1 -91.75872022286245 1 0.020833333333333332
1 0 0 0 0 1 0 0 0 0 1 0 0 0 0 1 0 0 0 0 0 1 0 0 0 0 1 0 0 0 0 1 1 0 0 0 0
 1 0 0 0 0 1 0 0 0 0 1 -89.4341649025257 1 0.0625
1 1 0 0 0 1 0 0 0 0 1 0 0 0 0 1 1 0 0 0 0 1 0 0 0 0 1 0 0 0 0 1 1 0 0 0 0
 1 0 0 0 0 1 0 0 0 0 1 -91.75872022286245 1 0.0625
1 1 0 0 0 1 0 0 0 0 1 0 0 0 0 1 1 0 0 0 0 1 0 0 0 0 1 0 0 0 0 1 1 1 0 0 0
 1 0 0 0 0 1 0 0 0 0 1 -86.92099788303084 2 0.0625
1 0 0 0 0 1 0 0 0 0 1 0 0 0 0 1 1 0 0 0 0 1 0 0 0 0 1 0 0 0 1 1 1 1 0 0 0
 1 0 0 0 0 1 0 0 0 0 1 -84.92099788303084 1 0.0625
1 0 0 0 0 1 0 0 0 0 1 0 0 0 0 1 1 0 0 0 0 1 0 0 0 0 1 0 0 0 0 1 1 0 0 0 0
 1 0 0 0 0 1 0 0 0 0 1 -98.59644256269408 1 0.0625
1 0 0 0 0 1 0 0 0 0 1 0 1 0 0 1 1 0 0 0 0 1 0 0 0 0 1 0 0 0 0 1 1 1 0 0 0
 1 0 0 0 0 1 0 0 0 0 1 -84.92099788303084 1 0.041666666666666664
1 0 0 0 0 1 0 0 0 0 1 0 0 0 0 1 1 0 0 0 0 1 0 0 0 0 1 0 0 0 0 1 1 1 0 0 0
 1 0 0 0 0 1 0 0 0 0 1 -91.75872022286245 1 0.0625
1 0 0 0 0 1 0 0 0 0 1 0 0 0 0 1 1 0 0 0 0 1 0 0 0 0 1 0 0 0 1 1 1 1 0 0 0
 1 0 0 0 0 1 0 0 0 0 1 -84.92099788303084 1 0.041666666666666664
1 1 0 0 0 1 0 0 0 0 1 0 0 0 0 1 0 0 0 0 0 1 0 0 0 0 1 0 0 0 0 1 1 0 0 0 0
 1 0 0 0 0 1 0 0 0 0 1 -82.59644256269408 1 0.041666666666666664
1 0 0 0 0 1 0 0 0 0 1 0 0 0 0 1 1 1 0 0 0 1 0 0 0 0 1 0 0 0 0 1 1 0 0 0 0
 1 0 0 0 0 1 0 0 0 0 1 -91.75872022286245 2 0.0
1 0 0 0 0 1 0 0 0 0 1 0 0 0 0 1 1 0 0 0 0 1 0 0 0 0 1 0 0 0 0 1 1 0 0 0 0
 1 0 0 0 0 1 0 0 1 0 1 -91.75872022286245 2 0.0
1 0 0 0 0 1 0 0 0 0 1 0 0 0 0 1 1 0 0 0 0 1 0 0 0 0 1 1 0 0 0 1 1 0 0 0 0
 1 0 0 0 0 1 0 0 0 0 1 -91.75872022286245 1 0.041666666666666664
1 0 0 0 0 1 0 0 0 0 1 0 0 0 0 1 1 0 0 0 0 1 0 0 0 0 1 0 0 0 1 1 1 1 0 0 0
 1 0 0 0 0 1 0 0 0 0 1 -84.92099788303084 1 0.08333333333333333
1 0 0 0 0 1 0 0 0 0 1 0 0 0 0 1 1 0 0 0 0 1 0 0 0 0 1 0 0 0 0 1 1 0 0 0 0
 1 0 0 0 0 1 0 0 0 0 1 -98.59644256269408 1 0.041666666666666664
1 1 0 0 0 1 0 0 0 0 1 0 0 0 0 1 1 0 0 0 0 1 0 0 0 0 1 0 0 0 0 1 1 0 0 0 0
 1 0 0 0 0 1 0 0 0 0 1 -91.75872022286245 1 0.041666666666666664
1 0 0 0 0 1 0 0 0 0 1 0 0 0 0 1 1 0 0 0 0 1 0 0 0 0 1 0 1 0 0 1 1 1 0 0 0
 1 0 0 0 0 1 0 0 0 0 1 -84.92099788303084 1 0.041666666666666664
1 0 0 0 0 1 0 0 0 0 1 0 0 0 0 1 1 0 0 0 0 1 0 0 0 0 1 0 0 0 0 1 1 0 0 0 0
 1 0 0 0 0 1 0 0 0 0 1 -98.59644256269408 1 0.041666666666666664
1 1 0 0 0 0 0 0 0 0 1 0 0 0 0 1 1 0 0 0 0 1 0 0 0 0 1 0 0 0 0 1 1 0 0 0 0
 1 0 0 0 0 1 0 0 0 0 1 -87.59644256269408 1 0.020833333333333332
1 0 0 0 0 1 0 0 0 0 1 0 0 0 0 1 0 0 0 0 0 1 0 0 0 0 1 0 0 0 0 1 1 1 0 0 0
 1 0 0 0 0 1 0 0 0 0 1 -82.59644256269408 1 0.08333333333333333
1 0 0 0 0 1 0 0 0 0 1 0 0 0 0 1 1 0 0 0 0 1 0 0 0 0 1 0 0 0 0 1 1 1 0 0 0
 1 0 0 0 0 1 0 0 0 0 1 -91.75872022286245 1 0.08333333333333333
1 0 0 0 0 1 0 0 0 0 1 0 0 0 0 1 0 0 0 0 0 1 0 0 0 0 1 0 0 0 0 1 1 1 0 0 0
 1 0 0 0 0 1 0 0 0 0 1 -82.59644256269408 1 0.0625
1 0 0 0 0 1 0 0 0 0 1 0 0 0 0 1 1 1 0 0 0 1 0 0 0 0 1 0 0 0 0 1 1 1 0 0 0
 1 0 0 0 0 1 0 0 0 0 1 -86.92099788303084 1 0.020833333333333332
1 0 0 0 0 1 0 0 0 0 1 0 0 0 0 1 1 0 0 0 0 1 0 0 0 1 1 0 0 0 0 1 1 1 0 0 0
 1 0 0 0 0 1 0 0 0 0 1 -84.92099788303084 1 0.020833333333333332
1 0 0 0 0 1 0 0 0 0 1 0 0 0 0 1 1 0 0 0 0 1 1 0 0 0 1 0 0 0 0 1 1 0 0 0 0
 1 0 0 0 0 1 0 0 0 0 1 -91.75872022286245 1 0.020833333333333332
1 0 0 1 0 1 0 0 0 0 1 0 0 0 0 1 1 0 0 0 0 1 0 0 0 0 1 0 0 0 0 1 1 0 0 0 0
 1 0 0 0 0 1 0 0 0 0 1 -91.75872022286245 1 0.020833333333333332
1 0 0 0 0 1 0 0 0 0 1 0 0 0 0 1 1 0 0 0 0 1 0 0 0 0 1 0 0 0 0 1 1 1 0 0 0
 1 0 0 0 0 1 0 0 0 0 1 -91.75872022286245 1 0.08333333333333333
1 0 0 0 0 1 0 0 0 0 1 0 1 0 0 1 0 0 0 0 0 1 0 0 0 0 1 0 0 0 0 1 1 1 0 0 0
 1 0 0 0 0 1 0 0 0 0 1 -75.75872022286245 1 0.0625
1 1 0 0 0 1 0 0 0 0 1 0 0 0 0 1 1 0 0 0 0 1 0 0 0 0 1 0 0 0 0 1 1 1 0 0 0
 1 0 0 0 0 1 0 0 0 0 1 -86.92099788303084 1 0.0625
1 0 0 0 0 1 0 0 0 0 1 0 0 1 0 1 1 0 0 0 0 1 0 0 0 0 1 0 0 0 0 1 1 1 0 0 0
 1 0 0 0 0 1 0 0 0 0 1 -84.92099788303084 1 0.041666666666666664
1 1 0 0 0 1 0 0 0 0 1 0 0 0 0 1 1 0 0 0 0 1 0 0 0 0 1 0 0 0 0 1 1 1 0 0 0
 1 0 0 0 0 1 0 0 0 0 1 -86.92099788303084 1 0.041666666666666664
1 1 0 0 0 1 0 0 0 0 1 0 0 0 0 1 1 0 0 0 0 1 0 0 0 0 1 0 0 0 0 1 1 0 0 0 0
 1 0 0 0 0 1 0 0 0 0 1 -91.75872022286245 1 0.0625
1 0 0 0 0 1 0 0 0 0 1 0 0 0 0 1 1 0 0 0 0 1 0 0 0 0 1 0 0 0 0 1 1 1 0 0 0
 1 0 0 1 0 1 0 0 0 0 1 -84.92099788303084 1 0.041666666666666664
1 0 0 0 0 1 0 0 0 0 1 0 0 0 0 1 1 0 0 0 0 1 0 0 1 0 1 0 0 0 0 1 1 0 0 0 0
 1 0 0 0 0 1 0 0 0 0 1 -91.75872022286245 1 0.0625
1 0 0 0 0 1 0 0 0 0 1 0 0 0 0 1 0 0 0 0 0 1 0 0 0 0 1 0 0 0 1 1 1 1 0 0 0
 1 0 0 0 0 1 0 0 0 0 1 -75.75872022286245 1 0.0625
1 0 0 1 0 1 0 0 0 0 1 0 0 0 0 1 1 0 0 0 0 1 0 0 0 0 1 0 0 0 0 1 1 1 0 0 0
 1 0 0 0 0 1 0 0 0 0 1 -84.92099788303084 1 0.0625
1 0 0 0 0 1 0 0 0 0 1 0 0 0 0 1 0 0 0 0 0 1 0 0 0 0 1 0 0 0 0 1 1 0 0 0 0
 1 0 0 0 0 1 0 0 0 0 1 -89.4341649025257 1 0.0625
1 0 0 0 0 1 0 0 0 0 1 0 0 0 0 1 1 1 0 0 0 0 0 0 0 0 1 0 0 0 0 1 1 0 0 0 0
 1 0 0 0 0 1 0 0 0 0 1 -87.59644256269408 2 0.020833333333333332
1 1 0 0 0 1 0 0 0 0 1 0 0 0 0 1 1 0 0 0 0 1 0 0 0 0 1 0 0 0 0 1 1 0 0 0 0
 1 0 0 0 0 1 0 0 0 0 1 -91.75872022286245 1 0.08333333333333333
1 0 0 0 0 1 0 0 0 0 1 0 0 0 0 1 1 0 0 0 0 1 0 0 0 0 1 0 0 0 0 1 1 0 0 0 0
 1 0 0 0 0 1 0 0 0 0 1 -98.59644256269408 1 0.020833333333333332
1 0 0 0 0 1 0 0 0 0 1 0 0 0 0 1 1 0 0 0 0 1 0 0 0 0 1 0 0 0 0 0 1 0 0 0 0
 1 0 0 0 0 1 0 0 0 0 1 -89.4341649025257 1 0.041666666666666664
1 0 0 0 0 1 0 0 0 0 1 0 0 0 0 1 1 0 0 0 0 1 0 0 0 0 1 0 0 0 1 0 1 0 0 0 0
 1 0 0 0 0 1 0 0 0 0 1 -87.59644256269408 1 0.020833333333333332
1 0 0 0 0 1 0 0 0 0 1 0 0 0 0 1 1 0 0 0 0 1 0 0 0 0 0 0 0 0 1 1 1 0 0 0 0
 1 0 0 0 0 1 0 0 0 0 1 -87.59644256269408 1 0.020833333333333332
1 0 0 0 0 1 0 0 0 0 1 0 0 0 0 1 1 0 0 0 0 1 0 0 0 0 1 0 0 0 0 0 1 1 0 0 0
 1 0 0 0 0 1 0 0 0 0 1 -82.59644256269408 1 0.020833333333333332
1 0 0 0 0 1 0 0 0 0 1 0 0 0 0 1 1 0 0 0 0 1 0 0 0 0 1 0 0 0 0 0 1 0 0 0 0
 1 0 0 0 0 1 0 0 0 0 1 -89.4341649025257 1 0.020833333333333332
1 1 0 0 0 1 0 0 0 0 1 0 0 0 0 1 1 0 0 0 0 1 0 0 0 0 1 0 0 0 0 1 1 1 0 0 0
 1 0 0 0 0 1 0 0 0 0 1 -86.92099788303084 1 0.0625
1 0 0 0 0 1 0 0 0 0 1 0 0 0 0 1 1 1 0 0 0 0 0 0 0 0 1 0 0 0 0 1 1 1 0 0 0
 1 0 0 0 0 1 0 0 0 0 1 -82.75872022286245 2 0.041666666666666664
1 0 0 0 0 1 0 0 0 0 1 0 0 0 0 1 1 0 0 0 0 1 0 0 0 0 1 0 0 0 1 0 1 1 0 0 0
 1 0 0 0 0 1 0 0 0 0 1 -80.75872022286245 2 0.0625
1 0 0 0 0 1 0 0 0 0 1 0 0 0 0 1 1 0 0 1 0 1 0 0 0 0 1 0 0 0 0 0 1 0 0 0 0
 1 0 0 0 0 1 0 0 0 0 1 -87.59644256269408 1 0.020833333333333332
1 0 0 0 0 1 0 0 0 0 1 0 0 0 0 1 1 0 0 0 0 1 0 0 0 0 1 0 0 0 0 0 1 1 0 0 0
 1 0 0 0 0 1 0 0 0 0 1 -82.59644256269408 1 0.0625
1 1 0 0 0 1 0 0 0 0 1 0 0 0 0 1 0 0 0 0 0 1 0 0 0 0 1 0 0 0 0 1 1 1 0 0 0
 1 0 0 0 0 1 0 0 0 0 1 -77.75872022286245 1 0.10416666666666667
1 0 0 0 0 1 0 0 0 0 1 0 0 0 0 1 1 0 0 0 0 1 0 0 0 0 0 0 0 0 1 1 1 1 0 0 0
 1 0 0 0 0 1 0 0 0 0 1 -80.75872022286245 1 0.041666666666666664
1 0 0 0 0 1 0 0 0 0 1 0 0 0 0 1 1 0 0 0 0 1 1 0 0 0 0 0 0 0 0 1 1 0 0 0 0
 1 0 0 0 0 1 0 0 0 0 1 -87.59644256269408 1 0.0
1 0 0 0 0 1 1 0 0 0 1 0 0 0 0 1 1 0 0 0 0 0 1 0 0 0 1 0 0 0 0 1 1 1 0 0 0
 1 0 0 0 0 1 0 0 0 0 1 -75.92099788303084 1 0.0625
1 0 0 0 0 1 0 0 0 0 1 0 0 0 0 1 1 0 0 0 0 1 0 0 0 0 1 0 0 0 1 0 1 1 0 0 0
 1 0 0 0 0 1 0 0 0 0 1 -80.75872022286245 1 0.0625
1 0 0 0 0 1 0 0 0 0 1 0 0 0 0 1 1 1 0 0 0 0 0 0 0 0 1 0 0 0 0 1 1 1 0 0 0
 1 0 0 0 0 1 0 0 0 0 1 -82.75872022286245 1 0.0625
1 0 0 0 0 1 0 0 0 0 1 0 0 0 0 1 0 1 0 0 0 1 0 0 0 0 1 0 0 0 0 1 1 1 0 0 0
 1 0 0 0 0 1 0 0 0 0 1 -82.75872022286245 1 0.041666666666666664
1 1 0 0 0 1 0 0 0 0 1 0 0 0 0 1 1 0 0 0 0 1 0 0 0 0 1 0 0 0 0 1 1 1 0 0 0
 1 0 0 0 0 1 0 0 0 0 1 -86.92099788303084 1 0.0625
1 0 0 0 0 1 0 0 0 0 1 0 0 0 0 1 1 0 0 0 0 1 0 0 0 0 0 1 0 0 1 0 1 0 0 0 0
 1 0 0 0 0 1 0 0 0 0 1 -86.59644256269408 1 0.041666666666666664
1 0 0 0 0 1 0 0 0 0 1 0 0 0 0 1 1 0 0 0 0 1 0 0 0 0 0 1 0 0 0 1 1 1 0 0 0
 1 0 0 0 0 1 0 0 0 0 1 -80.75872022286245 1 0.0625
1 0 0 0 0 1 0 0 0 0 1 0 0 0 0 1 1 0 0 0 0 1 0 0 0 0 1 0 0 0 0 1 1 1 0 0 0
 1 0 0 1 0 1 0 0 0 0 1 -84.92099788303084 1 0.041666666666666664
1 0 0 0 0 1 0 0 0 0 1 0 1 0 0 1 1 0 0 0 0 1 0 0 0 0 1 0 0 0 0 1 1 0 0 0 0
 1 0 0 0 0 1 0 0 1 0 1 -84.92099788303084 1 0.020833333333333332
1 1 0 0 0 1 0 0 0 0 1 0 0 0 0 1 1 1 0 0 0 1 0 0 0 0 1 0 0 0 0 1 1 0 0 0 0
 1 0 0 0 0 1 0 0 0 0 1 -86.92099788303084 1 0.0
1 0 0 0 0 1 0 0 0 0 1 0 0 0 0 1 1 0 0 0 0 1 0 0 0 0 1 0 0 0 0 0 1 1 0 0 0
 1 0 0 0 0 1 0 0 0 0 1 -82.59644256269408 1 0.08333333333333333
1 0 0 0 0 1 0 0 0 0 1 0 0 0 0 1 1 0 0 0 0 1 0 1 0 0 1 0 0 0 1 0 1 0 0 0 0
 1 0 0 0 0 1 0 0 0 0 1 -85.75872022286245 1 0.0625
1 1 0 0 0 1 0 0 0 0 1 0 0 0 0 1 1 0 0 0 0 1 0 0 0 0 1 0 0 0 0 1 1 1 0 0 0
 1 0 0 0 0 1 0 0 0 0 1 -86.92099788303084 1 0.08333333333333333
1 0 0 0 0 1 0 0 0 0 1 0 0 0 0 1 1 0 0 0 0 1 0 0 0 0 0 1 0 0 1 0 1 1 0 0 0
 1 0 0 0 0 1 0 0 0 0 1 -79.75872022286245 1 0.041666666666666664
1 0 0 0 0 1 0 0 0 0 1 0 0 0 0 1 1 0 0 0 0 1 0 0 0 0 1 0 0 0 0 1 1 0 0 0 0
 1 0 0 0 0 1 0 0 1 0 1 -91.75872022286245 1 0.041666666666666664
1 0 0 0 0 1 0 0 0 0 1 0 0 0 0 1 1 0 0 0 0 1 1 0 0 0 0 0 0 0 0 1 1 1 0 0 0
 1 0 0 0 0 1 0 0 0 0 1 -80.75872022286245 1 0.020833333333333332
0 0 0 1 0 1 0 0 0 0 1 0 1 0 0 0 0 0 0 1 0 1 0 0 0 0 1 0 1 0 0 0 0 0 0 1 0
 1 0 0 0 0 1 0 1 0 0 0 -86.59644256269407 3 0.0
1 0 0 0 0 1 0 0 0 0 1 0 0 0 0 1 1 0 0 0 0 1 0 0 0 0 1 0 0 0 0 1 1 1 0 0 0
 1 0 0 0 0 1 0 0 0 0 1 -91.75872022286245 1 0.08333333333333333
1 1 0 0 0 1 0 0 0 0 1 0 0 0 0 1 1 0 0 0 0 1 0 0 0 0 1 0 0 0 0 1 1 0 0 0 0
 1 0 0 0 0 1 0 0 0 0 1 -91.75872022286245 1 0.0625
1 0 0 0 0 1 0 0 0 0 1 0 0 0 0 1 1 0 0 0 0 1 0 0 0 0 1 1 0 0 1 0 1 0 0 0 0
 1 0 0 0 0 1 0 0 0 0 1 -85.75872022286245 1 0.041666666666666664
1 0 0 0 0 1 0 0 0 0 1 0 0 0 0 1 0 1 0 0 0 1 0 0 0 0 1 0 0 0 0 1 1 1 0 0 0
 1 0 0 0 0 1 0 0 0 0 1 -82.75872022286245 1 0.0625
1 0 0 0 0 1 0 0 0 0 1 0 0 0 0 1 1 0 0 0 0 1 0 0 0 0 0 1 0 0 1 0 1 1 0 0 0
 1 0 0 0 0 1 0 0 0 0 1 -79.75872022286245 1 0.0625
1 0 0 0 0 1 0 0 0 0 1 0 0 0 0 1 1 0 0 0 0 1 0 0 0 0 0 1 0 0 1 0 1 1 0 0 0
 1 0 0 0 0 1 0 0 0 0 1 -79.75872022286245 1 0.0625
1 0 0 0 0 1 0 0 0 0 1 0 0 0 0 1 1 0 0 0 0 0 1 0 0 1 0 0 0 0 0 1 1 1 0 0 0
 1 0 0 0 0 1 0 0 0 0 1 -79.75872022286245 1 0.041666666666666664
1 0 0 0 0 1 0 0 0 0 1 0 0 0 0 1 1 0 0 0 0 0 1 0 0 1 0 0 0 0 0 1 1 0 0 0 0
 1 0 0 0 0 1 0 0 0 0 1 -86.59644256269408 1 0.041666666666666664
1 1 0 0 0 1 0 0 0 0 1 0 1 0 0 1 0 0 0 0 0 1 0 0 0 0 1 0 0 0 0 1 1 1 0 0 0
 1 0 0 0 0 1 0 0 0 0 1 -70.92099788303084 1 0.08333333333333333
1 0 0 0 0 1 0 0 0 0 0 1 0 0 1 0 1 0 0 0 0 1 0 0 0 0 0 1 0 0 1 0 1 0 0 0 0
 1 0 0 0 0 0 1 0 0 1 0 -86.59644256269407 1 0.020833333333333332
1 0 0 0 0 1 0 0 0 0 1 0 0 0 0 1 1 0 0 1 0 1 0 0 0 0 1 0 0 0 1 0 1 1 0 0 0
 1 0 0 0 0 1 0 0 0 0 1 -78.92099788303084 1 0.0625
1 1 0 0 0 1 0 0 0 0 1 0 0 0 0 1 1 1 0 0 0 1 0 0 0 0 1 0 0 0 0 1 1 1 0 0 0
 1 0 0 0 0 1 0 0 0 0 1 -84.0832755431992 1 0.041666666666666664
1 0 0 0 0 1 0 0 0 0 1 0 0 0 0 1 1 1 0 0 0 1 0 0 0 0 1 0 0 0 0 1 1 1 0 0 0
 1 0 0 0 0 1 0 0 0 0 1 -86.92099788303084 1 0.08333333333333333
1 1 0 0 0 1 0 0 0 0 1 0 0 0 0 1 1 0 1 0 0 1 0 0 0 0 1 0 0 0 0 1 1 0 0 0 0
 1 0 0 0 0 1 0 0 0 0 1 -84.92099788303084 1 0.0625
1 0 0 0 0 1 0 0 0 0 1 0 0 0 0 1 1 0 0 0 0 1 0 0 0 0 0 1 0 0 1 1 1 1 0 0 0
 1 0 0 0 0 1 0 0 0 0 1 -78.92099788303084 1 0.041666666666666664
1 0 0 0 0 1 0 0 0 0 1 0 0 0 0 1 1 1 0 0 0 0 0 0 0 0 1 0 0 1 0 1 1 0 0 0 0
 1 0 0 0 0 1 0 0 0 0 1 -80.75872022286245 1 0.0625
1 0 0 0 0 1 0 0 0 0 1 0 0 0 0 1 1 0 0 0 0 1 0 0 0 0 1 0 0 0 0 1 1 0 0 0 0
 1 0 0 0 0 1 1 1 0 0 0 -85.75872022286245 1 0.0
0 1 0 0 1 0 0 0 0 0 1 0 0 0 0 1 0 1 0 0 1 0 0 0 0 0 1 0 0 0 0 1 0 1 0 0 1
 0 0 0 0 0 1 0 0 0 0 1 -86.59644256269407 2 0.020833333333333332
1 0 0 0 0 1 0 0 0 0 1 0 0 0 0 1 1 0 0 1 0 1 0 0 0 0 1 0 0 0 0 1 1 0 0 0 0
 1 0 0 0 0 1 0 0 1 0 1 -84.92099788303084 1 0.020833333333333332
0 0 0 1 0 1 0 0 0 0 1 0 1 0 0 0 0 0 0 1 0 1 0 0 0 0 1 0 1 0 0 0 0 0 0 1 0
 1 0 0 0 0 1 0 1 0 0 0 -86.59644256269407 1 0.020833333333333332
1 0 0 0 0 1 0 0 0 0 1 0 0 0 0 1 1 0 0 0 0 1 0 0 0 0 1 0 0 0 0 1 1 1 0 0 0
 1 0 0 0 0 1 0 0 0 0 1 -91.75872022286245 1 0.0625
1 1 0 0 0 1 0 0 0 0 1 0 0 0 0 1 0 0 0 0 0 1 0 0 0 0 1 0 0 0 0 1 1 0 0 0 0
 1 0 0 0 0 1 0 0 0 0 1 -82.59644256269408 1 0.08333333333333333
1 0 0 0 0 1 0 0 0 0 1 0 0 0 0 1 0 0 1 0 0 1 0 0 1 0 0 0 0 0 0 1 1 1 0 0 0
 1 0 0 0 0 1 0 0 0 0 1 -79.75872022286245 1 0.041666666666666664
1 0 0 0 0 1 0 0 0 0 1 0 0 0 0 1 1 0 0 0 0 1 0 0 0 0 0 1 0 0 1 0 1 1 0 0 0
 1 0 0 0 0 1 0 0 0 0 1 -79.75872022286245 1 0.041666666666666664
1 0 0 0 0 1 0 0 0 0 1 0 0 0 0 1 1 0 0 0 0 0 1 0 0 0 0 1 0 0 0 1 1 0 0 0 0
 1 0 0 0 0 1 0 0 0 0 1 -81.59644256269408 1 0.0625
1 0 0 0 0 1 0 0 0 0 1 0 0 0 0 1 1 0 0 0 0 1 0 1 0 0 1 0 0 0 1 0 1 1 0 0 0
 1 0 0 0 0 1 0 0 0 0 1 -78.92099788303084 1 0.041666666666666664
1 0 0 0 0 1 1 0 0 0 1 0 0 0 0 1 1 0 0 0 0 0 1 0 0 1 0 0 0 0 0 1 1 0 0 0 0
 1 0 0 0 0 1 0 0 0 0 1 -81.75872022286245 1 0.041666666666666664
1 0 0 0 0 1 0 0 0 0 1 0 0 0 0 1 0 0 0 0 0 1 0 0 0 0 1 0 1 0 0 0 1 0 0 0 0
 1 0 0 0 0 1 0 0 0 0 1 -83.4341649025257 1 0.041666666666666664
1 1 0 0 0 1 0 0 0 0 1 0 0 0 0 1 1 1 0 0 0 1 0 0 0 0 1 0 0 0 0 1 1 1 0 0 0
 1 0 0 0 0 1 0 0 0 0 1 -84.0832755431992 1 0.0625
1 0 0 0 0 1 0 0 0 0 1 0 0 0 0 1 1 0 0 0 0 1 0 0 0 0 1 0 0 0 0 1 1 1 0 0 0
 1 0 1 0 0 1 0 1 0 0 0 -78.92099788303084 1 0.020833333333333332
1 0 0 0 0 1 0 0 0 0 1 0 0 0 0 1 1 1 0 0 0 0 1 0 0 0 1 0 0 0 0 1 1 0 0 0 0
 1 0 0 0 0 1 0 0 0 0 1 -85.75872022286245 1 0.020833333333333332
1 0 0 0 0 1 0 0 0 0 1 0 0 0 0 1 1 0 0 0 0 1 1 0 0 0 0 1 0 0 0 1 1 1 0 0 0
 1 0 0 0 0 1 0 0 0 0 1 -78.92099788303084 1 0.0625
1 0 0 0 0 1 0 0 0 0 1 0 0 0 0 1 0 0 1 0 0 1 0 0 1 0 0 0 0 0 0 1 1 1 0 0 0
 1 0 0 0 0 1 0 0 0 0 1 -79.75872022286245 1 0.041666666666666664
1 0 0 0 0 1 0 0 0 0 1 0 0 0 0 1 0 0 0 1 0 1 0 0 0 0 1 0 1 0 0 0 1 1 0 0 0
 1 0 0 0 0 1 0 0 0 0 1 -79.75872022286245 1 0.041666666666666664
1 0 0 0 0 1 0 0 0 0 1 0 0 0 0 1 0 1 0 0 1 0 0 0 0 0 1 0 0 0 0 1 1 1 0 0 0
 1 0 0 0 0 1 0 0 0 0 1 -81.75872022286245 1 0.041666666666666664
1 0 0 0 0 1 0 0 0 0 1 0 0 0 0 1 1 0 0 0 0 1 0 0 1 1 0 0 0 0 1 1 1 0 0 0 0
 1 0 0 0 0 1 0 0 0 0 1 -78.92099788303084 1 0.041666666666666664
1 1 0 0 0 1 0 0 0 0 1 0 0 0 0 1 0 1 0 0 0 1 0 0 0 0 1 0 0 0 0 1 1 0 0 0 0
 1 0 0 0 0 1 0 0 0 0 1 -82.75872022286245 1 0.020833333333333332
1 0 0 0 0 1 0 0 0 0 1 0 0 0 0 1 0 0 0 0 0 1 0 0 0 0 1 1 0 0 0 1 1 1 0 0 0
 1 0 0 0 0 1 0 0 0 0 1 -75.75872022286245 1 0.10416666666666667
1 0 0 0 0 1 0 0 0 0 1 0 0 0 0 1 1 1 0 0 0 0 0 0 0 0 1 0 0 1 0 1 1 1 0 0 0
 1 0 0 0 0 1 0 0 0 0 1 -75.92099788303084 1 0.08333333333333333
1 1 0 0 0 1 0 0 0 0 1 0 0 0 0 1 1 0 0 0 0 1 0 0 0 0 1 0 0 0 1 0 1 0 0 0 0
 1 0 0 0 0 1 0 0 0 0 1 -80.75872022286245 1 0.041666666666666664
1 0 0 1 0 1 0 0 0 0 1 0 0 0 0 1 0 0 0 0 0 1 0 0 0 0 1 0 0 0 0 1 1 1 0 0 0
 1 0 0 0 0 1 0 0 0 0 1 -75.75872022286245 1 0.08333333333333333
1 0 0 0 0 1 0 0 0 0 1 0 0 0 0 1 0 1 0 0 0 0 0 0 0 0 1 0 0 1 0 1 1 0 0 0 0
 1 0 0 0 0 1 0 0 0 0 1 -76.59644256269408 1 0.0625
1 0 0 0 0 1 0 0 0 0 1 0 0 0 0 1 1 1 0 0 0 0 1 0 0 0 1 0 0 0 0 1 1 1 0 0 0
 1 0 0 0 0 1 0 0 0 0 1 -80.92099788303084 1 0.041666666666666664
1 1 0 0 0 1 0 0 0 0 1 0 0 0 0 1 1 1 0 0 0 0 0 0 0 0 1 0 0 0 0 1 1 0 0 0 0
 1 0 0 0 0 1 0 0 0 0 1 -82.75872022286245 1 0.0625
1 0 0 0 0 1 0 0 0 0 0 1 0 0 1 0 1 0 0 0 0 1 0 0 0 0 0 1 0 0 1 0 1 0 0 0 0
 1 0 0 0 0 0 1 0 0 1 0 -86.59644256269407 1 0.041666666666666664
1 0 0 0 0 1 0 0 0 0 1 0 0 0 0 1 1 0 0 0 0 1 0 0 1 0 0 0 0 0 0 1 1 0 0 0 0
 1 0 0 0 0 1 0 0 0 0 1 -87.59644256269408 1 0.041666666666666664
1 0 0 0 0 1 0 0 0 0 1 0 0 0 0 1 1 0 0 0 0 1 0 0 0 0 0 1 0 0 1 0 1 0 0 0 0
 1 0 0 0 0 0 1 0 0 1 0 -82.59644256269408 1 0.020833333333333332
1 0 0 0 0 1 0 0 0 0 1 0 0 0 0 1 0 0 0 0 0 1 0 0 0 0 0 1 0 0 1 1 1 1 0 0 0
 1 0 0 0 0 1 0 0 0 0 1 -69.75872022286245 1 0.125
1 0 0 0 0 1 0 0 0 0 1 0 0 0 0 1 1 0 0 0 0 1 0 0 0 0 0 1 0 0 1 0 1 0 0 0 0
 1 0 0 0 0 0 1 0 0 1 0 -82.59644256269408 2 0.041666666666666664
1 1 0 0 0 1 0 0 0 0 1 0 0 0 0 1 1 1 0 0 0 0 0 0 0 0 1 0 0 0 0 1 1 1 0 0 0
 1 0 0 0 0 1 0 0 0 0 1 -79.92099788303084 1 0.041666666666666664
1 1 0 0 0 1 0 0 0 0 1 0 0 0 0 1 1 1 0 0 0 1 0 0 0 0 1 0 0 0 0 1 1 1 0 0 0
 1 0 0 0 0 1 0 0 0 0 1 -84.0832755431992 1 0.020833333333333332
1 0 0 0 0 1 0 0 0 0 1 0 0 0 0 1 1 0 0 0 0 1 0 0 0 0 0 1 0 0 1 0 1 0 0 0 0
 1 0 0 0 0 0 1 0 0 1 0 -82.59644256269408 1 0.0625
1 0 0 0 0 1 0 0 0 0 1 0 0 0 0 1 1 0 0 0 0 1 0 0 0 0 0 1 0 0 1 0 1 0 0 0 0
 1 0 0 0 0 0 1 0 0 1 0 -82.59644256269408 1 0.0625
1 0 0 0 0 1 0 0 0 0 1 0 0 0 0 1 1 1 0 0 0 0 0 0 0 0 1 0 0 1 0 1 1 0 0 0 0
 1 0 0 0 0 1 0 0 0 0 1 -80.75872022286245 1 0.08333333333333333
0 0 0 1 0 1 0 0 0 0 1 0 1 0 0 0 0 0 0 1 0 1 0 0 0 0 1 0 1 0 0 0 0 0 0 1 0
 1 0 0 0 0 1 0 1 0 0 0 -86.59644256269407 1 0.041666666666666664
1 0 0 0 0 1 0 0 0 0 1 0 0 0 0 1 1 0 0 0 0 1 0 0 0 0 0 1 0 0 1 0 1 0 0 0 0
 1 0 0 0 0 0 1 0 0 1 0 -82.59644256269408 1 0.0625
1 0 0 0 0 1 0 0 0 0 1 0 0 0 0 1 1 0 0 0 0 1 0 0 0 0 1 0 0 0 0 1 1 1 0 0 0
 1 0 0 0 0 0 1 1 0 1 0 -72.92099788303084 1 0.0625
1 0 0 0 0 1 0 0 0 0 1 0 0 0 0 1 1 0 0 0 0 1 0 0 0 0 0 1 0 0 1 0 1 1 0 0 0
 1 0 0 0 0 0 1 0 0 1 0 -75.75872022286245 1 0.0625
1 0 0 0 0 1 0 0 0 0 1 0 0 0 0 1 1 0 0 0 0 1 0 0 0 0 1 0 0 0 0 0 1 0 0 1 0
 1 0 0 0 0 1 0 0 0 0 1 -82.59644256269408 1 0.0
1 1 0 0 0 1 0 0 0 0 1 0 0 0 0 1 1 1 0 0 0 0 0 0 0 0 1 0 0 0 0 1 1 1 0 0 0
 1 0 0 0 0 1 0 0 0 0 1 -79.92099788303084 1 0.0625
1 0 0 0 0 1 0 0 0 0 1 0 0 0 0 1 0 0 0 0 0 1 0 0 0 0 1 0 1 0 0 1 1 1 0 0 0
 1 0 0 0 0 1 0 1 0 0 1 -75.92099788303084 1 0.08333333333333333
1 0 0 0 0 1 0 0 0 0 1 0 0 0 0 1 1 0 0 0 0 1 0 0 0 0 0 1 0 0 1 0 1 1 0 0 0
 1 0 0 0 0 0 1 0 0 1 0 -75.75872022286245 1 0.0625
1 0 0 0 0 1 0 0 0 0 1 0 0 0 0 1 0 0 0 1 0 1 0 0 0 0 1 0 0 0 1 0 1 1 0 0 0
 1 0 0 0 0 1 0 0 0 0 1 -74.75872022286245 1 0.10416666666666667
1 1 0 0 0 1 0 0 0 0 0 1 0 0 1 0 1 0 0 0 0 1 0 0 0 0 0 1 0 0 1 0 1 0 0 0 0
 1 0 0 0 0 0 1 0 0 1 0 -79.75872022286245 1 0.020833333333333332
1 0 0 0 0 1 0 0 0 0 1 0 0 0 0 1 0 0 0 0 0 1 0 1 0 0 1 0 1 0 0 0 1 1 0 0 0
 1 0 0 0 0 1 0 0 0 0 1 -74.75872022286245 1 0.0625
1 0 0 0 0 1 0 0 0 0 1 0 0 0 0 1 0 1 0 0 0 0 1 0 0 0 1 0 0 0 0 1 1 1 0 0 0
 1 0 0 0 0 1 0 0 0 0 1 -76.75872022286245 1 0.0625
1 0 0 0 0 1 0 0 0 0 1 0 0 0 0 1 1 0 0 0 0 1 0 0 0 0 0 1 0 0 1 0 1 0 0 0 0
 1 0 0 0 0 0 1 0 0 1 0 -82.59644256269408 1 0.041666666666666664
1 0 0 0 0 1 0 0 0 0 0 1 0 0 1 0 1 0 0 0 0 1 0 0 0 0 0 1 0 0 1 0 1 0 0 1 0
 1 0 0 0 0 0 1 0 0 1 0 -79.75872022286245 1 0.0625
1 0 0 0 0 1 0 0 0 0 1 0 0 0 0 1 1 0 0 0 0 1 0 0 0 0 1 0 0 0 1 0 1 0 0 0 0
 1 0 0 0 0 1 0 0 0 0 1 -87.59644256269408 1 0.0625
1 0 0 0 0 1 1 0 0 0 1 0 0 0 0 1 1 0 0 0 0 1 1 0 0 0 0 0 0 0 0 1 1 1 0 0 0
 1 0 0 0 0 1 0 0 0 0 1 -75.92099788303084 1 0.020833333333333332
0 0 0 1 0 1 0 0 0 0 1 0 1 0 0 0 0 0 0 1 0 1 0 0 0 0 1 0 1 0 0 1 0 0 0 1 0
 1 0 0 0 0 1 0 1 0 0 0 -81.75872022286245 1 0.0
1 0 0 0 0 1 0 0 0 0 0 1 0 0 1 0 1 0 0 0 0 1 0 0 0 0 0 1 0 0 1 0 1 0 0 0 0
 1 0 0 0 0 0 1 1 0 1 0 -79.75872022286245 1 0.041666666666666664
1 0 0 0 0 1 0 0 0 0 1 1 0 0 0 1 1 0 0 0 0 1 0 0 0 0 0 1 0 0 1 0 1 0 0 0 0
 1 0 0 0 0 0 1 0 0 1 0 -79.75872022286245 1 0.041666666666666664
1 0 0 0 0 1 0 0 0 0 1 0 0 0 0 1 1 0 0 0 0 1 0 0 1 0 0 0 0 0 1 0 1 1 0 0 0
 1 0 0 0 0 1 0 0 0 0 1 -74.75872022286245 1 0.0625
1 0 0 0 0 1 0 0 0 0 1 0 0 0 0 1 1 0 0 0 0 1 0 0 0 0 1 1 0 0 1 0 1 0 0 0 0
 1 0 0 0 0 0 1 0 0 1 0 -79.75872022286245 1 0.041666666666666664
1 1 0 0 0 1 0 0 0 0 1 0 0 0 0 1 0 0 0 0 0 1 0 0 1 0 0 0 0 0 0 1 1 0 0 0 0
 1 0 0 0 0 1 0 0 0 0 1 -76.59644256269408 1 0.0625
1 0 0 0 0 1 0 0 0 0 1 0 0 0 0 1 1 0 0 0 0 0 1 0 0 0 0 1 0 0 0 0 1 0 0 0 0
 1 0 0 0 0 1 0 0 0 0 1 -77.4341649025257 1 0.041666666666666664
1 0 0 0 0 1 0 0 0 0 0 1 0 0 1 0 1 0 0 0 0 1 1 0 0 0 0 1 0 0 1 0 1 1 0 0 0
 1 0 0 0 0 0 1 0 0 1 0 -72.92099788303084 1 0.0625
1 1 0 0 0 1 0 0 0 0 1 0 0 0 0 1 1 0 0 0 0 0 1 0 0 0 0 0 0 0 0 1 1 1 0 0 0
 1 0 0 0 0 1 0 0 0 0 1 -71.75872022286245 1 0.08333333333333333
1 0 0 0 0 1 0 0 0 0 1 0 0 0 0 1 1 1 0 0 0 0 1 0 0 0 0 1 0 0 0 1 1 0 0 0 0
 1 0 0 0 0 1 0 0 0 0 1 -79.75872022286245 1 0.020833333333333332
1 1 0 0 0 0 0 1 0 0 1 0 0 0 0 1 1 1 0 0 0 1 0 0 0 0 1 0 0 0 0 1 1 1 0 0 0
 1 0 0 0 0 1 0 0 0 0 1 -78.0832755431992 1 0.0625
0 0 0 1 0 1 0 0 0 0 1 0 1 0 0 0 0 0 0 1 0 1 0 0 0 0 1 0 1 0 0 1 0 0 0 1 0
 1 0 0 0 0 1 0 1 0 0 0 -81.75872022286245 1 0.020833333333333332
1 0 0 0 0 1 0 0 0 0 1 1 0 0 0 1 1 0 0 0 0 1 0 0 0 0 0 1 0 0 1 0 1 0 0 0 0
 1 0 0 0 0 0 1 0 0 1 0 -79.75872022286245 1 0.041666666666666664
1 0 0 0 0 1 0 0 0 0 1 0 0 0 1 1 1 0 0 0 0 1 0 0 0 0 0 1 0 0 1 0 1 1 0 0 0
 1 0 0 0 0 0 1 0 0 1 0 -72.92099788303084 1 0.0625
1 0 0 0 0 1 0 0 0 0 1 0 0 0 0 1 1 0 0 0 0 1 0 0 0 0 0 0 0 0 1 1 1 1 0 0 0
 1 0 0 0 0 0 0 0 0 1 1 -73.75872022286245 1 0.0625
1 0 0 0 0 1 0 0 0 0 1 0 0 0 0 1 1 1 0 0 0 0 1 0 0 0 0 0 0 0 0 1 1 1 0 0 0
 1 0 0 0 0 1 0 0 0 0 1 -76.75872022286245 1 0.041666666666666664
1 0 0 0 0 1 0 0 0 0 1 0 0 0 0 1 1 0 0 0 0 1 0 0 0 0 0 1 0 0 1 1 1 0 0 0 0
 1 0 0 0 0 0 1 0 0 1 0 -79.75872022286245 1 0.08333333333333333
1 0 0 0 0 1 0 0 0 0 1 0 0 0 0 1 1 0 0 0 0 1 0 0 0 0 1 1 0 0 1 0 1 1 0 0 0
 1 0 0 0 0 0 1 0 0 1 0 -72.92099788303084 1 0.08333333333333333
1 0 0 0 0 1 0 0 0 0 1 0 0 0 0 1 1 0 0 0 0 1 0 0 0 0 0 1 0 0 1 0 1 1 0 0 0
 1 0 0 0 0 0 1 0 0 1 0 -75.75872022286245 1 0.08333333333333333
1 0 0 0 0 1 0 0 0 0 1 0 0 0 0 1 0 0 0 0 0 1 0 0 0 0 1 0 1 0 0 1 1 1 0 0 0
 1 0 0 0 0 1 0 1 0 0 1 -75.92099788303084 1 0.10416666666666667
1 0 0 0 0 1 0 0 0 0 1 0 0 0 0 1 1 1 0 0 0 0 0 1 0 0 1 0 0 0 1 0 1 1 0 0 0
 1 0 0 0 0 1 0 0 0 0 1 -74.92099788303084 1 0.041666666666666664
1 0 0 0 0 1 0 0 0 0 1 0 0 0 0 1 1 0 0 0 0 1 0 0 0 0 0 1 0 0 1 0 1 1 0 0 0
 1 0 0 0 0 0 1 0 0 1 0 -75.75872022286245 2 0.10416666666666667
1 0 0 0 0 1 0 0 0 0 0 1 0 0 1 0 1 0 0 0 0 1 0 0 0 0 1 1 0 0 1 0 1 0 0 0 0
 1 0 0 0 0 0 1 0 0 1 0 -81.75872022286245 1 0.0625
1 0 0 0 0 1 0 0 0 0 1 0 0 0 0 1 0 0 0 0 0 1 0 0 1 1 0 0 0 0 1 1 1 1 0 0 0
 1 0 0 0 0 1 0 0 0 0 1 -67.92099788303084 1 0.10416666666666667
1 0 0 0 0 1 0 0 0 0 0 1 0 0 1 0 1 0 0 0 0 1 0 0 0 0 0 1 0 0 1 0 1 1 0 0 0
 1 0 0 0 0 0 1 0 0 1 0 -79.75872022286245 1 0.0625
1 0 0 0 0 1 0 0 0 0 1 0 0 0 0 1 1 0 0 0 0 1 0 0 0 0 1 0 0 0 1 0 1 1 0 0 0
 1 0 0 0 0 0 1 0 0 1 0 -72.75872022286245 1 0.10416666666666667
1 0 0 0 0 1 0 0 0 0 1 1 0 0 0 1 1 0 0 0 0 1 0 0 0 0 0 1 0 0 1 0 1 1 0 0 0
 1 0 0 0 0 0 1 0 0 1 0 -72.92099788303084 1 0.10416666666666667
1 1 0 1 0 1 0 0 0 0 1 0 0 0 0 1 1 0 0 0 0 1 0 0 0 0 1 0 0 0 0 1 1 0 0 0 0
 1 0 0 0 0 1 0 0 1 0 1 -73.0832755431992 1 0.041666666666666664
1 0 0 0 0 1 0 0 0 0 1 0 0 0 0 1 1 0 0 0 0 1 0 0 0 0 1 0 1 0 0 1 1 1 0 0 0
 1 0 0 0 0 0 1 0 0 1 0 -72.92099788303084 1 0.041666666666666664
1 0 0 0 0 1 0 0 0 0 1 0 0 0 0 1 1 1 0 0 0 0 0 1 0 0 1 0 0 0 1 0 1 0 0 0 0
 1 0 0 0 0 1 0 0 0 0 1 -79.75872022286245 1 0.041666666666666664
1 1 0 0 0 1 0 0 0 0 1 0 0 0 0 1 1 0 0 0 0 1 0 0 0 0 1 1 0 0 1 0 1 0 0 0 0
 1 0 0 0 0 1 0 0 0 0 1 -78.92099788303084 1 0.041666666666666664
0 0 0 1 0 1 0 0 0 0 1 0 1 0 0 0 0 0 0 1 0 1 0 0 0 0 1 0 1 0 0 0 1 1 0 0 0
 1 0 0 0 0 1 1 1 0 0 0 -70.92099788303084 1 0.041666666666666664
0 0 0 1 0 1 0 0 0 0 1 0 1 0 0 1 0 0 0 0 0 1 0 0 0 0 1 0 1 0 0 1 0 0 0 1 0
 1 0 0 0 0 1 0 1 0 0 0 -76.75872022286245 1 0.020833333333333332
1 0 0 0 0 1 0 0 0 0 1 0 0 0 0 1 1 0 0 0 0 1 0 0 0 0 0 1 0 0 1 1 1 1 0 0 0
 1 0 0 0 0 0 1 0 0 1 0 -72.92099788303084 1 0.10416666666666667
1 0 0 0 0 1 0 0 0 0 1 0 0 0 0 1 0 0 0 0 0 1 0 0 0 0 0 1 0 0 1 0 1 0 0 1 0
 1 0 0 0 0 0 1 0 0 1 0 -66.59644256269408 1 0.08333333333333333
1 0 0 0 0 1 0 0 0 0 1 0 0 0 0 1 1 0 0 0 0 1 0 0 0 0 0 1 0 0 1 1 1 0 0 0 0
 1 0 0 0 0 0 1 0 0 1 0 -79.75872022286245 1 0.041666666666666664
1 0 0 0 0 1 0 0 0 0 1 0 0 0 0 1 1 1 0 0 0 0 0 0 0 0 1 0 0 0 0 1 1 1 0 0 0
 0 0 1 0 0 1 0 0 0 0 1 -78.75872022286245 1 0.041666666666666664
1 0 0 0 0 1 0 0 0 0 0 1 0 0 1 0 1 0 0 0 0 1 0 0 0 0 0 1 0 0 1 0 1 0 0 0 0
 1 0 0 0 0 0 1 0 0 0 0 -79.43416490252568 1 0.020833333333333332
0 0 0 1 0 1 0 0 0 0 1 0 1 0 0 0 0 0 0 1 0 1 0 0 0 0 1 0 1 0 0 0 0 0 0 1 0
 1 0 0 0 0 1 0 1 0 0 0 -86.59644256269407 1 0.020833333333333332
1 0 0 0 0 1 0 0 0 0 1 0 0 0 0 1 1 0 0 0 0 1 0 0 0 0 0 1 0 0 1 0 1 1 0 0 0
 1 0 0 0 0 0 1 0 0 1 0 -75.75872022286245 1 0.0625
0 1 0 0 1 1 0 0 0 0 1 0 0 0 0 1 0 1 0 0 1 0 0 0 0 0 1 0 0 0 0 1 0 1 0 0 1
 1 0 0 0 0 1 0 0 0 0 1 -78.92099788303082 1 0.0
1 0 0 0 0 1 0 0 0 0 0 1 0 0 1 0 1 1 0 0 0 1 0 0 0 0 0 1 0 0 1 0 1 0 0 0 0
 1 0 0 0 0 0 1 0 0 1 0 -79.75872022286245 1 0.041666666666666664
1 1 0 0 0 1 0 0 0 0 1 0 0 0 0 1 1 1 0 0 0 0 0 0 0 0 1 0 0 0 0 1 1 1 0 0 0
 1 0 0 0 0 1 0 0 0 0 1 -79.92099788303084 1 0.10416666666666667
1 0 0 0 0 1 0 0 0 0 1 0 0 0 0 1 0 0 0 0 0 1 0 0 0 0 1 0 1 0 0 0 0 0 0 1 0
 1 0 0 0 0 1 0 1 0 0 0 -77.4341649025257 1 0.0625
1 0 0 0 0 1 0 0 0 0 0 1 0 0 1 0 0 0 0 0 0 1 0 0 0 0 0 1 0 0 1 0 1 0 0 0 0
 1 0 0 0 0 0 1 0 0 1 0 -77.43416490252568 1 0.08333333333333333
1 0 0 0 0 1 0 0 0 0 0 1 0 0 1 0 0 0 0 0 0 1 0 0 0 0 0 1 0 0 1 0 1 0 0 0 0
 1 0 0 0 0 0 1 1 0 1 0 -70.59644256269407 1 0.08333333333333333
0 0 0 1 0 1 0 0 0 0 1 0 0 0 0 1 1 0 0 0 0 1 0 0 0 0 1 0 0 0 0 1 0 0 0 1 0
 1 0 0 0 0 1 0 1 0 0 0 -79.59644256269408 1 0.041666666666666664
1 0 0 0 0 1 0 0 0 0 1 1 0 0 0 1 1 0 0 0 0 1 0 0 0 0 0 1 0 0 1 0 1 1 0 0 0
 1 0 0 0 0 0 1 0 0 1 0 -72.92099788303084 1 0.10416666666666667
1 0 0 0 0 1 0 0 0 0 1 1 0 0 1 0 0 0 0 0 0 1 0 0 0 0 0 1 0 0 1 0 1 1 0 0 0
 1 0 0 0 0 0 1 0 0 1 0 -65.75872022286245 1 0.0625
1 0 0 0 0 1 0 0 0 0 1 0 0 0 0 1 0 0 0 1 0 1 0 0 1 0 1 0 0 0 1 0 0 0 0 1 0
 1 0 0 0 0 1 0 1 0 0 0 -73.75872022286245 1 0.08333333333333333
1 0 0 0 0 1 0 0 0 0 1 0 0 0 0 1 0 1 0 0 0 0 0 1 0 0 1 0 1 0 0 0 1 1 0 0 0
 1 0 0 0 0 1 0 0 0 0 1 -75.75872022286245 1 0.0625
1 0 0 0 0 1 0 0 0 0 1 0 0 0 0 1 1 0 0 0 0 1 0 0 0 0 0 1 0 0 1 1 1 0 0 1 0
 1 0 0 0 0 0 1 0 0 1 0 -72.92099788303084 1 0.08333333333333333
1 0 0 0 0 1 0 0 0 0 0 1 0 0 1 0 1 1 0 0 0 1 0 0 0 0 0 1 0 0 1 0 1 0 0 1 0
 1 0 0 0 0 0 1 0 0 1 0 -72.92099788303084 1 0.020833333333333332
1 1 0 0 0 0 0 0 0 0 1 0 0 0 0 1 0 0 0 0 0 1 0 0 0 0 1 0 0 0 0 1 1 0 0 0 0
 0 0 1 0 0 1 0 0 1 0 1 -67.59644256269408 1 0.08333333333333333
1 0 0 0 0 1 0 0 0 0 1 0 0 0 0 1 1 0 0 0 0 1 0 0 0 0 0 1 0 0 0 1 1 1 0 0 0
 1 0 0 0 0 0 1 0 0 1 0 -72.75872022286245 1 0.08333333333333333
1 0 0 0 0 1 0 0 0 0 1 0 0 0 0 1 1 0 0 0 0 1 1 0 1 0 0 0 0 0 0 1 1 1 0 0 0
 1 0 0 1 0 0 0 0 0 0 1 -71.92099788303084 1 0.041666666666666664
1 0 0 0 0 1 0 0 0 0 1 0 0 0 0 1 1 0 0 0 0 1 0 0 0 0 0 1 0 0 1 1 1 0 0 0 0
 1 0 0 0 0 0 1 0 0 1 0 -79.75872022286245 1 0.08333333333333333
0 0 0 1 0 1 0 0 0 0 1 0 1 0 0 0 0 0 0 1 0 1 0 0 0 0 1 0 1 0 0 0 0 0 0 1 0
 1 0 0 0 0 1 0 1 0 0 0 -86.59644256269407 1 0.08333333333333333
1 0 0 0 0 1 0 0 0 0 1 0 0 0 1 1 1 0 0 0 0 1 0 0 0 0 0 1 0 0 1 0 1 1 0 0 0
 1 0 0 0 0 0 0 0 0 1 1 -69.92099788303084 1 0.0625
1 0 0 0 0 1 0 0 0 0 1 0 0 0 1 1 1 0 0 0 0 1 0 0 0 0 0 1 0 0 1 0 1 1 0 0 0
 1 0 0 0 0 0 1 0 0 0 1 -67.92099788303084 1 0.08333333333333333
1 1 0 0 0 0 0 0 0 0 1 0 0 0 0 1 1 1 0 0 0 1 0 0 0 0 1 0 0 0 0 1 1 1 0 0 0
 1 0 0 0 0 1 0 0 0 0 1 -79.92099788303084 1 0.08333333333333333
1 0 0 0 0 1 0 0 0 0 1 0 0 0 0 1 0 0 0 1 0 1 0 0 0 0 0 0 0 0 1 0 1 1 0 0 0
 1 0 0 0 0 1 0 0 0 0 1 -70.59644256269408 1 0.08333333333333333
1 0 0 0 0 1 0 0 0 0 0 1 0 0 1 0 1 0 0 0 0 1 0 0 0 0 0 1 0 0 1 0 1 1 0 0 0
 1 0 0 0 0 0 1 1 0 1 0 -72.92099788303084 1 0.041666666666666664
1 0 0 0 0 1 0 0 0 0 1 0 0 0 0 1 1 0 0 0 0 1 0 1 0 0 1 0 0 0 1 0 1 0 0 0 0
 1 0 0 0 0 1 0 0 0 0 1 -85.75872022286245 1 0.08333333333333333
1 0 0 0 0 1 0 0 0 0 1 0 0 0 0 1 1 0 0 1 0 1 0 0 0 0 1 0 0 1 0 0 1 1 0 0 0
 1 0 0 0 0 1 0 0 1 0 1 -69.0832755431992 1 0.0625
1 0 0 0 0 1 0 0 0 0 1 0 0 0 0 1 0 0 0 0 0 1 0 0 0 0 1 1 1 0 0 0 1 0 0 0 0
 1 0 0 0 0 1 1 1 0 0 0 -74.75872022286245 1 0.08333333333333333
1 0 0 0 0 1 0 0 0 0 1 0 0 0 1 1 0 0 0 1 0 1 0 0 0 0 1 0 0 0 1 0 0 0 0 1 0
 1 0 0 0 0 1 0 1 0 0 0 -70.75872022286245 1 0.0625
0 0 0 1 0 1 0 0 0 0 1 0 1 0 0 0 0 0 0 1 0 1 0 0 0 0 1 0 1 0 0 0 0 0 0 1 0
 1 0 0 0 0 1 0 1 0 0 0 -86.59644256269407 1 0.0625
1 1 0 0 0 1 0 0 0 0 1 0 0 0 0 1 1 0 0 0 0 1 0 0 0 0 0 1 0 0 1 0 1 0 0 1 0
 1 0 0 0 0 0 1 0 0 1 0 -68.92099788303084 1 0.10416666666666667
1 0 0 0 0 1 0 0 0 0 1 0 0 0 0 1 1 0 0 0 0 1 0 0 0 0 0 0 0 0 1 1 1 0 0 0 0
 1 0 0 0 0 1 0 0 0 0 1 -87.59644256269408 1 0.041666666666666664
1 0 0 0 0 1 0 0 0 0 1 0 0 0 0 1 1 0 0 0 0 1 0 0 0 0 1 1 0 0 0 0 0 0 0 1 0
 1 0 0 0 0 1 0 1 0 0 0 -77.59644256269408 1 0.020833333333333332
1 1 0 0 0 1 0 0 0 0 1 0 0 0 0 1 1 0 0 0 0 1 0 0 0 0 1 0 0 0 1 0 1 0 0 0 0
 1 0 0 0 0 0 1 0 0 1 0 -72.75872022286245 1 0.0625
1 0 0 0 0 1 0 0 0 0 1 0 0 0 0 1 0 0 0 0 0 1 0 1 0 0 1 0 1 0 0 0 1 1 0 0 0
 1 0 1 0 0 1 0 1 0 0 0 -67.92099788303084 1 0.10416666666666667
1 0 0 0 0 1 0 0 0 0 0 1 0 0 1 0 1 0 0 0 0 1 0 0 0 0 0 1 0 0 1 0 1 0 0 0 0
 1 1 0 0 0 0 1 0 0 1 0 -79.75872022286245 1 0.020833333333333332
0 1 0 0 1 0 0 0 0 0 1 0 0 0 0 1 0 1 0 0 0 0 0 0 0 0 1 0 0 0 0 1 1 1 0 0 0
 1 0 0 0 0 1 0 0 0 0 1 -74.59644256269407 1 0.0625
1 0 0 0 0 1 0 0 0 0 0 1 0 0 0 1 1 0 0 0 0 1 0 0 0 0 0 1 0 0 1 0 1 1 0 0 0
 1 0 0 0 0 0 1 0 0 0 1 -69.75872022286245 1 0.0625
1 0 0 1 0 1 0 0 0 0 1 0 0 0 0 1 1 0 0 1 0 1 0 0 0 0 1 0 0 1 0 0 1 0 0 1 0
 1 0 0 0 0 1 0 0 1 0 0 -76.0832755431992 1 0.0
1 1 0 0 0 1 0 0 0 0 1 0 0 0 0 1 0 0 0 0 0 1 0 1 0 0 1 0 0 0 0 0 1 1 0 0 0
 1 0 0 0 0 1 0 0 0 0 1 -66.75872022286245 1 0.125
1 0 0 0 0 1 0 0 0 0 1 0 0 0 0 1 1 0 0 0 0 1 0 0 1 1 0 0 0 0 1 0 1 0 0 0 0
 1 0 0 0 0 1 0 0 0 0 1 -74.75872022286245 1 0.0625
0 0 1 0 0 1 0 0 0 0 0 1 1 0 0 0 0 0 0 0 0 1 0 0 0 0 1 1 1 0 0 0 1 0 0 0 0
 1 0 0 0 0 1 0 1 0 0 1 -68.75872022286245 1 0.10416666666666667
0 0 0 0 0 1 0 0 0 0 1 1 1 0 0 0 0 0 0 0 0 1 0 0 0 0 1 1 1 0 0 0 1 1 0 0 0
 1 0 0 0 0 1 1 1 0 0 0 -64.92099788303084 1 0.0625
1 1 0 0 0 1 0 0 0 0 1 0 0 0 0 1 1 0 0 1 0 1 0 0 0 0 1 0 0 0 1 0 1 0 0 0 0
 1 0 0 0 0 1 0 0 1 0 1 -72.08327554319922 1 0.041666666666666664
1 0 0 0 0 1 0 0 0 0 1 0 0 0 0 1 0 0 0 0 0 1 1 0 1 0 0 0 0 0 1 0 1 1 0 0 0
 1 0 0 0 0 1 0 0 0 0 1 -63.75872022286246 1 0.08333333333333333
0 1 0 0 1 0 0 0 0 0 1 0 0 1 0 1 0 1 0 0 1 0 0 0 0 0 1 0 0 0 0 1 0 0 0 1 1
 0 0 0 0 0 1 0 0 1 0 0 -71.75872022286245 1 0.020833333333333332
1 0 0 0 0 1 0 0 0 0 1 1 0 0 0 1 0 0 0 0 0 1 0 0 0 0 0 1 0 0 1 1 1 1 0 0 0
 1 0 0 0 0 0 1 0 0 1 0 -60.920997883030836 1 0.08333333333333333
1 0 0 0 0 1 0 0 0 0 1 0 0 0 0 1 0 0 1 0 0 1 0 0 0 0 0 1 1 0 0 0 1 1 0 0 0
 1 0 0 0 0 1 0 0 0 0 1 -73.75872022286245 1 0.0625
1 1 0 0 0 0 0 0 0 0 1 0 0 0 0 1 0 1 0 0 0 0 1 0 1 0 0 0 0 0 0 1 1 0 0 0 0
 1 0 0 0 0 1 0 0 0 0 1 -73.59644256269407 1 0.020833333333333332
0 0 0 1 0 1 0 0 1 0 0 0 0 0 1 0 1 0 0 0 0 1 0 0 0 0 0 1 0 0 1 0 1 1 0 0 0
 1 0 0 0 0 0 1 0 0 1 0 -69.75872022286245 1 0.0625
1 1 0 0 0 1 0 0 0 0 1 0 0 0 0 1 1 0 0 0 0 1 0 0 0 0 0 1 0 0 1 1 1 1 0 0 0
 1 0 0 0 0 0 1 0 0 1 0 -68.0832755431992 1 0.08333333333333333
0 1 0 1 0 1 0 0 0 0 1 0 1 0 0 0 0 1 0 1 0 1 0 0 0 0 1 0 1 0 0 0 0 0 0 1 0
 1 0 0 0 0 1 0 1 0 0 0 -74.92099788303082 1 0.0
1 0 0 0 0 1 0 0 0 0 1 1 1 0 0 0 1 0 0 0 0 1 0 0 0 0 0 1 0 0 1 0 1 0 0 0 0
 1 0 0 0 0 0 1 1 0 1 0 -72.92099788303084 1 0.041666666666666664
1 0 0 0 0 1 0 0 0 0 1 0 0 0 0 1 1 0 0 0 0 1 1 0 0 0 0 1 0 0 0 1 1 1 0 0 0
 1 0 0 0 0 0 1 0 0 1 0 -70.92099788303084 1 0.08333333333333333
1 0 0 0 0 1 0 0 0 0 1 0 0 0 0 1 1 0 0 0 0 1 0 0 0 0 0 1 0 0 1 1 1 0 0 0 0
 1 0 0 0 0 0 1 0 0 1 0 -79.75872022286245 1 0.0625
0 0 0 1 0 1 0 0 0 0 1 0 1 0 0 0 1 0 0 0 0 1 0 0 0 0 0 1 0 0 1 0 0 0 0 1 0
 1 0 0 0 0 1 0 1 0 0 0 -74.59644256269407 1 0.0
1 0 0 0 0 1 0 0 0 0 1 0 0 0 0 1 0 0 0 0 0 0 1 0 0 0 1 0 1 0 0 0 1 1 0 0 0
 1 0 0 0 0 1 0 0 0 0 1 -65.59644256269408 1 0.10416666666666667
0 0 0 0 0 1 0 0 0 0 0 1 1 0 1 0 0 0 0 0 0 1 0 0 0 0 0 1 0 0 1 0 1 1 0 0 0
 1 0 0 0 0 0 1 0 0 1 0 -61.59644256269407 1 0.041666666666666664
1 1 0 0 0 1 0 0 0 0 1 0 0 0 0 1 1 1 0 0 0 0 0 0 0 0 1 0 0 0 0 1 1 1 0 0 0
 1 0 0 0 0 1 0 0 0 0 1 -79.92099788303084 1 0.10416666666666667
1 1 0 0 0 1 0 0 0 0 1 0 0 0 1 0 1 0 0 0 0 1 0 0 0 0 0 1 0 0 1 0 1 1 0 0 0
 1 0 0 0 0 0 1 0 0 1 0 -67.92099788303084 1 0.041666666666666664
1 0 0 0 0 1 0 0 0 0 1 0 0 0 0 1 0 0 0 0 0 1 0 0 0 0 1 0 0 0 0 0 0 1 0 0 1
 0 0 0 0 0 1 0 0 0 0 1 -70.27188724235731 1 0.041666666666666664
1 0 0 0 0 1 0 0 0 0 1 0 0 0 0 1 0 0 0 0 0 1 0 0 0 0 1 0 0 0 1 0 1 1 0 0 0
 1 0 0 0 0 1 0 1 0 0 1 -64.75872022286245 1 0.20833333333333334
1 0 0 0 0 1 0 0 0 0 0 1 0 0 0 1 1 0 0 0 0 1 0 0 0 0 1 0 0 0 1 0 1 1 0 0 0
 1 0 0 0 0 0 1 0 0 1 0 -65.75872022286245 1 0.10416666666666667
1 0 0 0 0 1 0 0 0 0 1 0 0 0 0 1 0 0 0 0 0 1 0 0 1 0 0 0 0 0 1 0 1 0 0 0 0
 1 0 0 0 0 1 0 1 0 0 0 -68.4341649025257 1 0.08333333333333333
1 0 0 0 0 1 0 0 0 0 0 1 0 0 1 0 1 0 0 0 0 1 0 0 0 0 0 1 0 0 1 0 1 0 0 0 0
 1 0 0 0 0 0 1 0 0 1 0 -86.59644256269407 1 0.020833333333333332
1 0 0 0 0 1 0 0 0 0 0 1 0 0 1 0 1 0 0 0 0 1 0 0 0 0 0 1 0 0 1 0 1 0 0 0 0
 1 0 0 0 0 0 1 0 0 1 0 -86.59644256269407 1 0.041666666666666664
1 1 0 0 0 1 0 0 0 0 1 0 0 0 0 1 1 0 0 0 0 1 0 0 0 0 1 1 0 0 1 0 1 0 0 0 0
 1 0 0 0 0 0 1 0 0 1 0 -72.92099788303084 1 0.10416666666666667
1 0 0 0 0 1 0 0 0 0 1 0 0 0 0 1 1 0 0 0 0 1 0 0 0 0 0 1 0 0 1 0 1 1 0 0 0
 1 0 0 0 0 1 0 0 0 0 1 -79.75872022286245 1 0.10416666666666667
1 0 0 0 0 1 0 0 0 0 1 1 0 0 0 1 1 1 0 0 0 1 0 0 0 0 0 1 0 0 1 0 1 1 0 0 0
 1 0 0 0 0 1 0 0 0 0 1 -70.0832755431992 1 0.08333333333333333
1 0 0 0 0 1 0 0 0 0 1 0 0 0 0 1 1 0 0 0 0 1 0 0 0 0 1 1 0 1 0 1 1 0 0 0 0
 1 1 0 0 0 1 0 0 1 0 1 -73.24555320336759 1 0.0
1 0 0 0 0 1 0 0 0 0 1 0 0 0 0 1 1 1 0 0 0 1 0 0 0 0 1 1 0 0 1 0 1 1 0 0 0
 1 0 0 0 0 0 1 0 0 1 0 -68.08327554319922 2 0.08333333333333333
0 0 1 0 0 1 0 0 0 0 0 1 1 0 0 0 0 0 1 0 0 1 0 0 0 0 0 1 1 0 0 0 1 1 0 0 0
 1 1 0 0 0 0 1 1 0 0 0 -64.92099788303082 1 0.0625
0 0 0 0 0 1 0 0 0 0 1 0 1 0 0 1 0 1 0 0 0 1 0 0 0 0 1 0 1 0 0 1 0 0 0 0 0
 1 0 0 0 0 1 0 1 0 0 1 -75.75872022286245 1 0.020833333333333332
1 0 0 0 0 1 0 0 0 0 0 1 0 0 1 0 0 0 0 0 0 1 0 0 0 0 0 1 0 0 1 0 1 1 0 0 0
 1 0 0 0 0 1 1 1 0 0 0 -61.75872022286246 1 0.0625
1 1 0 0 0 1 0 0 0 0 1 0 0 0 0 1 1 1 0 0 0 0 0 0 0 0 1 0 0 0 0 1 1 0 0 0 0
 1 0 0 0 0 1 0 0 1 0 1 -75.92099788303084 1 0.0625
1 1 0 0 0 1 0 0 0 0 1 0 0 0 0 1 1 1 0 0 0 0 0 0 0 0 1 0 0 1 0 1 0 1 0 0 0
 1 0 0 1 0 1 0 0 0 0 1 -67.0832755431992 1 0.08333333333333333
1 0 0 0 0 1 0 0 0 0 1 0 0 0 0 1 0 1 0 0 0 1 0 0 1 0 1 0 0 0 0 1 0 1 0 0 0
 1 0 0 1 0 1 0 0 0 0 1 -78.92099788303084 1 0.041666666666666664
1 0 0 0 0 1 0 0 0 0 0 1 0 0 1 0 1 1 0 0 0 0 0 0 0 0 0 1 0 0 1 0 1 1 0 0 0
 1 0 0 0 0 0 1 0 0 1 0 -70.75872022286245 1 0.08333333333333333
1 0 0 0 0 1 0 0 0 0 1 0 0 0 0 1 0 0 0 0 0 1 0 1 1 0 0 0 0 0 1 0 1 0 0 0 0
 1 0 1 0 0 1 0 1 0 0 0 -66.75872022286245 1 0.10416666666666667
0 1 0 0 0 1 0 0 0 0 1 0 1 0 0 1 0 1 0 0 0 0 0 1 0 0 1 0 1 0 0 0 0 1 0 0 0
 0 0 1 0 0 1 0 1 0 0 0 -73.75872022286245 1 0.020833333333333332
1 1 0 0 0 1 0 0 0 0 0 1 0 0 1 1 1 0 0 0 0 1 0 0 0 0 1 0 0 0 1 1 1 0 0 0 0
 1 0 0 0 0 0 1 0 0 1 0 -70.08327554319922 1 0.041666666666666664
0 0 0 1 0 1 0 0 1 0 0 0 0 0 1 0 0 0 0 1 0 1 0 0 0 0 1 0 0 0 1 0 0 0 0 1 0
 1 0 0 1 0 0 0 0 0 1 0 -73.59644256269407 1 0.0625
1 1 0 0 0 1 0 0 0 0 1 0 0 0 0 1 0 0 0 1 0 1 0 0 1 0 0 0 0 0 1 0 0 0 0 1 0
 1 0 0 0 0 1 0 1 0 0 0 -67.75872022286245 1 0.08333333333333333
0 1 0 0 0 0 0 0 0 0 1 0 1 0 0 1 0 1 0 0 1 0 0 0 0 0 1 0 0 0 0 1 0 1 0 1 1
 0 0 0 0 0 1 0 0 0 0 1 -70.75872022286245 1 0.020833333333333332
1 1 0 0 0 1 0 0 0 0 1 0 0 0 0 1 1 0 0 0 0 1 0 0 0 0 0 1 0 1 1 0 1 0 0 0 0
 1 0 0 0 0 0 1 0 0 1 0 -68.92099788303084 1 0.0625
1 0 0 0 0 1 0 0 0 0 1 0 0 0 0 1 0 1 0 0 0 0 1 0 0 0 0 1 1 0 0 0 1 0 0 0 0
 1 0 0 0 0 1 0 0 0 0 1 -74.59644256269408 1 0.0625
1 1 0 0 0 1 0 0 0 0 1 0 0 0 0 1 1 0 0 0 0 1 0 0 0 0 1 0 0 0 1 0 1 1 0 0 0
 1 0 0 0 0 0 1 0 0 1 0 -67.92099788303084 1 0.041666666666666664
1 0 0 0 0 1 0 0 0 0 1 0 0 0 0 1 0 0 0 0 0 1 1 0 0 0 0 1 1 0 0 0 1 0 0 0 0
 1 0 0 0 0 0 1 0 0 1 0 -69.59644256269408 1 0.0625
0 1 0 0 0 1 0 0 0 0 0 1 1 0 0 0 0 1 0 0 0 1 0 0 0 0 1 1 1 0 0 0 1 0 0 0 0
 1 0 0 0 0 1 1 1 0 0 0 -65.92099788303082 1 0.041666666666666664
0 1 0 0 0 1 0 0 0 0 1 0 1 0 0 1 0 0 0 0 0 1 0 0 0 0 1 0 1 0 0 0 1 1 0 0 0
 1 0 1 0 0 1 0 1 0 0 0 -62.920997883030836 1 0.0625
0 0 0 0 0 1 0 0 0 0 1 1 1 0 0 0 0 0 0 0 0 1 0 0 0 0 1 1 1 0 0 1 1 0 0 0 0
 1 0 0 0 0 1 1 1 0 0 0 -66.92099788303084 1 0.0625
0 1 0 0 0 1 0 0 0 0 1 1 1 0 0 0 0 0 0 0 0 1 0 0 0 0 1 1 1 0 0 0 1 1 0 0 0
 1 0 0 0 0 1 1 1 0 0 0 -65.0832755431992 1 0.08333333333333333
0 0 0 1 0 1 0 0 0 0 1 0 1 0 0 0 0 0 0 1 0 1 0 0 1 0 1 0 0 0 1 0 0 0 0 1 0
 1 0 0 1 0 1 0 1 0 0 0 -70.92099788303084 1 0.041666666666666664
1 1 0 0 0 1 0 0 0 0 1 0 1 0 0 1 0 1 0 0 0 1 0 0 0 0 1 0 1 0 0 0 1 1 0 0 0
 1 0 0 0 0 1 0 0 0 0 1 -69.08327554319922 1 0.10416666666666667
0 1 0 0 0 1 0 0 0 0 1 0 0 0 0 1 0 1 0 0 0 1 0 0 0 0 1 0 1 0 0 0 1 1 0 0 0
 1 0 0 0 0 1 0 1 0 0 1 -66.92099788303084 1 0.041666666666666664
0 1 0 0 0 1 0 0 0 0 1 0 1 0 0 1 0 1 0 0 0 1 0 0 0 0 1 0 1 0 0 1 0 1 0 0 0
 1 1 0 0 0 1 0 1 0 0 1 -71.24555320336759 1 0.0
0 0 0 1 0 1 1 0 1 0 0 0 0 0 0 1 0 0 0 1 0 1 1 0 1 0 0 0 0 0 0 1 0 0 0 1 0
 1 0 0 1 0 0 0 0 0 0 1 -69.92099788303084 1 0.020833333333333332
1 0 0 0 0 1 0 0 0 0 1 0 0 0 0 1 0 1 0 0 0 0 1 0 1 0 0 0 0 0 0 1 1 1 0 0 0
 1 0 0 0 0 1 0 0 0 0 1 -75.75872022286245 1 0.0625
0 0 1 0 0 1 0 0 0 0 0 1 1 0 0 0 0 0 1 0 0 1 0 0 0 0 0 1 1 0 0 0 1 0 0 1 0
 1 1 0 0 0 0 1 1 0 0 0 -64.92099788303082 1 0.08333333333333333
1 0 0 1 0 1 0 0 0 0 1 0 0 0 0 1 0 0 0 1 0 1 0 0 1 0 1 0 0 0 1 0 0 0 0 1 0
 1 0 0 0 0 1 0 1 0 0 0 -70.92099788303084 1 0.041666666666666664
1 0 0 0 0 1 1 0 0 0 1 0 0 0 0 1 0 0 0 0 0 1 1 0 0 0 0 1 0 0 0 1 1 0 0 0 0
 1 0 0 0 0 0 1 0 0 0 1 -64.75872022286245 1 0.0625
0 0 1 0 0 1 0 0 0 0 0 1 1 0 0 0 0 0 0 0 0 0 1 0 0 0 0 1 1 0 0 0 1 0 0 0 0
 1 0 0 0 0 0 1 1 0 0 0 -62.434164902525694 1 0.10416666666666667
1 0 0 0 0 1 0 0 0 0 1 0 0 0 0 1 1 0 0 0 0 1 0 0 0 0 1 0 1 0 0 0 1 1 0 0 0
 1 0 0 0 0 0 1 1 0 0 0 -67.75872022286245 1 0.08333333333333333
0 1 0 0 1 0 0 0 0 0 1 0 0 0 0 1 1 0 0 0 0 1 0 0 0 0 1 0 0 0 0 1 0 0 0 1 1
 1 0 0 0 0 1 0 1 0 0 0 -71.75872022286245 1 0.020833333333333332
1 0 0 0 0 1 0 0 0 0 1 0 0 0 0 1 1 1 0 0 0 0 0 0 0 0 0 1 0 0 1 0 1 0 0 0 0
 1 0 0 0 0 0 0 0 0 1 1 -68.59644256269408 1 0.0625
0 0 1 0 0 1 0 0 0 0 0 1 1 0 0 0 0 0 0 1 0 1 0 0 0 0 1 0 1 0 0 0 1 1 0 0 0
 1 0 0 0 0 0 1 0 0 1 0 -63.75872022286246 1 0.0625
1 0 0 0 0 1 0 0 0 0 0 1 0 0 1 0 1 0 0 0 0 1 0 0 0 0 0 0 0 0 1 1 1 0 0 0 0
 1 0 0 0 0 0 1 0 0 1 0 -79.59644256269407 1 0.0625
0 0 0 1 0 1 0 0 0 0 1 0 1 0 0 0 0 0 0 0 0 1 0 0 0 0 0 1 1 0 1 0 1 1 0 0 0
 1 0 0 0 0 1 1 1 0 0 0 -59.920997883030836 1 0.08333333333333333
1 1 0 0 0 1 0 0 0 0 1 0 0 0 0 1 1 0 0 0 0 1 0 0 1 0 1 0 0 0 1 0 1 0 0 0 0
 1 0 0 0 0 0 1 0 0 1 0 -65.92099788303084 1 0.10416666666666667
1 0 0 0 0 1 0 0 0 0 1 1 0 0 0 1 1 0 0 0 0 1 0 0 1 0 0 1 0 0 1 0 1 1 0 0 0
 1 0 0 0 0 0 1 0 0 1 0 -66.08327554319922 1 0.0625
1 1 0 0 0 1 0 0 0 0 0 1 0 0 1 0 1 0 0 0 0 1 0 0 0 0 0 1 0 0 0 1 1 0 1 0 0
 1 0 0 0 0 0 1 0 0 0 1 -67.92099788303084 1 0.020833333333333332
0 1 0 0 0 0 1 0 0 0 0 1 1 0 0 0 0 1 0 0 0 0 1 0 0 0 0 1 1 0 0 0 1 1 0 0 0
 1 0 0 0 0 0 1 1 0 0 0 -62.75872022286245 1 0.08333333333333333
0 0 1 0 0 1 0 0 0 0 0 1 1 0 0 0 0 0 0 0 0 1 0 0 0 0 0 1 1 0 0 0 1 0 0 1 0
 1 0 0 0 0 0 1 1 0 0 0 -61.59644256269407 1 0.10416666666666667
0 1 0 0 0 1 0 0 0 0 1 0 0 0 0 1 0 0 0 0 0 1 0 0 0 0 1 0 1 0 0 0 0 0 0 1 0
 1 0 0 0 0 1 0 1 0 0 0 -70.4341649025257 1 0.020833333333333332
0 1 0 0 0 0 0 0 0 0 1 0 0 0 1 1 0 1 0 0 0 0 0 1 0 0 1 0 1 0 0 0 0 1 0 0 1
 0 0 0 0 0 1 0 0 0 0 1 -64.59644256269407 1 0.0625
1 1 0 0 0 1 0 0 0 0 1 0 0 0 0 1 0 1 0 0 0 0 0 1 0 0 1 0 1 0 0 0 0 1 1 0 0
 0 0 1 0 0 1 0 1 0 0 0 -64.92099788303084 1 0.041666666666666664
0 0 1 0 0 1 0 0 0 0 0 1 1 0 0 0 0 0 0 0 0 1 0 0 1 0 0 1 0 0 1 0 1 0 0 0 0
 1 0 0 0 0 0 1 1 0 0 0 -62.59644256269407 1 0.08333333333333333
0 0 0 1 0 1 0 0 0 0 1 0 1 0 0 0 0 0 0 0 0 1 0 0 0 0 0 1 1 0 0 0 1 1 0 0 0
 1 0 0 0 0 0 1 0 0 1 0 -60.59644256269407 1 0.0625
1 0 0 0 0 1 0 0 0 0 1 0 0 0 0 1 0 1 0 0 0 0 1 0 1 0 0 0 0 0 0 1 1 0 0 0 0
 1 0 0 0 0 0 1 0 0 1 0 -70.59644256269408 1 0.0625
1 1 0 0 0 1 0 0 0 0 1 0 0 0 0 1 1 1 0 0 0 0 1 0 0 0 0 1 0 0 0 1 1 0 0 0 0
 1 1 0 0 0 0 0 0 0 0 1 -67.92099788303084 1 0.020833333333333332
1 0 0 0 0 1 0 0 0 0 1 1 1 0 0 1 1 0 0 0 0 1 0 0 0 0 0 1 1 0 0 0 1 1 0 0 0
 1 0 0 0 0 1 1 0 0 0 1 -62.2455532033676 1 0.08333333333333333
0 0 1 0 0 1 0 0 0 0 0 1 1 0 0 0 0 1 0 0 0 0 1 0 0 0 0 1 1 0 0 0 1 0 0 0 0
 1 0 0 0 0 0 1 1 0 0 0 -65.59644256269407 1 0.0625
0 0 1 0 0 1 0 0 0 0 0 1 1 0 0 0 0 0 0 0 0 1 0 0 0 0 0 1 1 0 1 0 1 1 0 0 0
 1 1 0 0 0 0 1 1 0 0 0 -57.92099788303083 1 0.08333333333333333
0 1 0 0 0 0 0 0 0 0 1 0 1 0 0 1 0 1 0 0 0 0 1 0 0 0 1 0 1 0 0 1 0 0 0 1 0
 1 0 0 0 0 1 0 1 0 0 0 -66.75872022286245 1 0.020833333333333332
1 0 0 0 0 1 1 0 1 0 0 0 0 0 0 1 1 0 0 0 0 1 1 0 0 0 0 0 0 0 0 1 1 0 0 0 0
 0 1 0 0 0 0 1 0 1 0 0 -68.75872022286245 1 0.041666666666666664
0 0 0 1 0 1 0 0 1 0 0 0 0 0 1 0 0 0 0 1 0 1 0 0 1 0 0 0 0 0 1 0 0 0 0 1 0
 1 0 0 1 0 0 0 1 0 0 0 -71.59644256269407 1 0.041666666666666664
1 0 0 0 0 1 0 0 0 0 0 1 0 0 0 1 0 1 0 0 0 1 0 0 0 0 1 1 1 0 0 0 1 1 0 0 0
 1 0 0 0 0 1 1 1 0 0 0 -61.083275543199214 1 0.08333333333333333
1 0 0 0 0 1 0 0 0 0 1 0 0 0 0 1 1 1 0 0 0 0 1 0 0 0 0 1 0 0 1 0 1 0 0 0 0
 1 0 0 0 0 0 1 1 0 1 0 -62.92099788303084 1 0.0625
0 1 0 0 0 0 0 1 0 0 1 0 1 0 0 0 0 1 0 0 0 0 0 1 0 1 0 0 1 0 0 0 0 1 0 0 0
 0 0 1 0 0 1 0 1 0 0 0 -69.59644256269407 1 0.041666666666666664
1 1 0 0 0 1 0 0 0 0 1 0 0 0 0 1 0 1 0 0 0 1 0 0 1 0 0 0 0 0 1 1 0 0 1 0 0
 1 0 0 1 0 0 0 0 0 0 1 -68.92099788303084 1 0.0625
1 1 0 0 0 1 0 0 0 0 1 0 0 0 0 1 1 0 0 0 0 0 0 0 0 0 1 1 0 1 0 0 1 0 0 0 0
 1 0 0 0 0 0 1 0 0 1 0 -66.75872022286245 1 0.10416666666666667
0 1 0 0 0 1 1 0 0 0 0 1 1 0 0 0 0 1 0 0 0 0 1 0 0 0 0 1 1 0 0 0 0 1 0 0 0
 1 0 0 0 0 0 1 1 0 0 0 -64.75872022286245 1 0.020833333333333332
1 1 0 0 0 1 0 0 0 0 1 0 0 0 0 1 0 1 0 0 1 0 0 0 0 0 1 0 0 0 0 1 0 1 0 0 1
 0 0 0 0 0 1 0 0 0 0 1 -79.75872022286245 1 0.0625
0 1 0 1 0 1 0 0 0 0 1 0 1 0 0 0 1 1 0 1 0 0 0 0 0 0 1 0 0 0 0 1 0 0 0 1 0
 1 0 0 0 0 1 0 1 0 0 0 -58.92099788303084 1 0.041666666666666664
0 0 0 0 0 1 0 0 0 0 1 1 1 0 0 0 0 1 0 0 0 0 1 0 0 0 0 1 1 0 0 0 1 0 0 0 0
 1 0 0 0 0 0 1 1 0 0 0 -62.59644256269407 1 0.041666666666666664
0 1 0 0 0 0 1 0 0 0 0 1 1 0 0 0 0 1 0 0 0 0 1 0 0 0 0 1 1 0 0 0 1 0 0 0 0
 1 1 0 0 0 0 1 1 0 0 0 -67.75872022286245 1 0.0625
0 0 1 0 0 1 0 0 0 0 0 1 1 0 0 0 1 0 0 0 0 0 0 0 0 0 1 1 0 1 0 0 1 0 0 0 0
 1 0 0 0 0 0 1 1 0 1 0 -60.75872022286246 1 0.08333333333333333
0 0 0 0 0 1 1 0 0 0 0 1 1 0 0 0 0 1 0 0 0 0 1 0 0 0 0 1 1 0 0 0 0 1 0 0 0
 0 0 0 0 0 0 1 1 0 0 0 -60.434164902525694 1 0.10416666666666667
0 0 1 0 0 1 0 0 0 0 0 1 1 0 0 0 0 0 1 0 0 1 0 0 0 0 0 1 0 0 1 0 1 1 0 0 0
 1 0 0 0 0 0 1 1 0 0 0 -57.75872022286246 1 0.08333333333333333
0 0 1 0 0 1 0 0 0 0 0 1 1 0 0 0 1 0 0 0 0 0 1 0 0 0 0 1 1 0 0 0 1 0 0 1 0
 1 0 0 0 0 0 1 1 0 0 0 -57.75872022286246 1 0.08333333333333333
1 0 0 0 0 1 0 0 0 0 1 0 0 0 0 1 1 0 0 0 0 0 1 0 0 0 1 0 0 0 0 0 1 1 0 0 0
 1 1 0 0 0 0 1 1 0 0 0 -56.75872022286246 1 0.08333333333333333
0 1 0 0 0 1 0 0 0 0 1 0 0 0 0 1 0 1 0 0 0 1 0 0 0 0 0 1 0 0 1 0 1 0 0 0 0
 1 0 0 0 0 1 0 1 0 0 0 -59.59644256269407 1 0.08333333333333333
0 0 1 0 0 1 0 0 0 0 0 1 1 0 0 0 0 1 0 0 0 0 1 0 0 0 0 1 1 0 0 0 1 1 0 0 0
 1 0 0 0 0 0 1 1 0 0 0 -60.75872022286246 1 0.10416666666666667
0 0 1 0 0 1 0 0 0 0 0 1 1 0 0 0 0 1 0 0 0 0 1 0 0 0 1 1 1 0 0 0 1 1 0 0 0
 1 0 0 0 0 0 1 1 0 0 0 -55.92099788303083 1 0.10416666666666667
0 1 0 0 0 1 0 0 0 0 1 0 1 0 0 1 0 1 0 0 0 0 1 0 0 0 0 1 1 0 0 0 1 1 0 0 0
 1 0 0 0 0 1 0 1 0 0 1 -62.083275543199214 1 0.0625
1 0 0 0 0 1 0 0 0 0 1 0 0 0 0 1 0 1 0 0 0 1 0 0 0 0 1 1 1 0 0 0 1 1 0 0 0
 1 0 0 0 0 0 1 1 0 0 1 -61.0832755431992 1 0.0625
1 1 0 0 0 1 0 0 0 0 1 0 0 0 0 1 0 1 0 0 0 0 0 1 1 0 1 0 0 0 1 0 1 0 0 0 0
 1 0 1 0 0 1 0 1 0 0 0 -60.08327554319921 1 0.08333333333333333
0 1 0 0 0 1 1 0 0 0 0 1 1 0 0 0 0 1 0 0 0 1 1 0 0 0 0 1 1 0 0 0 1 1 0 0 0
 1 0 0 0 0 0 1 0 0 1 0 -60.08327554319921 1 0.041666666666666664
1 0 0 0 0 1 0 0 0 0 1 0 0 0 0 1 0 1 0 0 0 0 1 0 0 0 0 1 1 0 0 0 1 1 0 0 0
 1 0 0 0 0 0 1 1 0 0 0 -60.75872022286246 1 0.10416666666666667
1 0 0 0 0 1 0 0 0 0 1 0 1 0 0 1 0 0 0 0 0 0 1 0 0 1 0 0 1 0 0 1 1 1 0 0 0
 1 0 0 0 0 0 1 1 0 0 0 -52.92099788303084 1 0.08333333333333333
0 1 0 0 0 0 1 0 0 0 0 1 1 0 0 0 0 1 0 0 0 0 1 0 0 0 1 0 1 0 0 1 1 0 0 1 0
 1 0 0 0 0 0 1 1 0 0 0 -51.92099788303083 1 0.08333333333333333
1 1 0 0 0 1 0 0 0 0 1 0 0 0 0 1 0 1 0 0 0 1 0 0 1 0 0 0 0 0 1 0 0 1 0 0 0
 1 0 0 1 0 1 0 0 0 0 1 -65.92099788303084 1 0.14583333333333334
0 1 0 0 0 1 1 0 0 0 0 1 1 0 0 1 0 0 0 0 0 1 1 0 0 0 0 1 1 0 0 0 1 0 0 0 0
 1 0 0 0 0 0 1 1 0 0 0 -56.920997883030836 1 0.10416666666666667
0 0 0 1 0 1 1 0 0 0 0 1 1 0 0 0 1 0 0 0 0 0 1 0 0 0 0 1 1 0 0 0 1 0 0 0 0
 1 0 0 0 0 0 1 1 0 0 0 -59.75872022286246 1 0.08333333333333333
0 1 0 0 0 1 0 0 0 0 0 1 1 0 0 0 0 1 0 0 0 1 0 0 0 0 0 1 0 0 1 0 1 0 0 1 0
 1 0 0 0 0 0 1 1 0 0 0 -52.75872022286246 1 0.0625
0 1 0 0 0 0 0 0 0 0 1 0 0 0 0 1 0 1 0 0 0 0 1 0 0 0 0 1 1 0 0 0 0 1 0 0 0
 0 0 0 0 0 1 1 1 0 0 0 -60.434164902525694 1 0.10416666666666667
0 0 0 0 0 1 0 0 0 0 0 1 1 0 1 0 0 1 0 0 0 0 1 0 0 0 0 1 1 0 0 0 1 1 0 0 0
 1 0 0 0 0 0 1 1 0 1 0 -55.92099788303083 1 0.125
0 1 0 0 0 1 1 0 0 0 1 1 1 0 0 0 0 1 0 0 0 0 1 0 0 0 0 1 1 0 0 0 1 0 0 0 0
 1 1 0 0 0 0 1 1 0 0 0 -60.083275543199214 1 0.041666666666666664
0 1 0 0 0 0 1 0 0 0 1 1 1 0 0 0 0 1 0 0 0 0 1 0 1 0 0 0 0 0 0 0 0 1 0 0 0
 0 0 0 0 0 0 1 1 0 0 0 -51.434164902525694 1 0.041666666666666664
1 1 0 0 0 1 0 0 0 0 1 0 0 0 0 1 0 1 0 0 0 0 0 0 0 0 1 0 0 1 0 1 1 0 0 0 0
 0 0 1 0 0 1 0 1 0 0 0 -56.75872022286246 1 0.08333333333333333
0 1 0 0 0 0 0 0 0 0 0 1 1 0 0 0 0 1 0 0 0 1 0 0 0 0 1 1 1 0 0 1 1 0 0 0 0
 1 0 0 0 0 0 1 1 0 0 0 -54.75872022286246 1 0.08333333333333333
0 0 0 1 0 1 1 0 1 0 0 0 1 0 0 0 0 0 0 1 0 1 1 0 1 0 0 0 1 0 0 0 1 0 0 0 0
 1 1 0 0 0 0 1 1 0 0 0 -60.083275543199214 1 0.0625
1 1 0 0 0 0 1 0 0 0 1 1 0 0 0 1 0 1 0 0 0 0 1 0 0 0 0 1 1 0 0 0 1 1 0 0 0
 1 0 0 0 0 0 1 1 0 0 0 -53.08327554319922 1 0.125
0 1 0 0 0 0 0 1 0 0 1 0 1 0 0 0 0 0 0 0 0 0 1 1 0 1 0 0 1 0 0 0 1 0 0 0 0
 0 1 1 0 1 0 0 1 0 0 0 -58.75872022286246 1 0.020833333333333332
1 0 0 0 0 1 0 0 0 0 1 1 0 0 0 1 1 0 0 0 0 1 0 0 0 0 0 1 0 0 1 0 1 0 0 0 0
 1 0 0 0 1 0 1 0 0 1 1 -70.0832755431992 1 0.08333333333333333
0 0 0 1 0 0 1 0 0 1 0 0 1 0 0 0 0 1 0 0 0 0 1 0 0 0 0 1 1 0 0 0 1 1 0 0 0
 1 0 0 0 0 0 1 1 0 0 1 -49.92099788303083 1 0.16666666666666666
1 1 0 0 0 1 0 0 0 0 1 0 0 0 0 1 0 1 0 0 0 0 1 0 0 0 0 1 0 1 0 1 1 0 0 0 0
 0 1 0 0 0 0 1 0 1 0 0 -55.920997883030836 1 0.08333333333333333
0 1 0 0 0 1 0 0 0 0 1 0 1 0 0 1 1 0 0 0 0 1 0 0 0 0 1 0 0 0 0 1 1 1 0 0 0
 1 0 0 0 0 0 1 0 0 0 0 -65.75872022286245 1 0.0625
0 1 0 0 0 1 0 0 0 0 1 1 1 0 0 0 0 0 0 0 0 1 1 0 0 0 0 1 1 0 0 0 1 1 0 0 0
 0 0 0 0 1 0 1 1 0 0 0 -45.92099788303083 1 0.08333333333333333
0 0 0 0 1 1 0 0 0 0 0 1 1 0 1 0 1 0 0 0 0 1 0 0 0 0 1 1 0 0 1 0 1 1 0 0 0
 1 0 0 0 0 0 1 0 0 1 0 -57.08327554319921 1 0.10416666666666667
1 1 0 0 0 1 0 0 0 0 1 1 0 0 0 1 0 1 0 0 0 1 0 0 0 0 1 1 0 0 0 0 1 0 0 0 0
 1 0 0 0 0 0 1 0 0 0 0 -57.75872022286246 1 0.125
