0.05
0.5
1
307 
9 
[1 0 0 0 0 1 0 0 0 0 1 0 0 0 0 1] 1 0 0 0 0 1 0 0 0 0 1 0 0 0 0 1 1 0 0 0 0 1 0 0 0 0 1 0 0 0 0 1 1 0 0 0 0 1 0 0 0 0 1 0 0 0 0 1 
0.05
0.6
4
318 
9 
[1 0 0 0 0 1 0 0 0 0 1 0 0 0 0 1] 1 0 0 0 0 1 0 0 0 0 1 0 0 0 0 1 1 0 0 0 0 1 0 0 0 0 1 0 0 0 0 1 1 0 0 0 0 1 0 0 0 0 1 0 0 0 0 1
0.05
0.75
13 
328 
9 
[1 0 0 0 0 1 0 0 0 0 1 0 0 0 0 1] 1 0 0 0 0 1 0 0 0 0 1 0 0 0 0 1 1 0 0 0 0 1 0 0 0 0 1 0 0 0 0 1 1 0 0 0 0 1 0 0 0 0 1 0 0 0 0 1 
0.05
0.9
35
341
11
[1 0 0 0 0 1 0 0 0 0 1 0 0 0 0 1] 1 0 0 0 0 1 0 0 0 0 1 0 0 0 0 1 1 0 0 0 0 1 0 0 0 0 1 0 0 0 0 1 1 0 0 0 0 1 0 0 0 0 1 0 0 0 0 1 
0.05
1.0
91
321
9 
[1 0 0 0 0 1 0 0 0 0 1 0 0 0 0 1] 1 0 0 0 0 1 0 0 0 0 1 0 0 0 0 1 1 0 0 0 0 1 0 0 0 0 1 0 0 0 0 1 1 0 0 0 0 1 0 0 0 0 1 0 0 0 0 1 
0.1
0.5
1
329
9 
[1 0 0 0 0 1 0 0 0 0 1 0 0 0 0 1] 1 0 0 0 0 1 0 0 0 0 1 0 0 0 0 1 1 0 0 0 0 1 0 0 0 0 1 0 0 0 0 1 0 0 0 1 0 1 0 0 0 0 1 0 1 0 0 0 
0.1
0.5
9 / 1000
310
9
[1 0 0 0 0 1 0 0 0 0 1 0 0 0 0 1] 1 0 0 0 0 1 0 0 0 0 1 0 0 0 0 1 1 0 0 0 0 1 0 0 0 0 1 0 0 0 0 1 1 0 0 0 0 1 0 0 0 0 1 0 0 0 0 1 
0.1
0.6
55
295
8 
[1 0 0 0 0 1 0 0 0 0 1 0 0 0 0 1] 1 0 0 0 0 1 0 0 0 0 1 0 0 0 0 1 1 0 0 0 0 1 0 0 0 0 1 0 0 0 0 1 1 0 0 0 0 1 0 0 0 0 1 0 0 0 0 1
0.1
0.75
46 
309
9 
[1 0 0 0 0 1 0 0 0 0 1 0 0 0 0 1] 1 0 0 0 0 1 0 0 0 0 1 0 0 0 0 1 1 0 0 0 0 1 0 0 0 0 1 0 0 0 0 1 1 0 0 0 0 1 0 0 0 0 1 0 0 0 0 1
0.1
0.9
17
331
9 
[1 0 0 0 0 1 0 0 0 0 1 0 0 0 0 1] 1 0 0 0 0 1 0 0 0 0 1 0 0 0 0 1 1 0 0 0 0 1 0 0 0 0 1 0 0 0 0 1 1 0 0 0 0 1 0 0 0 0 1 0 0 0 0 1
0.1
1.0
36
328
10 
[1 0 0 0 0 1 0 0 0 0 1 0 0 0 0 1] 1 0 0 0 0 1 0 0 0 0 1 0 0 0 0 1 1 0 0 0 0 1 0 0 0 0 1 0 0 0 0 1 1 0 0 0 0 1 0 0 0 0 1 0 0 0 0 1 
0.15
0.5
3
329
9
[1 0 0 0 0 1 0 0 0 0 1 0 0 0 0 1] 0 1 0 0 1 0 0 0 0 0 1 0 0 0 0 1 0 1 0 0 1 0 0 0 0 0 1 0 0 0 0 1 0 0 0 1 0 1 0 0 0 0 1 0 1 0 0 0 
0.15
0.5
21/1000
316
9
[1 0 0 0 0 1 0 0 0 0 1 0 0 0 0 1] 0 0 0 1 1 0 0 0 0 0 1 0 0 1 0 0 0 1 0 0 1 0 0 0 0 0 1 0 0 0 0 1 0 1 0 0 1 0 0 0 0 0 1 0 0 0 0 1 
0.15
0.6
8
331
9
[1 0 0 0 0 1 0 0 0 0 1 0 0 0 0 1] 0 1 0 0 1 0 0 0 0 0 1 0 0 0 0 1 1 0 0 0 0 1 0 0 0 0 1 0 0 0 0 1 1 0 0 0 0 1 0 0 0 0 1 0 0 0 0 1 
0.15
0.6
1/1000
336
10
[1 0 0 0 0 1 0 0 0 0 1 0 0 0 0 1] 0 1 0 0 1 0 0 0 0 0 1 0 0 0 0 1 1 0 0 0 0 1 0 0 0 0 1 0 0 0 0 1 1 0 0 0 0 1 0 0 0 0 1 0 0 0 0 1 
0.15
0.75
2
338
10
[1 0 0 0 0 1 0 0 0 0 1 0 0 0 0 1] 1 0 0 0 0 1 0 0 0 0 1 0 0 0 0 1 1 0 0 0 0 0 1 0 0 1 0 0 0 0 0 1 0 1 0 0 1 0 0 0 0 0 1 0 0 0 0 1 
0.15
0.75
14 / 1000
336
10
[1 0 0 0 0 1 0 0 0 0 1 0 0 0 0 1] 0 0 0 1 0 1 0 0 0 0 1 0 1 0 0 0 0 0 0 1 1 0 0 0 0 0 1 0 0 1 0 0 0 0 0 1 1 0 0 0 0 0 1 0 0 1 0 0 
0.15
0.9
9 
290
9
[1 0 0 0 0 1 0 0 0 0 1 0 0 0 0 1] 0 0 0 1 0 1 0 0 0 0 1 0 1 0 0 0 0 0 0 1 1 0 0 0 0 0 1 0 0 1 0 0 1 0 0 0 0 0 0 1 0 0 1 0 0 1 0 0 
0.15
0.9
1 / 1000
327
10
[1 0 0 0 0 1 0 0 0 0 1 0 0 0 0 1] 0 0 0 1 0 1 0 0 0 0 1 0 1 0 0 0 0 0 0 1 1 0 0 0 0 0 1 0 0 1 0 0 1 0 0 0 0 0 0 1 0 0 1 0 0 1 0 0 
0.15
1.0
1
361
11
[1 0 0 0 0 1 0 0 0 0 1 0 0 0 0 1] 1 0 0 0 0 0 0 1 0 0 1 0 0 1 0 0 0 1 0 0 1 0 0 0 0 0 1 0 0 0 0 1 0 0 0 1 1 0 0 0 0 0 1 0 0 1 0 0 
0.15
1.0
23 / 1000
316
9
[1 0 0 0 0 1 0 0 0 0 1 0 0 0 0 1] 1 0 0 0 0 0 0 1 0 0 1 0 0 1 0 0 0 1 0 0 1 0 0 0 0 0 1 0 0 0 0 1 0 0 0 1 1 0 0 0 0 0 1 0 0 1 0 0 

