0 0 0 1 0 1 0 0 1 0 0 0 0 0 0 0 0 0 0 1 0 1 0 0 1 0 0 0 0 0 1 0 0 0 1 0 0
 1 0 0 1 0 0 0 0 0 0 1 -81.4341649025257 1 0.041666666666666664
0 0 0 1 0 1 0 0 0 0 1 0 1 0 0 0 0 0 1 0 0 1 0 0 0 0 0 1 1 0 0 0 0 0 1 0 0
 1 0 0 0 0 0 1 1 0 0 0 -86.59644256269408 4 0.020833333333333332
0 0 0 1 0 1 0 0 0 0 1 0 1 0 0 0 1 0 0 0 0 1 0 0 0 0 0 1 0 0 1 0 0 0 1 0 0
 1 0 0 1 0 0 0 0 0 0 1 -86.59644256269408 2 0.020833333333333332
0 0 0 1 0 1 0 0 0 0 1 0 1 0 0 0 1 0 0 0 0 1 0 0 0 0 0 1 0 0 1 0 0 0 1 0 0
 1 0 0 1 0 0 0 0 0 0 1 -86.59644256269408 1 0.041666666666666664
0 0 0 1 0 1 0 0 1 0 0 0 0 0 0 0 0 0 0 1 0 1 0 0 1 0 0 0 0 0 1 0 0 0 1 0 0
 1 0 0 1 0 0 0 0 0 0 1 -81.4341649025257 1 0.041666666666666664
0 0 0 1 0 1 0 0 0 0 1 0 1 0 0 0 0 0 1 0 0 1 0 0 0 0 0 1 1 0 0 0 0 0 0 1 0
 1 0 0 0 0 1 0 1 0 0 0 -84.59644256269408 1 0.020833333333333332
0 0 0 1 0 1 0 0 0 0 1 0 1 0 0 0 1 0 0 0 0 1 0 0 0 0 0 1 0 0 1 0 0 0 1 0 0
 1 0 0 0 0 0 1 1 0 0 0 -84.59644256269408 1 0.020833333333333332
0 0 0 1 0 1 0 0 1 0 0 0 1 0 0 0 0 0 0 1 0 1 0 0 1 0 0 0 0 0 1 0 0 0 1 0 0
 1 0 0 1 0 0 0 0 0 0 1 -81.59644256269408 1 0.041666666666666664
0 0 0 1 0 1 0 0 0 0 1 0 1 0 0 0 0 0 1 0 0 1 0 0 0 0 0 1 1 0 0 0 0 0 1 0 0
 1 0 0 0 0 0 1 1 0 0 0 -86.59644256269408 1 0.041666666666666664
0 0 0 1 0 1 0 0 1 0 0 0 0 0 0 0 0 0 0 1 0 1 0 0 1 0 0 0 0 0 1 0 0 0 1 0 0
 1 0 0 1 0 0 0 0 0 0 1 -81.4341649025257 1 0.041666666666666664
0 0 0 1 0 1 0 0 1 0 0 0 0 0 0 0 0 0 0 1 0 1 0 0 1 0 0 0 0 0 1 0 0 0 1 0 0
 1 0 0 1 0 0 0 0 0 0 1 -81.4341649025257 1 0.08333333333333333
0 0 0 0 0 1 0 0 1 0 0 0 0 0 0 1 0 0 0 1 0 1 0 0 1 0 0 0 0 0 1 0 0 0 1 0 0
 1 0 0 1 0 0 0 0 0 0 1 -79.43416490252568 1 0.041666666666666664
0 0 0 1 0 1 0 0 1 0 0 0 0 0 0 0 0 0 1 0 0 1 0 0 1 0 0 0 0 0 0 1 0 0 1 0 0
 1 0 0 1 0 0 0 0 0 0 1 -77.4341649025257 1 0.041666666666666664
0 0 0 1 0 1 0 0 0 0 1 0 1 0 0 0 0 0 1 0 0 1 0 0 0 0 0 1 1 0 0 0 0 0 1 1 0
 1 0 0 0 0 1 0 1 0 0 0 -81.75872022286245 1 0.020833333333333332
0 0 0 1 0 1 0 0 0 0 1 0 1 0 0 0 0 0 1 0 0 1 0 0 0 0 0 1 1 0 0 0 0 0 1 0 0
 1 0 0 1 0 0 0 1 0 0 1 -81.75872022286245 1 0.020833333333333332
0 0 0 1 0 1 0 0 1 0 0 0 0 0 0 0 1 0 0 0 0 1 0 0 0 0 0 1 0 0 1 0 0 0 1 0 0
 1 0 0 1 0 0 0 0 0 0 1 -79.4341649025257 1 0.020833333333333332
0 0 0 1 0 1 0 0 0 0 1 0 1 0 0 0 0 0 0 1 0 1 0 0 0 0 0 1 1 0 1 0 0 0 1 0 0
 1 0 0 0 0 0 1 1 0 0 0 -81.75872022286245 1 0.0625
0 0 0 1 0 1 0 0 0 0 1 0 1 0 0 0 0 0 1 0 0 1 0 0 0 0 0 1 1 0 1 0 0 0 1 0 0
 1 0 0 1 0 0 0 0 0 0 1 -81.75872022286245 1 0.0625
0 0 0 1 0 1 0 0 0 0 1 0 1 0 0 0 0 0 1 0 1 0 0 0 0 0 0 1 0 1 0 0 0 0 1 0 0
 1 0 0 1 0 0 0 0 0 0 1 -76.59644256269408 1 0.0625
0 0 0 1 0 1 0 0 0 0 1 0 1 0 0 0 0 0 1 0 0 1 0 0 0 0 0 1 0 0 1 0 0 0 1 0 0
 1 0 0 1 0 0 0 0 0 0 1 -81.59644256269408 1 0.041666666666666664
0 1 0 1 0 1 0 0 0 0 1 0 1 0 0 0 0 0 1 0 0 1 0 0 0 0 0 1 1 0 0 0 0 0 1 0 0
 1 0 0 0 0 0 1 1 0 0 0 -79.75872022286245 1 0.041666666666666664
0 0 0 1 0 1 0 0 0 0 1 0 1 0 0 0 0 0 0 1 1 1 0 0 0 0 0 1 0 0 1 0 0 0 1 0 0
 1 0 0 1 0 0 0 0 0 0 1 -79.75872022286245 1 0.041666666666666664
0 0 0 1 0 1 0 0 0 0 1 0 1 0 0 0 0 0 0 0 0 1 1 0 0 0 0 1 1 0 0 0 0 0 1 0 0
 1 0 0 0 0 0 1 1 0 0 0 -79.59644256269408 1 0.020833333333333332
0 0 0 1 0 1 0 0 1 0 0 0 0 0 0 0 0 0 0 1 0 0 0 0 1 0 0 0 0 1 1 0 0 0 1 0 0
 1 0 0 1 0 0 0 0 0 0 1 -70.4341649025257 1 0.10416666666666667
0 0 0 1 0 1 0 0 0 0 1 0 1 0 0 0 0 0 1 0 0 1 0 0 0 0 0 1 1 0 0 0 0 0 1 0 1
 1 0 0 0 0 0 1 1 0 0 0 -79.75872022286245 1 0.020833333333333332
0 0 0 1 0 1 0 0 0 0 1 0 1 0 0 0 0 0 1 0 0 1 0 0 0 0 0 1 1 0 0 0 0 0 1 1 0
 1 0 0 0 0 0 0 1 0 0 0 -81.59644256269408 1 0.041666666666666664
0 0 0 1 0 1 0 0 0 0 1 0 1 0 0 0 0 0 1 0 0 1 0 0 0 0 0 1 1 0 0 0 0 0 1 1 0
 1 0 0 1 0 0 0 0 0 0 0 -79.59644256269408 1 0.020833333333333332
0 0 0 1 0 1 0 0 0 0 1 0 1 0 0 0 0 0 1 0 1 0 0 0 0 0 0 1 0 1 0 0 0 0 1 0 0
 1 0 0 1 0 0 0 0 0 0 1 -76.59644256269408 1 0.0625
0 0 0 1 0 1 0 0 0 0 1 0 1 0 0 0 0 0 1 0 0 1 0 0 0 0 0 1 1 0 0 0 0 0 1 0 0
 1 0 0 1 0 0 0 0 0 0 1 -84.59644256269407 1 0.0625
0 0 0 1 0 1 0 0 0 0 1 0 1 0 0 0 0 0 1 0 0 1 0 0 1 0 0 1 0 0 1 0 0 0 1 0 0
 1 0 0 1 0 0 0 0 0 0 1 -81.75872022286245 1 0.020833333333333332
0 0 0 1 0 1 0 0 1 0 0 0 0 0 0 0 0 0 0 1 0 1 0 0 1 0 0 0 0 0 1 0 0 0 1 0 0
 1 1 0 1 0 0 0 0 0 0 1 -74.59644256269407 1 0.08333333333333333
0 0 0 1 0 1 0 0 0 0 1 0 1 0 0 0 1 0 0 0 0 1 1 0 0 0 0 1 1 0 0 0 0 0 1 0 0
 1 0 0 0 0 0 1 1 0 0 0 -79.75872022286245 1 0.0625
0 0 0 1 0 1 0 0 1 0 0 0 0 0 0 0 0 0 1 0 1 0 0 0 0 0 0 1 0 1 0 0 0 0 1 0 0
 1 0 0 1 0 0 0 0 0 0 1 -69.4341649025257 1 0.0625
0 1 0 0 0 1 0 0 1 0 0 0 0 0 0 1 0 0 0 1 0 1 0 0 1 0 0 0 0 0 1 0 0 0 1 0 0
 1 0 0 1 0 0 0 0 0 0 1 -77.59644256269407 1 0.0625
0 0 0 1 0 1 0 0 1 0 0 0 0 0 0 0 0 0 0 1 0 0 1 0 1 0 0 0 0 1 0 0 0 0 1 0 0
 1 0 0 1 0 0 0 0 0 0 1 -71.4341649025257 1 0.08333333333333333
0 0 1 1 0 1 0 0 0 0 1 0 1 0 0 0 0 0 0 1 0 1 0 0 0 0 0 1 1 0 1 0 0 0 1 0 0
 1 0 0 0 0 0 1 1 0 0 0 -76.92099788303084 1 0.020833333333333332
0 0 0 1 0 0 1 0 1 0 0 0 0 1 0 0 0 0 0 1 0 1 0 0 1 0 0 0 0 0 1 0 0 0 1 0 0
 1 0 0 1 0 0 0 0 0 0 1 -78.59644256269407 1 0.0625
0 0 0 1 0 1 0 0 1 0 0 0 0 0 1 0 0 0 0 1 1 0 0 0 1 0 0 0 0 1 1 0 0 0 1 0 0
 1 0 0 1 0 0 0 0 0 0 1 -73.75872022286245 1 0.0625
0 0 0 1 0 1 0 0 1 0 0 0 0 0 1 0 0 0 1 0 0 1 0 0 1 0 0 0 0 0 0 1 0 0 1 1 0
 1 0 0 1 0 0 0 0 0 0 1 -79.75872022286245 1 0.020833333333333332
0 0 1 0 0 1 0 0 1 0 0 0 0 0 0 1 0 0 0 1 0 1 0 0 1 0 0 0 0 1 1 0 0 0 1 0 0
 1 0 0 1 0 0 0 0 0 0 1 -77.75872022286245 1 0.041666666666666664
0 0 0 1 0 1 0 0 1 0 0 0 1 0 0 0 0 0 0 1 0 1 0 0 1 0 0 0 0 1 1 0 0 0 1 0 0
 1 0 0 1 0 0 0 0 0 0 1 -74.75872022286245 1 0.041666666666666664
0 0 0 1 0 1 0 0 1 0 0 0 1 0 0 0 0 0 1 0 0 1 0 0 1 0 0 0 0 0 0 1 0 0 0 1 0
 1 0 0 1 0 0 0 0 0 1 0 -75.59644256269408 1 0.020833333333333332
0 0 0 1 0 1 0 0 0 0 1 0 1 0 0 0 0 0 0 0 0 1 1 0 0 0 0 1 1 0 0 0 0 0 1 0 0
 1 0 0 0 0 0 1 1 0 0 0 -79.59644256269408 1 0.041666666666666664
0 0 0 1 0 1 0 0 1 0 0 0 1 0 0 0 0 0 1 0 0 1 0 0 1 0 0 0 0 0 1 0 0 0 1 0 0
 1 0 0 1 0 0 0 0 0 0 1 -76.59644256269408 1 0.0625
0 0 0 1 0 1 0 0 0 0 1 0 1 0 0 0 1 0 0 0 0 1 0 0 0 0 0 1 0 0 1 0 0 0 1 0 0
 1 0 1 1 0 0 0 1 0 0 0 -77.75872022286245 1 0.041666666666666664
0 0 0 1 0 0 1 0 1 0 0 0 0 1 0 0 0 0 0 1 0 0 1 0 1 0 0 0 0 1 0 0 0 0 1 0 0
 0 0 1 1 0 0 0 0 1 0 0 -76.59644256269407 1 0.041666666666666664
0 0 0 1 0 1 0 0 1 0 0 0 0 0 0 0 0 0 1 0 0 1 0 0 1 0 0 0 0 0 0 1 0 0 1 1 0
 1 0 0 1 0 0 0 0 0 0 1 -72.59644256269408 1 0.10416666666666667
0 0 0 1 0 1 0 0 1 0 0 0 0 0 0 0 0 0 1 0 0 1 0 0 1 0 0 1 0 0 0 0 0 0 1 0 0
 1 0 0 1 0 0 0 0 0 0 1 -74.4341649025257 1 0.08333333333333333
0 0 0 1 0 1 0 0 1 0 1 0 1 0 0 0 0 0 1 0 0 1 0 0 0 0 0 1 1 0 0 0 0 0 0 1 0
 1 0 0 0 0 1 0 1 0 0 0 -77.75872022286245 1 0.020833333333333332
0 0 0 1 0 1 0 0 1 0 1 0 1 0 0 0 1 0 0 0 0 1 1 0 0 0 0 1 0 0 0 0 0 0 1 0 0
 1 0 0 1 0 0 0 0 0 0 1 -72.75872022286245 1 0.041666666666666664
0 0 0 1 0 1 0 0 1 0 0 0 0 0 0 1 0 0 0 1 0 1 0 0 1 0 0 0 0 0 1 0 0 0 1 0 0
 1 0 0 1 0 0 0 0 0 0 0 -74.4341649025257 1 0.041666666666666664
0 0 0 1 0 1 0 0 0 0 1 0 1 0 0 0 0 0 1 0 0 1 0 0 0 0 0 1 1 0 0 0 0 0 1 1 0
 1 0 0 0 0 1 1 1 0 0 0 -76.92099788303084 1 0.020833333333333332
0 1 0 1 0 1 0 0 0 0 1 0 1 0 0 0 0 0 0 0 0 1 0 0 0 0 0 1 1 0 1 0 0 0 1 0 0
 1 0 0 1 0 0 0 0 0 0 1 -74.75872022286245 1 0.041666666666666664
0 1 0 0 0 0 0 1 0 0 1 0 1 0 0 0 0 1 0 0 0 0 1 0 0 0 0 1 1 0 0 0 0 1 0 0 0
 0 0 1 0 0 1 0 1 0 0 0 -76.59644256269407 1 0.020833333333333332
0 1 0 0 0 0 0 1 0 0 1 0 1 0 0 0 0 1 0 0 0 0 1 0 0 0 0 1 1 0 0 0 0 1 0 0 0
 0 1 0 0 0 0 1 1 0 0 0 -76.59644256269407 1 0.020833333333333332
0 0 0 1 0 1 0 0 0 0 1 0 1 0 0 0 1 0 0 0 0 1 1 0 0 0 0 1 0 0 0 0 0 0 1 0 0
 1 0 0 0 0 0 1 1 0 0 0 -77.59644256269408 1 0.08333333333333333
0 0 0 1 0 1 0 0 0 0 1 0 1 0 0 0 0 0 1 0 0 1 0 0 0 0 0 1 1 0 1 0 0 0 1 0 1
 1 0 0 0 0 0 1 0 0 0 1 -74.92099788303084 1 0.041666666666666664
0 1 0 0 0 1 0 1 0 0 1 0 1 0 0 0 1 0 0 0 0 1 0 0 0 0 0 1 0 0 1 0 0 0 1 0 0
 1 0 0 1 0 0 0 0 0 0 1 -75.75872022286245 1 0.020833333333333332
0 0 0 1 0 1 0 0 1 0 0 0 1 0 0 0 0 0 1 0 0 1 0 0 1 0 0 0 0 1 0 0 0 0 1 0 0
 1 0 0 1 0 0 0 0 0 0 1 -72.59644256269408 1 0.0625
0 0 1 1 0 1 0 0 1 0 0 0 0 0 0 0 0 0 0 1 0 1 0 0 1 0 0 0 0 0 1 0 0 0 1 0 0
 1 0 0 1 0 0 0 0 0 0 1 -81.59644256269407 1 0.10416666666666667
0 0 0 1 0 1 0 0 0 0 1 0 1 0 0 0 0 0 1 0 0 1 0 0 0 0 0 1 1 0 0 0 1 0 1 0 0
 1 0 0 0 0 0 1 0 0 0 1 -77.75872022286245 1 0.020833333333333332
0 0 0 1 0 1 0 0 1 0 0 0 0 1 0 0 0 0 0 1 0 0 0 0 1 0 0 0 0 1 1 0 0 0 1 0 0
 1 0 0 1 0 0 0 0 0 0 1 -70.59644256269408 1 0.10416666666666667
0 0 0 1 0 1 0 0 1 0 0 0 0 0 0 0 0 0 0 1 1 0 0 0 1 0 0 0 0 1 1 0 0 0 1 0 0
 1 0 0 1 0 0 0 0 0 0 1 -68.59644256269407 1 0.125
0 1 0 1 0 1 0 0 0 0 1 0 1 0 0 0 1 0 0 0 0 1 0 0 0 0 0 1 0 0 1 0 0 0 1 0 0
 1 0 0 1 0 0 0 0 0 0 1 -79.75872022286245 1 0.0625
0 0 0 1 0 1 0 0 0 0 1 0 1 0 0 0 0 0 1 0 0 1 0 0 1 0 0 0 0 0 0 1 0 0 1 0 0
 1 0 0 1 0 0 1 0 0 0 0 -75.59644256269408 1 0.020833333333333332
0 0 0 1 0 1 0 0 1 0 0 0 1 0 0 0 0 0 1 0 1 0 0 0 0 0 0 1 0 1 0 0 0 0 1 0 0
 1 0 0 1 0 0 0 0 0 0 1 -69.59644256269408 1 0.0625
0 0 0 1 0 1 0 0 0 0 1 0 1 0 0 0 0 0 1 0 1 0 0 0 0 0 0 1 0 1 0 0 0 0 1 0 1
 1 0 0 0 0 0 1 0 0 0 0 -71.59644256269408 1 0.0625
0 1 0 0 0 0 0 1 0 0 1 0 1 0 0 0 0 1 0 0 0 0 1 0 0 0 0 1 1 0 0 0 0 1 0 0 0
 0 1 0 0 0 0 1 1 0 0 0 -76.59644256269407 1 0.041666666666666664
0 1 0 0 1 0 0 0 0 0 1 0 0 0 0 1 0 1 0 0 1 0 0 0 0 0 0 1 0 0 1 0 0 1 0 0 1
 0 0 0 0 0 1 0 0 0 0 1 -78.59644256269407 1 0.041666666666666664
0 1 0 0 0 1 0 0 1 0 0 0 1 0 0 0 0 0 0 1 0 1 0 0 1 0 0 0 0 0 1 0 0 0 1 0 0
 1 0 0 1 0 0 0 0 0 0 1 -72.59644256269408 1 0.08333333333333333
0 1 0 1 0 0 0 0 0 0 1 0 1 0 0 0 0 0 1 0 0 1 0 0 0 0 0 1 1 0 0 0 0 0 1 0 0
 1 0 0 0 0 0 1 1 0 0 0 -75.59644256269408 1 0.041666666666666664
0 1 0 0 0 1 0 0 0 0 1 0 1 0 0 0 1 0 0 0 0 1 0 0 0 0 0 1 0 0 1 0 1 0 0 0 0
 1 0 0 0 0 0 1 0 0 0 1 -72.59644256269408 1 0.08333333333333333
0 1 0 0 0 1 0 1 1 0 0 0 0 0 1 0 0 0 0 1 0 1 0 0 1 0 0 0 0 0 1 0 0 0 1 0 0
 1 0 0 1 0 0 0 0 0 0 1 -75.75872022286245 1 0.0625
0 0 0 1 0 1 0 0 0 0 1 0 1 0 0 0 0 0 1 0 0 1 0 0 1 0 0 1 0 0 1 0 0 0 1 0 0
 1 0 0 1 0 0 0 0 0 0 1 -81.75872022286245 1 0.08333333333333333
0 0 0 1 0 1 0 0 0 0 1 0 1 0 0 0 0 0 0 0 0 1 0 0 0 0 0 1 1 0 1 0 0 0 1 0 0
 1 0 1 0 0 1 0 1 0 0 0 -74.75872022286245 1 0.041666666666666664
0 1 0 0 0 0 0 1 0 0 1 0 1 0 0 0 0 0 1 0 0 1 0 0 0 0 0 1 1 0 0 0 0 0 0 1 0
 1 0 0 0 0 1 0 1 0 0 0 -74.59644256269408 1 0.020833333333333332
0 0 0 1 0 0 0 1 1 0 0 0 0 1 0 0 0 0 0 1 0 0 1 0 1 0 0 0 0 1 0 0 0 0 1 0 0
 0 0 1 1 0 0 0 0 1 0 0 -71.59644256269407 1 0.0625
0 0 0 1 0 1 0 0 1 0 0 0 1 0 0 0 0 0 0 1 0 0 1 0 1 0 0 0 0 1 0 0 0 0 1 0 0
 1 0 0 1 0 0 0 0 0 0 1 -71.59644256269408 1 0.0625
0 1 0 1 0 1 0 0 0 0 1 0 1 0 0 0 0 0 0 0 0 1 0 0 0 0 0 1 1 0 1 0 0 0 1 0 0
 1 0 0 1 0 0 0 0 0 0 1 -74.75872022286245 1 0.0625
0 0 0 1 0 1 0 0 1 0 0 0 0 0 0 0 0 0 0 1 1 0 0 0 1 0 0 0 0 1 0 0 0 0 1 0 0
 1 0 0 1 0 0 0 0 0 0 1 -66.4341649025257 1 0.10416666666666667
0 1 0 0 0 0 0 1 0 0 1 0 1 0 0 0 0 1 0 0 0 0 1 0 0 0 0 1 1 0 0 0 0 1 0 0 0
 0 0 1 0 0 1 0 1 0 0 0 -76.59644256269407 1 0.020833333333333332
0 0 0 1 0 1 0 0 1 0 0 0 0 0 1 0 0 0 1 0 0 1 0 0 1 0 0 0 0 1 0 0 0 0 1 0 0
 1 0 0 1 0 0 0 0 0 0 1 -77.59644256269407 1 0.08333333333333333
0 0 1 0 0 0 0 1 1 0 0 0 0 1 0 0 0 0 0 1 0 0 1 0 1 0 0 0 0 1 0 0 0 0 1 0 0
 1 0 0 1 0 0 0 0 0 0 1 -72.59644256269407 1 0.0625
0 1 0 0 0 0 0 0 0 0 1 0 1 0 0 0 1 0 0 0 0 1 0 0 0 0 0 1 0 0 1 0 1 0 0 0 0
 1 0 0 0 0 1 0 0 0 0 1 -73.4341649025257 1 0.041666666666666664
0 0 0 1 0 1 0 0 0 0 1 0 1 0 0 0 0 0 1 0 0 1 0 0 0 0 0 1 1 0 1 0 0 0 0 1 0
 1 0 0 0 0 1 0 1 0 0 0 -79.75872022286245 1 0.041666666666666664
0 1 0 0 0 1 0 1 1 0 0 0 1 0 0 0 0 0 0 1 0 1 0 0 1 0 0 0 0 0 1 0 0 0 1 0 0
 1 0 0 1 0 0 0 0 0 0 1 -70.75872022286245 1 0.0625
0 0 0 1 0 0 1 0 1 0 0 0 0 1 0 0 0 0 1 0 1 0 0 0 0 0 0 1 0 1 0 0 0 0 1 0 0
 1 0 0 1 0 0 0 0 0 0 1 -70.59644256269407 1 0.0625
0 0 0 1 0 1 0 0 1 0 0 0 0 0 0 1 0 0 1 0 0 1 0 0 1 0 0 0 0 0 1 0 0 0 1 0 0
 1 1 0 1 0 0 0 0 0 0 1 -69.75872022286245 1 0.041666666666666664
0 0 1 0 0 0 0 1 1 0 0 0 0 1 0 0 0 0 0 1 0 0 0 0 1 0 0 0 0 1 1 0 0 0 1 0 0
 1 0 0 1 0 0 0 0 0 0 1 -69.59644256269407 1 0.08333333333333333
0 0 0 1 0 1 0 0 0 0 1 0 1 0 0 0 1 0 0 0 0 1 1 0 0 0 0 1 1 0 0 0 0 0 1 0 0
 1 0 1 0 0 1 0 1 0 0 0 -74.92099788303084 1 0.0625
0 0 0 1 0 0 1 0 1 0 0 0 0 1 0 0 0 0 0 1 0 0 0 0 1 0 0 0 0 1 1 0 0 0 1 0 0
 1 0 0 1 0 0 0 0 0 0 1 -71.59644256269407 1 0.125
0 0 0 1 0 1 0 0 0 0 1 0 1 0 0 0 0 0 1 0 1 0 0 0 0 0 0 1 0 1 0 0 0 0 1 0 0
 1 0 0 1 0 0 1 0 0 0 1 -71.75872022286245 1 0.0625
0 1 0 1 0 1 0 0 0 0 1 0 1 0 0 0 0 0 1 0 0 1 0 0 1 0 0 1 0 0 1 0 0 0 1 0 0
 1 0 0 1 0 0 0 0 0 0 1 -74.92099788303084 1 0.0625
0 0 0 1 0 1 0 0 1 0 0 0 0 1 0 0 0 0 0 1 0 0 1 0 1 0 0 0 0 1 0 0 0 0 1 0 0
 1 0 0 1 0 0 0 0 0 0 1 -71.59644256269408 1 0.08333333333333333
0 0 0 1 0 1 0 0 1 0 0 0 1 0 0 0 0 0 0 1 0 1 1 0 1 0 0 0 0 1 0 0 0 0 1 0 0
 1 0 0 1 0 0 0 0 0 0 1 -70.75872022286245 1 0.041666666666666664
0 0 1 0 0 0 0 1 1 0 0 0 0 1 0 0 0 0 0 1 0 0 0 0 1 0 0 0 0 1 1 0 0 0 1 0 0
 1 0 0 1 0 0 0 0 0 0 1 -69.59644256269407 1 0.10416666666666667
0 1 0 1 0 1 0 0 1 0 0 0 1 0 0 0 0 0 0 1 0 1 0 0 1 0 0 0 0 0 1 0 0 0 1 0 0
 1 0 0 1 0 0 0 0 0 0 1 -74.75872022286245 1 0.08333333333333333
0 1 0 0 0 0 0 1 0 0 1 0 1 0 0 0 0 0 0 1 0 1 0 0 0 0 0 1 1 0 1 0 0 0 1 0 0
 1 0 0 1 0 0 0 0 0 0 1 -71.75872022286245 1 0.020833333333333332
0 0 0 1 0 1 0 0 1 0 0 0 0 0 1 0 0 0 0 1 0 0 0 0 1 0 0 0 0 1 0 0 0 0 1 0 0
 1 0 0 1 0 0 0 0 0 0 1 -73.4341649025257 1 0.125
0 0 1 0 0 0 0 1 1 0 0 0 0 1 0 0 0 0 0 1 0 0 0 0 1 0 0 0 0 1 1 0 0 0 1 0 0
 1 0 0 1 0 0 0 0 0 0 1 -69.59644256269407 1 0.041666666666666664
0 1 0 1 0 1 0 0 0 0 1 0 1 0 0 0 0 1 0 0 0 1 0 0 0 0 0 1 0 0 1 0 0 0 1 0 0
 1 0 0 1 0 0 0 0 0 0 1 -74.75872022286245 1 0.08333333333333333
0 0 0 1 0 1 0 0 0 0 1 0 1 0 0 0 0 0 0 1 1 0 0 0 0 0 0 1 0 1 0 0 0 0 1 0 0
 1 0 0 0 0 0 1 1 0 0 0 -71.59644256269408 1 0.0625
0 0 0 1 0 1 0 0 1 0 0 0 1 0 0 0 0 0 1 0 0 0 0 0 1 0 0 1 0 1 0 0 0 0 1 0 0
 1 0 0 1 0 0 0 0 0 0 1 -68.59644256269408 1 0.08333333333333333
0 0 0 1 0 0 0 0 1 0 0 0 0 1 0 0 0 0 1 1 0 0 0 0 1 0 0 0 0 1 0 0 0 0 1 0 0
 1 0 0 1 0 0 0 0 0 0 1 -66.4341649025257 1 0.08333333333333333
0 0 0 1 0 1 0 0 1 0 0 0 0 0 0 0 0 0 0 1 0 1 0 0 1 0 0 0 0 0 1 0 0 0 1 0 0
 1 0 0 1 0 0 0 0 0 0 1 -81.4341649025257 1 0.0625
0 1 0 0 0 1 0 0 1 0 0 0 0 0 0 1 0 0 0 1 0 1 1 0 1 0 0 0 0 0 1 0 0 0 1 0 0
 1 0 0 1 0 0 0 0 0 0 1 -70.75872022286245 1 0.020833333333333332
0 0 1 0 0 0 0 1 1 0 0 0 0 1 0 0 0 0 0 1 0 0 1 0 1 0 0 0 0 1 0 0 0 0 1 0 0
 1 0 0 1 0 0 0 0 0 0 1 -72.59644256269407 1 0.041666666666666664
0 0 0 1 0 1 0 0 0 0 1 0 1 0 0 0 1 0 0 0 0 0 0 0 0 0 0 1 0 1 1 0 0 0 1 0 1
 1 0 0 0 0 0 1 0 0 0 1 -68.75872022286245 1 0.0625
0 0 1 0 0 0 0 1 1 0 0 0 0 1 0 0 0 0 0 1 0 0 1 0 1 0 0 0 0 1 0 0 0 0 1 0 0
 1 0 0 1 0 0 0 0 0 0 1 -72.59644256269407 1 0.10416666666666667
0 1 0 0 0 1 0 0 1 0 0 0 0 0 0 1 0 0 0 0 0 1 0 0 1 0 0 1 0 0 1 0 0 0 1 0 0
 1 0 0 1 0 0 0 0 0 0 1 -72.59644256269408 1 0.0625
0 1 0 0 0 0 0 1 0 0 1 0 1 0 0 0 0 1 0 0 0 0 1 0 0 0 0 1 1 0 0 0 0 1 0 0 1
 0 0 0 0 0 1 0 0 0 0 1 -72.59644256269407 1 0.0
0 0 0 1 0 1 0 0 1 0 0 0 0 1 0 0 0 0 1 1 0 1 0 0 1 0 0 0 0 0 1 0 0 0 1 0 0
 1 0 0 1 0 0 0 0 0 0 1 -74.75872022286245 1 0.08333333333333333
0 0 1 0 0 0 0 1 1 0 0 0 0 1 0 0 0 0 0 1 0 0 1 0 1 0 0 0 0 1 0 0 0 0 0 1 0
 0 1 0 1 0 0 0 0 1 0 0 -72.59644256269407 1 0.08333333333333333
0 0 0 1 1 1 0 0 1 0 0 0 0 1 0 0 0 0 1 0 1 0 0 0 0 0 0 1 0 1 0 0 0 0 1 0 0
 1 0 0 1 0 0 0 0 0 0 1 -64.75872022286245 1 0.08333333333333333
0 0 0 1 0 0 1 0 1 0 0 0 0 1 0 0 0 0 1 1 1 0 0 0 1 0 0 0 0 1 0 0 0 0 1 0 0
 1 0 0 1 0 0 0 0 0 0 1 -67.75872022286245 1 0.08333333333333333
0 0 0 1 0 1 0 0 1 0 0 0 0 1 0 0 0 0 1 0 0 0 0 0 1 0 0 1 0 1 0 0 0 0 1 0 0
 1 0 0 1 0 0 0 0 0 0 1 -68.59644256269408 1 0.10416666666666667
0 0 0 1 0 0 0 0 1 0 0 0 0 1 0 0 0 0 1 0 0 0 0 0 1 0 0 1 0 1 0 0 0 0 1 0 0
 1 0 0 1 0 0 0 0 0 0 1 -66.4341649025257 1 0.08333333333333333
0 0 0 1 0 1 0 0 0 0 1 0 1 0 0 0 0 0 0 0 0 1 0 0 0 0 0 1 0 0 1 0 0 0 0 0 0
 1 1 0 1 0 0 0 0 0 0 1 -72.4341649025257 1 0.0625
0 1 0 0 0 1 0 0 0 0 1 0 1 0 0 0 1 1 0 0 0 1 0 0 0 0 0 1 0 0 1 0 0 1 0 0 0
 1 0 0 1 0 1 0 0 0 0 1 -69.92099788303084 1 0.0625
0 0 0 1 0 1 0 0 1 0 0 0 0 0 1 0 1 0 0 0 0 1 1 0 1 0 0 0 0 0 0 1 0 0 0 1 0
 1 0 0 1 0 0 0 0 0 1 0 -71.75872022286245 1 0.020833333333333332
0 1 0 0 0 0 0 1 0 0 1 0 1 0 0 0 0 0 0 1 0 1 1 0 0 0 0 1 1 0 0 0 0 0 1 0 0
 1 0 0 0 0 0 1 1 0 0 0 -71.75872022286245 1 0.020833333333333332
0 0 0 1 0 1 0 0 1 0 0 0 1 0 0 0 0 0 0 1 0 1 1 0 1 0 0 0 0 0 0 1 0 0 1 0 0
 1 0 0 1 0 0 0 0 0 0 1 -70.75872022286245 1 0.0625
0 0 0 1 0 1 0 0 1 0 1 0 1 0 0 0 0 0 1 0 0 1 0 0 0 0 0 1 1 0 1 0 0 0 1 1 0
 1 0 0 1 0 0 0 1 0 0 0 -72.08327554319919 1 0.0
0 0 0 1 0 1 0 0 0 0 1 0 1 1 0 0 1 0 0 0 0 1 0 0 0 0 0 1 0 0 1 0 0 0 1 0 0
 1 0 0 0 0 0 1 1 0 0 0 -77.75872022286245 1 0.0625
0 0 0 1 0 1 0 0 0 0 1 0 1 0 0 0 0 0 1 1 0 1 0 0 1 0 0 0 0 0 0 0 0 0 1 1 0
 1 0 0 1 0 0 0 0 0 0 1 -72.75872022286245 1 0.08333333333333333
0 0 1 1 0 1 0 0 1 0 0 0 0 0 0 0 0 0 0 1 0 1 0 0 1 0 0 0 0 0 1 0 0 1 1 0 0
 1 0 0 1 0 0 0 0 0 0 1 -74.75872022286245 1 0.0625
0 1 0 0 0 0 0 1 0 0 1 0 1 0 0 0 0 1 0 0 0 0 1 0 0 0 0 1 1 0 0 0 0 1 0 0 0
 0 1 1 1 0 0 0 1 0 0 0 -71.75872022286245 1 0.020833333333333332
0 1 0 0 0 0 0 1 1 0 0 0 0 0 1 0 0 0 0 1 0 0 0 0 1 0 0 0 0 1 1 0 0 0 1 0 0
 1 0 0 1 0 0 0 0 0 0 1 -67.59644256269407 1 0.08333333333333333
0 0 1 1 0 0 0 1 1 0 0 0 0 1 0 0 0 0 0 1 0 0 1 0 1 0 0 0 0 1 0 0 0 0 1 0 0
 1 0 0 1 0 0 0 0 0 0 1 -69.75872022286245 1 0.08333333333333333
0 1 0 0 0 1 0 0 1 0 0 0 0 0 0 1 0 0 0 1 0 1 0 0 1 0 0 0 0 0 1 0 0 0 1 1 0
 1 0 0 1 0 0 0 0 0 0 1 -70.75872022286245 1 0.0625
0 1 0 1 0 1 0 0 1 0 1 0 1 0 0 0 0 0 0 0 0 1 0 0 1 0 0 1 0 0 1 0 0 0 1 0 0
 1 0 0 1 0 0 0 0 0 0 1 -71.92099788303084 1 0.0625
0 0 0 1 0 1 0 0 0 0 1 0 1 0 0 0 1 0 0 0 0 1 1 0 1 0 0 1 0 0 0 0 0 0 1 0 0
 1 0 0 1 0 0 0 0 0 0 1 -72.75872022286245 1 0.041666666666666664
0 0 1 0 0 0 0 1 1 0 0 0 0 1 0 0 0 0 0 1 0 0 1 0 1 0 0 0 0 1 0 0 0 0 1 0 0
 1 0 0 1 0 0 0 0 0 0 1 -72.59644256269407 1 0.125
0 0 0 1 1 0 0 0 0 1 0 0 0 0 1 0 0 0 0 1 1 0 0 0 0 0 0 1 0 1 1 0 0 0 1 0 0
 1 0 0 1 0 0 0 0 0 0 1 -67.75872022286245 1 0.041666666666666664
0 1 0 1 0 1 0 0 1 0 0 0 0 0 0 1 0 0 0 1 0 1 0 0 1 0 0 0 0 0 1 0 0 0 1 0 0
 1 0 1 1 0 0 0 0 0 0 1 -67.92099788303084 1 0.0625
0 1 0 1 0 1 0 0 0 0 1 0 1 0 0 0 1 0 0 0 0 1 1 0 0 0 0 1 1 0 0 0 0 0 1 0 0
 1 0 0 0 0 0 1 1 0 0 0 -72.92099788303084 1 0.10416666666666667
0 1 0 0 0 1 0 0 0 0 1 0 1 0 0 0 1 0 0 0 0 1 0 0 0 0 0 1 0 0 1 0 0 0 1 0 0
 1 0 1 0 0 0 1 1 0 0 0 -68.75872022286245 1 0.10416666666666667
0 0 1 0 0 0 0 1 1 0 0 0 0 1 0 0 0 0 0 1 0 0 1 0 1 0 0 0 0 1 0 0 0 0 1 0 0
 1 0 0 1 0 0 0 0 0 0 1 -72.59644256269407 1 0.10416666666666667
0 1 0 0 0 0 0 0 1 0 0 0 1 0 0 0 0 0 0 1 0 1 0 0 1 0 0 0 0 0 1 0 0 0 1 0 0
 1 0 0 1 0 0 0 0 0 0 1 -68.4341649025257 1 0.041666666666666664
0 1 0 0 0 0 0 1 1 0 0 0 0 0 0 0 1 0 0 0 0 1 0 0 0 0 0 1 0 0 1 0 0 1 0 0 0
 0 1 0 1 0 0 0 0 0 0 1 -67.4341649025257 1 0.041666666666666664
0 1 0 0 0 0 0 1 1 0 0 0 0 0 0 0 0 0 0 1 0 0 0 0 1 0 0 0 0 1 1 0 0 0 1 0 0
 1 0 0 1 0 0 0 0 0 0 1 -62.434164902525694 1 0.125
0 0 1 0 0 0 0 1 1 0 0 0 0 1 0 0 0 0 1 0 0 0 0 1 1 0 0 0 0 1 0 0 0 0 0 1 0
 0 1 0 1 0 0 0 0 1 0 0 -72.59644256269407 1 0.020833333333333332
0 1 0 1 0 1 0 0 0 0 1 0 1 0 0 0 0 0 0 0 1 1 0 0 0 0 0 1 0 0 1 0 0 0 1 0 0
 1 0 0 1 0 0 0 0 0 0 1 -72.75872022286245 1 0.0625
0 0 0 1 0 1 0 0 0 0 1 0 1 0 0 0 0 0 1 0 1 0 0 0 0 0 0 1 0 1 0 1 0 0 1 0 1
 1 0 0 0 0 0 1 0 0 0 1 -64.92099788303084 1 0.08333333333333333
0 1 0 1 0 0 0 0 1 0 0 0 0 0 0 0 0 0 0 1 0 1 0 0 1 0 0 0 0 0 1 0 0 1 1 0 0
 1 0 0 1 0 0 0 0 0 0 1 -65.59644256269408 1 0.020833333333333332
0 0 0 1 0 1 0 0 1 0 1 0 0 0 0 0 0 0 0 1 0 1 0 0 0 0 0 1 0 0 1 0 0 0 1 0 0
 1 1 0 1 0 0 0 0 0 0 1 -69.75872022286245 1 0.041666666666666664
0 0 1 1 0 1 0 0 1 0 0 0 0 0 0 0 0 0 1 0 0 1 0 0 1 0 0 0 0 0 0 1 0 1 1 0 0
 1 0 0 1 0 0 0 0 0 0 1 -68.75872022286245 1 0.041666666666666664
0 0 1 0 0 0 0 1 1 0 0 0 0 1 0 0 0 0 0 1 0 1 0 0 1 0 0 0 0 1 1 0 0 0 1 0 0
 1 0 0 1 0 0 0 0 0 0 1 -71.75872022286245 1 0.10416666666666667
0 0 1 0 0 0 0 1 1 0 0 0 0 1 0 0 0 0 1 1 0 0 0 0 1 0 0 0 0 1 0 0 0 0 1 0 0
 1 0 0 1 0 0 0 0 0 0 1 -65.59644256269407 1 0.10416666666666667
0 1 0 0 0 0 0 1 0 0 1 0 1 0 0 0 0 1 0 0 0 0 1 0 0 0 0 1 1 0 0 0 0 1 1 0 0
 0 0 1 1 0 0 1 1 0 0 0 -66.92099788303084 1 0.041666666666666664
0 1 0 0 0 0 0 1 0 0 1 0 1 0 0 0 0 1 0 0 0 0 1 0 0 0 0 1 1 0 0 0 0 1 0 0 0
 0 1 0 0 0 0 1 1 0 0 0 -76.59644256269407 1 0.0625
0 0 0 1 0 1 0 0 0 0 1 0 1 0 0 0 0 0 1 0 1 0 0 0 0 0 0 1 0 1 0 0 0 0 1 1 1
 1 0 0 0 0 0 0 0 0 0 0 -66.59644256269408 1 0.0625
0 1 0 0 0 0 0 1 0 0 1 0 1 0 0 0 0 0 1 0 1 0 0 0 0 0 0 1 0 1 0 0 0 0 1 0 0
 1 0 0 1 0 0 0 0 0 0 1 -66.59644256269407 1 0.0625
0 1 0 0 0 1 0 0 0 0 1 0 1 0 0 0 0 0 0 0 0 1 0 0 0 0 0 1 1 0 1 0 0 0 1 0 0
 1 0 0 0 0 1 1 1 0 0 0 -67.75872022286245 1 0.08333333333333333
0 1 0 0 0 0 0 1 1 0 0 0 0 1 0 0 0 0 0 1 0 0 1 0 1 0 0 0 0 1 0 0 0 0 1 0 0
 0 0 1 1 0 0 0 0 1 0 0 -67.59644256269407 1 0.08333333333333333
0 1 0 0 0 0 0 1 0 0 1 0 1 0 0 0 0 0 0 1 0 0 1 0 1 0 0 0 0 1 0 0 0 0 1 0 0
 1 0 0 1 0 0 0 0 0 0 1 -68.59644256269407 1 0.08333333333333333
0 1 0 1 0 1 0 0 1 0 0 0 0 0 0 0 0 0 0 1 0 0 0 0 1 0 0 0 0 1 1 0 0 0 1 0 0
 1 0 0 1 0 0 0 0 0 0 1 -63.59644256269408 1 0.125
0 0 1 0 0 0 0 1 1 0 0 0 0 1 0 0 0 0 0 1 0 0 1 0 1 0 0 0 0 1 0 0 0 0 1 0 0
 0 1 0 1 0 0 0 0 1 0 1 -69.75872022286245 1 0.0625
0 0 0 1 0 1 0 0 0 0 1 0 1 0 0 0 0 0 0 1 0 1 0 0 1 0 0 0 0 0 1 0 0 0 1 0 0
 1 0 0 1 0 0 1 0 0 0 0 -77.59644256269408 1 0.041666666666666664
0 0 0 1 0 1 0 0 0 0 1 0 1 0 0 0 0 0 1 0 0 1 0 0 1 0 0 1 0 1 0 0 0 0 1 0 0
 1 0 0 1 0 0 1 1 0 0 0 -72.92099788303084 1 0.020833333333333332
0 1 0 0 0 0 0 1 0 0 1 0 1 0 0 0 0 1 0 0 0 0 1 0 1 0 0 1 0 0 1 0 0 1 0 0 0
 0 1 0 1 0 0 0 0 0 0 1 -71.75872022286245 1 0.041666666666666664
0 1 0 1 0 1 0 0 0 0 1 0 1 0 0 0 0 0 1 0 0 1 0 0 1 0 0 1 0 0 1 0 0 0 1 0 0
 1 0 0 1 0 1 0 0 0 0 1 -70.08327554319922 1 0.020833333333333332
0 1 0 0 0 1 0 0 1 0 0 0 0 0 0 1 0 0 0 1 0 1 1 0 1 0 0 0 0 0 1 0 0 0 1 0 0
 1 0 0 1 0 0 0 0 0 0 1 -70.75872022286245 1 0.041666666666666664
0 0 0 1 0 0 0 0 1 0 0 0 1 1 0 0 0 0 0 1 0 0 1 0 1 0 0 0 0 1 0 0 0 0 1 0 0
 1 0 0 1 0 0 0 0 0 0 1 -64.59644256269407 1 0.10416666666666667
0 0 1 1 0 1 0 0 1 0 0 0 0 0 0 0 0 0 1 1 0 0 0 0 1 0 0 0 0 1 0 0 0 0 1 1 0
 1 0 0 1 0 0 0 0 0 0 1 -65.75872022286245 1 0.125
1 0 0 1 0 1 0 0 1 0 0 0 0 0 0 0 1 0 0 0 0 1 1 0 1 0 0 0 0 0 0 1 0 0 1 0 0
 1 0 0 1 0 0 0 0 0 0 1 -65.75872022286245 1 0.08333333333333333
0 0 0 1 0 1 0 0 1 0 0 0 1 0 0 0 0 0 1 0 0 0 0 0 1 0 0 0 0 1 0 0 0 0 1 0 0
 1 0 0 1 0 0 1 0 0 0 0 -61.4341649025257 1 0.10416666666666667
0 1 0 0 0 0 0 1 0 0 1 0 1 0 0 0 0 1 0 0 1 0 0 0 0 0 0 1 0 0 1 0 0 1 0 0 1
 0 0 0 0 0 0 0 0 0 0 1 -69.4341649025257 1 0.041666666666666664
0 0 0 1 1 0 0 0 0 1 0 0 0 1 1 0 0 0 1 0 1 0 0 0 0 0 0 1 0 1 0 0 0 0 1 0 0
 1 0 0 1 0 1 0 0 0 0 1 -60.92099788303083 1 0.08333333333333333
0 1 0 0 0 1 0 0 0 0 1 0 1 0 0 0 0 1 0 0 0 1 0 0 0 0 0 1 1 0 1 0 0 0 1 0 0
 1 0 0 1 0 0 0 1 0 0 0 -67.75872022286245 1 0.08333333333333333
0 1 0 0 0 0 0 1 0 0 1 0 1 0 0 0 0 1 0 0 0 0 1 0 0 0 0 1 1 0 0 0 0 1 0 0 1
 0 1 0 0 0 0 1 1 0 0 0 -69.75872022286245 1 0.0
0 1 0 0 0 0 0 1 0 0 1 0 1 0 0 0 0 1 0 0 0 1 1 0 0 0 0 1 1 0 0 0 0 1 0 0 0
 0 1 0 1 0 0 0 0 0 0 1 -69.75872022286245 1 0.0
0 1 0 0 0 0 0 1 1 0 1 0 1 0 0 0 1 0 0 0 0 0 1 0 0 0 0 1 0 1 0 0 0 0 1 0 0
 0 0 1 1 0 0 0 0 1 0 0 -65.75872022286245 1 0.020833333333333332
0 1 0 0 0 1 0 0 1 0 0 0 1 0 0 0 0 0 0 1 0 0 0 0 1 0 0 0 0 1 1 0 0 0 1 0 0
 1 0 0 1 0 0 0 0 0 0 1 -61.59644256269408 1 0.125
0 1 0 0 0 0 0 1 0 0 1 0 1 0 0 0 1 0 0 0 0 1 0 0 0 0 0 1 0 0 1 0 0 0 1 0 0
 1 1 0 0 0 0 1 1 0 0 0 -69.75872022286245 1 0.041666666666666664
0 1 0 0 0 0 0 1 0 0 1 0 1 0 0 0 1 0 0 0 0 0 1 0 0 0 0 1 0 1 0 0 0 1 0 0 1
 0 0 0 0 0 1 0 0 0 0 1 -68.59644256269407 1 0.041666666666666664
0 1 0 0 0 0 0 1 1 0 0 0 1 0 0 0 0 0 0 1 0 0 1 0 1 0 0 0 0 1 0 0 0 0 1 0 0
 1 0 0 1 0 0 0 0 0 0 1 -65.59644256269407 1 0.08333333333333333
0 1 0 0 0 0 0 1 0 0 1 0 1 0 0 0 0 1 0 0 0 0 1 0 0 0 0 1 1 0 1 0 0 1 0 0 0
 0 1 0 1 0 0 0 0 0 0 1 -71.75872022286245 1 0.08333333333333333
0 1 0 0 0 1 0 1 0 0 1 0 1 0 0 0 0 0 1 0 0 1 0 0 0 0 0 1 1 0 0 0 0 0 0 1 0
 1 0 0 1 0 0 0 0 0 1 0 -69.75872022286245 1 0.041666666666666664
0 1 0 0 0 0 0 1 0 0 1 0 1 0 0 0 1 0 0 0 0 0 1 0 0 0 0 1 0 1 0 0 0 0 1 0 0
 0 0 1 1 0 0 1 0 1 0 0 -65.75872022286245 1 0.020833333333333332
0 0 0 1 0 1 0 0 0 0 0 0 1 0 0 0 0 0 0 1 0 1 0 0 1 0 0 0 0 0 1 0 0 0 0 0 0
 1 0 0 1 0 1 0 0 0 0 1 -68.4341649025257 1 0.0625
0 1 0 0 0 1 0 1 0 0 1 0 1 0 0 0 0 0 0 0 0 1 1 0 0 0 0 1 1 0 0 0 0 0 1 0 0
 1 0 0 0 0 0 1 1 0 0 0 -70.75872022286245 1 0.08333333333333333
0 1 0 0 0 0 0 1 0 0 1 0 1 0 0 0 0 1 0 0 0 1 0 0 1 0 0 1 0 0 1 0 0 1 0 0 0
 0 1 0 1 0 0 0 0 0 0 1 -71.75872022286245 1 0.041666666666666664
0 0 0 1 0 1 0 0 1 0 0 0 0 0 1 0 0 0 1 0 0 1 1 0 1 0 0 0 0 0 0 1 0 0 0 1 0
 1 0 0 1 0 0 0 0 0 0 1 -70.75872022286245 1 0.020833333333333332
0 1 0 0 0 0 0 1 1 0 0 0 0 0 0 0 0 0 1 0 0 1 0 0 1 0 0 0 0 0 0 1 0 0 0 1 0
 1 0 0 1 0 0 0 0 0 1 0 -65.4341649025257 1 0.041666666666666664
0 0 1 1 0 1 0 0 1 0 0 0 0 1 0 0 0 0 0 1 0 0 0 0 1 0 0 0 0 1 1 0 0 0 1 1 0
 1 0 0 1 0 0 0 0 0 0 1 -65.92099788303084 1 0.08333333333333333
0 1 0 1 0 1 0 0 1 0 1 0 1 0 0 0 0 0 1 0 0 1 0 0 0 0 0 1 0 0 1 0 0 0 1 0 0
 1 1 0 1 0 0 0 0 0 0 1 -63.08327554319923 1 0.0625
0 1 0 0 0 0 0 1 0 0 1 0 1 0 0 0 1 0 0 0 0 0 1 0 0 0 0 1 0 1 0 0 0 0 0 1 0
 0 1 0 1 0 0 0 0 1 0 0 -68.59644256269407 1 0.041666666666666664
0 1 0 1 0 1 0 0 0 0 1 0 1 0 0 0 0 0 1 0 0 1 0 0 0 0 0 1 1 0 1 0 0 0 1 0 1
 1 0 0 0 0 1 0 0 0 0 1 -68.08327554319922 1 0.041666666666666664
0 0 1 1 0 1 0 0 1 0 0 0 0 1 0 0 0 0 0 1 1 0 0 0 1 0 0 0 0 1 1 0 0 0 1 1 0
 1 0 0 1 0 0 0 0 0 0 1 -64.0832755431992 1 0.10416666666666667
0 1 0 0 0 1 0 0 1 0 1 0 1 0 0 0 1 0 0 0 0 1 0 0 0 0 0 1 1 0 1 0 0 0 0 1 0
 1 0 0 1 0 0 0 0 0 1 0 -61.92099788303084 1 0.0625
0 0 1 1 1 1 0 0 1 0 0 0 0 1 0 0 0 0 0 1 0 0 0 0 1 0 0 0 0 1 1 0 0 0 1 0 0
 1 0 0 1 0 0 0 0 0 0 1 -63.92099788303084 1 0.125
0 1 0 0 0 0 0 1 1 0 0 0 1 0 0 0 0 0 0 1 0 0 0 0 1 0 0 0 0 1 1 0 0 0 1 0 0
 1 0 0 1 0 0 0 0 0 0 1 -62.59644256269407 1 0.10416666666666667
0 0 0 1 0 0 1 0 1 0 0 0 0 1 0 0 0 0 1 0 0 0 0 0 1 0 0 1 0 1 0 0 0 0 1 1 0
 1 0 0 1 0 0 0 0 0 0 1 -64.75872022286245 1 0.125
0 0 0 1 1 0 0 0 1 0 0 0 0 1 0 0 0 0 1 1 1 0 0 0 1 0 0 0 0 1 0 0 0 0 1 0 0
 1 0 0 1 0 0 0 0 0 0 1 -64.75872022286245 1 0.10416666666666667
0 0 0 1 0 0 0 1 1 0 0 0 0 1 0 0 0 0 1 1 0 0 0 0 1 0 0 0 0 1 0 0 0 0 1 0 0
 1 0 0 1 0 0 0 0 0 0 1 -64.59644256269407 1 0.125
0 0 0 1 0 0 1 0 1 0 0 0 0 1 0 0 0 0 0 0 0 0 0 0 1 0 0 1 0 1 1 0 0 0 1 0 0
 1 0 0 1 0 0 0 0 0 0 1 -66.59644256269407 1 0.08333333333333333
0 1 0 0 0 0 0 0 0 0 1 0 1 0 0 0 0 0 0 1 0 0 0 0 1 0 0 0 0 1 1 0 0 0 1 0 0
 1 0 0 1 0 0 0 0 0 0 1 -62.4341649025257 1 0.10416666666666667
0 1 0 0 0 1 0 0 1 0 0 0 0 0 0 1 0 0 0 1 0 1 0 0 1 0 0 0 0 0 1 0 0 0 1 0 0
 1 1 0 1 0 0 0 0 0 0 1 -70.75872022286245 1 0.10416666666666667
0 1 0 0 0 0 0 1 0 0 1 0 1 0 0 0 0 0 1 0 1 0 0 0 0 0 0 1 0 1 0 0 0 1 0 0 1
 0 0 0 0 0 1 0 0 0 0 1 -66.59644256269407 2 0.0625
0 1 0 0 0 1 0 1 1 0 0 0 1 0 0 0 0 0 0 1 0 1 1 0 1 0 0 0 0 0 1 0 0 0 1 0 0
 1 0 0 1 0 0 0 0 0 0 1 -65.92099788303084 1 0.041666666666666664
0 1 0 0 0 0 0 1 1 0 0 0 0 0 1 0 0 0 0 1 0 0 1 0 1 0 0 0 0 1 0 0 0 1 0 0 0
 0 1 0 1 0 0 0 0 0 0 1 -68.59644256269407 1 0.0625
0 1 0 0 0 0 0 1 1 0 0 0 0 1 0 0 1 0 0 0 0 0 1 0 0 0 0 1 0 1 0 0 0 0 1 0 0
 1 0 0 1 0 0 0 0 0 0 1 -63.59644256269407 1 0.08333333333333333
0 1 0 1 0 1 0 0 0 0 0 0 1 0 0 0 0 0 1 0 0 1 0 0 1 0 0 0 0 0 1 0 0 0 1 0 0
 1 0 0 1 0 0 0 0 0 0 1 -67.59644256269408 1 0.041666666666666664
0 1 0 0 0 1 0 1 1 0 1 0 1 0 0 0 1 0 0 0 0 1 1 0 0 0 0 1 0 0 1 0 0 0 1 0 0
 1 0 0 1 0 0 0 0 0 0 1 -66.08327554319922 1 0.041666666666666664
0 1 0 0 0 0 0 1 1 0 0 0 0 0 0 0 0 0 0 1 0 0 1 0 1 0 0 1 0 1 0 0 0 0 1 0 0
 1 0 0 1 0 0 0 0 0 0 1 -60.59644256269407 1 0.0625
0 0 0 1 0 1 0 0 1 0 0 0 1 0 0 0 0 0 1 0 1 0 0 0 1 0 0 0 0 1 0 0 0 0 1 0 0
 1 0 0 1 0 0 1 0 0 0 1 -59.75872022286246 1 0.08333333333333333
0 0 0 1 0 0 0 1 1 0 0 0 0 1 0 0 0 0 1 0 0 0 0 0 0 0 0 1 0 1 0 0 0 0 1 0 0
 1 0 0 1 0 0 0 0 0 0 1 -62.4341649025257 1 0.08333333333333333
0 1 0 0 0 1 0 1 0 0 1 0 1 0 0 0 0 0 1 0 0 1 1 0 0 0 0 1 1 0 0 0 0 0 1 0 0
 1 0 0 0 0 0 1 1 0 0 0 -68.92099788303084 1 0.0625
0 0 1 1 0 1 0 0 1 0 0 0 0 1 0 0 0 0 0 1 0 0 1 0 1 0 0 0 0 1 0 0 0 0 1 1 0
 1 0 0 1 0 0 0 0 1 0 0 -68.92099788303084 1 0.0625
0 0 1 0 0 0 0 1 1 0 0 0 0 1 0 0 0 0 0 1 0 0 0 0 1 0 0 1 0 1 1 0 0 0 1 0 0
 1 0 0 1 0 0 0 0 0 0 1 -64.75872022286245 1 0.08333333333333333
0 0 0 0 0 0 0 1 1 0 0 0 0 1 0 0 0 0 0 1 0 0 1 0 1 0 0 0 0 1 0 0 0 0 1 0 0
 1 0 0 1 0 0 0 0 0 0 1 -67.4341649025257 1 0.10416666666666667
0 0 0 1 0 1 0 0 0 0 1 0 1 1 0 0 0 0 1 0 0 0 0 0 0 0 0 1 0 1 0 0 0 0 1 1 0
 1 0 0 1 0 0 0 0 1 0 0 -65.75872022286245 1 0.08333333333333333
0 0 0 1 0 1 0 0 1 0 0 0 0 1 0 0 0 0 0 1 0 0 0 0 1 0 0 0 0 1 1 0 0 1 1 0 0
 1 0 0 1 0 0 0 0 0 0 1 -63.75872022286246 1 0.125
0 0 0 1 0 1 0 0 0 0 1 0 1 0 0 1 1 0 0 0 0 1 0 0 0 0 0 1 0 0 1 0 0 0 0 1 0
 1 0 0 1 0 0 0 0 0 1 0 -75.75872022286245 1 0.0625
0 0 0 1 0 0 1 0 1 0 0 0 0 1 0 0 0 0 1 0 1 0 0 0 1 0 0 1 0 1 0 0 0 0 1 0 0
 1 0 1 1 0 0 0 0 1 0 0 -64.92099788303082 1 0.020833333333333332
0 0 0 1 0 1 0 0 1 0 0 0 0 0 0 1 0 0 1 0 0 0 0 0 1 0 0 1 0 1 0 0 0 0 0 1 0
 1 0 0 1 0 0 0 0 0 1 0 -64.59644256269408 1 0.08333333333333333
0 1 0 1 0 1 0 0 1 0 0 0 1 0 0 0 0 0 1 0 0 0 0 0 1 0 0 0 0 1 0 0 0 0 1 0 0
 1 0 0 1 0 0 0 0 0 0 1 -61.59644256269408 1 0.10416666666666667
0 1 0 0 0 0 0 1 1 0 0 0 0 0 1 0 0 0 0 1 0 1 1 0 1 0 0 0 0 1 0 0 0 0 1 0 0
 1 0 0 1 0 0 0 0 0 0 1 -67.75872022286245 1 0.08333333333333333
0 1 0 0 0 1 0 0 1 0 0 0 0 0 0 1 0 0 1 0 0 1 0 0 1 0 0 1 0 0 1 0 0 0 0 1 0
 1 0 0 1 0 0 0 0 0 0 1 -65.75872022286245 1 0.020833333333333332
0 0 0 1 0 1 0 0 1 0 0 0 0 1 0 0 0 0 0 1 0 0 1 0 1 0 0 0 0 1 0 0 0 0 1 0 0
 1 0 1 1 0 0 0 0 1 0 0 -68.75872022286245 1 0.08333333333333333
0 1 0 0 0 1 0 0 1 0 0 0 0 0 0 1 0 0 0 1 0 1 0 0 0 0 1 0 0 0 1 0 0 0 1 0 0
 1 1 0 1 0 0 0 0 0 0 1 -61.75872022286246 1 0.08333333333333333
0 1 0 0 0 0 0 1 0 0 1 0 1 0 0 0 0 0 1 0 0 1 0 0 0 0 0 1 1 0 0 0 0 1 0 0 0
 1 0 0 1 0 1 0 0 0 0 1 -67.75872022286245 1 0.0
0 1 0 0 0 1 0 1 0 0 1 0 1 0 0 0 1 0 0 0 0 1 1 0 0 0 0 1 0 1 0 0 0 0 1 0 0
 1 0 0 1 0 0 0 0 0 0 1 -66.92099788303084 1 0.041666666666666664
0 0 1 1 0 1 0 0 1 0 0 0 0 1 0 0 0 0 1 1 0 0 0 0 1 0 0 0 0 1 0 0 0 0 1 1 0
 1 0 0 1 0 0 0 0 0 0 1 -65.92099788303084 1 0.10416666666666667
0 0 0 1 1 1 0 0 1 0 0 0 0 1 0 0 0 0 1 0 1 0 0 0 1 0 0 1 0 1 0 0 0 0 1 0 0
 1 0 0 1 0 0 0 0 0 0 1 -61.92099788303084 1 0.14583333333333334
0 0 0 1 0 1 0 0 0 0 1 0 1 0 0 0 1 0 0 0 0 1 0 0 0 0 0 1 0 1 1 0 0 0 0 1 0
 1 1 0 1 0 0 0 0 0 0 0 -66.75872022286245 1 0.041666666666666664
0 0 0 1 0 1 0 0 1 0 0 0 0 0 0 0 0 0 1 0 0 1 0 0 1 0 0 1 0 0 1 0 0 0 0 1 0
 1 0 0 1 0 1 0 0 0 0 0 -67.59644256269407 1 0.0625
0 0 0 1 1 1 0 0 0 0 1 0 0 1 0 0 0 0 1 0 1 0 0 0 0 0 0 1 0 1 0 0 0 0 1 1 1
 0 0 0 0 1 0 0 0 0 0 1 -64.92099788303084 1 0.041666666666666664
0 1 0 0 0 0 0 1 1 0 0 0 0 1 0 0 0 0 0 1 0 0 0 0 1 0 0 0 0 1 1 0 0 0 1 0 0
 1 0 0 1 0 0 0 0 0 0 1 -62.59644256269407 1 0.16666666666666666
0 1 0 0 0 0 0 1 0 0 1 0 1 0 0 0 0 0 0 0 1 0 0 0 0 0 0 1 0 1 1 0 0 1 0 0 0
 0 1 0 1 0 0 0 0 0 0 1 -65.59644256269407 1 0.0625
0 0 1 0 0 1 0 0 1 0 0 0 0 0 0 1 0 0 0 1 0 1 1 0 1 0 0 0 0 1 0 0 0 0 1 0 0
 1 0 0 1 0 0 0 0 0 0 1 -71.75872022286245 1 0.0625
0 0 1 0 0 0 0 1 1 0 0 0 0 1 0 0 0 0 0 1 0 0 1 0 1 0 0 0 0 1 0 0 0 0 1 0 0
 1 0 0 1 0 0 0 0 0 0 1 -72.59644256269407 1 0.10416666666666667
0 1 0 0 1 0 0 0 0 0 1 0 0 0 0 1 0 0 1 0 1 0 0 0 0 0 0 1 0 1 0 0 0 0 1 0 1
 1 0 0 0 0 0 1 0 0 0 0 -63.59644256269407 1 0.041666666666666664
0 0 0 1 0 1 0 0 1 0 0 0 0 1 0 0 0 0 0 1 0 0 0 0 1 0 0 0 0 1 1 0 1 0 1 0 0
 1 0 0 1 0 0 0 0 0 0 1 -63.75872022286246 1 0.0625
0 1 0 0 0 1 0 0 1 0 0 0 0 0 0 1 0 0 0 1 0 0 1 0 1 0 0 0 0 1 1 0 0 0 1 0 0
 1 0 0 1 0 0 0 0 0 0 1 -64.75872022286245 1 0.041666666666666664
0 0 0 1 0 0 0 0 1 0 0 0 0 1 1 0 0 0 0 1 0 1 1 0 1 0 0 0 0 1 0 0 0 0 1 0 0
 1 0 0 1 0 0 0 0 0 0 1 -66.75872022286245 1 0.0625
0 1 0 0 0 1 0 1 1 0 0 0 1 0 0 0 0 0 0 1 0 1 0 0 1 0 0 0 0 1 1 0 0 0 1 0 0
 1 0 0 1 0 0 0 0 0 0 1 -63.92099788303084 1 0.0625
0 0 0 1 0 1 0 0 1 0 0 0 1 0 0 0 0 0 0 0 0 1 1 0 1 0 0 1 0 1 0 0 0 0 1 0 0
 1 0 0 1 0 0 0 0 0 0 1 -65.75872022286245 1 0.0625
0 0 1 0 0 0 0 1 1 0 0 0 0 1 0 0 0 0 1 1 0 0 0 0 1 0 0 0 0 1 0 0 0 0 0 1 0
 0 1 0 1 0 0 0 0 1 0 0 -67.59644256269407 1 0.10416666666666667
0 1 0 0 0 0 0 1 0 0 1 0 1 0 0 0 0 1 0 0 1 0 0 0 0 0 0 1 0 0 1 0 0 1 0 0 0
 0 1 0 0 0 0 1 1 0 0 0 -72.59644256269407 1 0.08333333333333333
0 0 0 1 0 1 0 0 0 0 0 0 1 0 0 0 0 0 0 1 0 1 1 0 0 0 0 0 1 0 0 0 0 0 1 0 0
 1 0 0 1 0 0 1 0 0 0 1 -63.59644256269408 1 0.08333333333333333
0 0 1 0 0 0 0 1 1 0 0 0 0 1 0 0 0 0 1 1 0 0 0 0 1 0 0 0 0 1 0 0 0 0 1 1 0
 1 0 0 1 0 0 0 0 0 0 1 -62.75872022286245 1 0.10416666666666667
0 0 0 1 0 1 0 0 1 0 1 0 0 1 0 0 0 0 1 1 0 0 0 0 1 0 0 0 0 1 0 0 0 0 1 1 0
 1 0 0 1 0 0 0 0 1 0 0 -65.92099788303084 1 0.125
0 1 0 1 0 0 0 1 0 0 1 0 1 0 0 0 1 0 0 0 0 0 1 0 0 0 0 1 0 1 0 0 0 0 1 0 0
 1 0 0 1 0 0 0 0 0 0 1 -67.75872022286245 1 0.08333333333333333
0 1 0 0 0 0 0 1 0 0 1 0 1 0 0 0 1 0 0 0 0 0 1 0 0 0 0 1 0 1 0 0 1 0 1 0 0
 0 1 0 0 0 0 1 0 1 0 0 -65.75872022286245 1 0.0625
0 1 0 0 0 0 0 1 0 0 1 0 1 0 0 0 0 0 0 0 0 1 0 0 1 0 0 1 0 0 1 0 0 0 1 0 0
 1 0 0 1 0 0 0 0 0 0 1 -71.59644256269407 1 0.041666666666666664
0 1 0 0 0 0 0 1 0 0 1 0 1 0 0 0 1 0 0 0 0 0 1 0 0 0 0 1 0 1 0 0 0 0 1 0 0
 1 0 1 1 0 0 0 0 0 0 0 -65.59644256269407 1 0.0625
0 0 1 0 0 0 0 1 1 0 0 0 0 1 0 0 0 0 1 1 0 0 0 0 1 0 0 0 0 1 0 0 0 0 1 1 0
 0 1 0 1 0 0 0 0 1 0 0 -64.75872022286245 1 0.125
0 1 0 0 0 1 0 0 1 0 0 0 0 0 0 1 0 0 0 0 0 1 0 0 0 0 0 1 1 0 1 0 0 1 0 0 0
 1 0 0 1 0 1 0 0 0 0 1 -63.75872022286246 1 0.0625
0 1 0 0 0 0 0 1 1 0 0 0 0 0 0 0 0 0 0 1 0 0 1 0 1 0 0 1 0 1 0 0 0 0 1 0 0
 1 0 0 1 0 0 0 0 0 0 1 -60.59644256269407 1 0.08333333333333333
0 0 1 1 0 1 0 0 1 0 0 0 0 1 0 0 0 0 1 0 0 1 0 0 1 0 0 0 0 0 0 1 0 0 1 1 0
 1 0 0 1 0 0 0 0 0 0 0 -70.75872022286245 1 0.0625
0 1 0 0 0 0 0 1 1 0 0 0 1 0 0 0 0 0 0 1 0 1 1 0 1 0 0 0 0 1 0 0 0 0 1 0 0
 1 0 0 1 0 0 0 0 0 0 1 -62.75872022286246 1 0.08333333333333333
0 0 0 0 0 0 0 1 1 0 0 0 0 1 0 0 0 0 0 1 0 0 0 0 1 0 0 0 0 1 0 0 0 0 1 0 0
 1 0 0 1 0 0 0 0 0 0 1 -62.271887242357316 1 0.14583333333333334
0 1 0 1 0 1 0 0 0 0 1 0 1 0 0 0 0 0 0 1 1 0 0 0 0 0 0 1 0 1 1 0 0 0 1 0 1
 1 0 0 0 0 0 1 0 0 0 1 -62.083275543199214 1 0.0625
0 1 0 0 0 1 1 0 1 0 0 0 0 0 0 1 0 0 0 1 0 0 0 0 1 0 0 0 0 1 1 0 0 0 1 0 0
 1 0 0 1 0 0 0 0 0 0 1 -64.75872022286245 1 0.14583333333333334
0 1 0 0 1 0 0 0 0 0 1 0 0 0 0 1 0 0 1 0 0 1 0 0 0 0 0 1 1 0 0 0 0 1 0 0 1
 0 0 0 0 0 0 1 0 0 1 0 -66.59644256269407 1 0.0
0 0 0 1 0 0 0 1 1 0 0 0 0 1 0 0 0 0 0 1 0 0 1 0 1 0 0 0 0 1 0 0 0 0 1 0 0
 1 1 0 1 0 0 0 0 0 0 1 -64.75872022286245 1 0.08333333333333333
0 1 0 1 0 1 0 0 1 0 0 0 1 0 0 0 0 0 1 0 0 1 0 0 1 0 0 0 0 0 0 1 0 0 1 1 0
 1 0 0 1 0 0 0 0 0 0 0 -65.75872022286245 1 0.0625
0 1 0 0 0 1 0 0 1 0 0 0 0 0 0 1 0 0 1 0 0 0 0 0 1 0 0 1 0 1 0 0 0 0 1 0 0
 1 0 0 1 0 0 0 0 0 0 1 -60.59644256269408 1 0.08333333333333333
0 0 1 0 0 0 0 1 1 0 0 0 0 1 0 0 0 0 1 0 0 0 0 1 1 0 0 0 0 1 0 0 0 1 0 0 0
 0 1 0 1 0 0 0 0 0 0 1 -66.59644256269407 1 0.0625
0 1 0 0 0 1 0 0 0 0 1 0 1 0 0 0 0 0 0 0 0 1 0 0 0 0 0 1 1 0 1 0 1 0 0 0 0
 1 0 0 1 0 0 0 0 0 1 1 -63.75872022286246 1 0.0625
0 0 0 1 0 1 0 0 1 0 1 0 0 0 1 0 0 0 1 0 1 0 0 0 1 0 0 1 0 1 0 0 0 0 1 0 1
 1 0 0 1 0 0 0 0 0 0 1 -64.0832755431992 1 0.0625
0 0 1 1 0 1 0 0 1 0 0 0 0 1 0 0 0 0 1 0 0 0 0 0 1 0 0 1 0 1 1 0 0 0 1 0 0
 1 0 0 1 0 0 0 0 0 0 1 -63.92099788303084 1 0.10416666666666667
0 1 0 0 0 0 0 1 0 0 1 0 1 0 0 0 1 0 0 0 0 0 1 0 0 0 0 1 0 1 0 0 0 0 1 0 0
 0 0 1 0 1 0 0 1 0 0 0 -68.59644256269407 1 0.0625
0 1 0 0 0 1 0 1 0 0 1 0 1 0 0 0 0 0 0 0 0 1 1 0 0 0 0 1 1 0 0 0 0 0 1 0 0
 1 0 0 0 0 1 1 1 0 0 0 -65.92099788303084 1 0.08333333333333333
0 1 0 0 0 0 1 1 1 0 0 0 0 1 0 0 0 1 0 0 0 0 0 1 1 0 0 0 0 0 1 0 0 1 0 0 0
 0 1 0 1 0 0 0 0 0 0 1 -69.75872022286245 1 0.08333333333333333
0 1 0 0 1 0 0 0 1 0 0 0 0 0 0 1 0 1 0 0 1 0 0 0 0 0 0 1 0 1 1 0 0 1 0 0 1
 0 0 0 0 0 1 0 0 0 0 1 -62.75872022286246 1 0.041666666666666664
0 1 0 0 0 1 0 0 1 0 0 0 0 0 0 1 1 0 0 0 0 1 0 0 0 0 0 1 0 0 1 0 1 0 0 0 0
 1 0 0 0 0 1 1 0 0 0 1 -66.75872022286245 1 0.041666666666666664
0 1 0 0 0 1 0 0 0 0 1 0 1 0 0 1 1 0 1 0 0 1 0 0 0 0 0 1 0 0 1 0 0 0 0 1 0
 1 0 0 1 0 0 0 0 0 1 0 -68.92099788303084 1 0.041666666666666664
0 1 0 0 0 1 0 0 1 0 0 0 0 0 0 1 0 0 1 0 1 0 0 0 0 0 0 1 0 0 1 0 0 0 1 0 0
 1 0 0 1 0 0 0 0 0 0 1 -62.59644256269407 1 0.08333333333333333
0 0 0 1 0 1 0 0 1 0 0 0 0 0 0 0 0 0 1 1 1 0 0 0 1 0 0 0 0 1 0 0 0 0 1 1 0
 1 0 0 1 0 0 0 0 1 0 0 -61.75872022286246 1 0.10416666666666667
0 1 0 0 0 0 0 1 1 0 0 0 1 0 0 0 1 0 0 0 0 1 0 0 1 0 0 0 0 0 1 0 0 1 0 0 0
 0 1 0 1 0 0 0 0 0 0 1 -64.59644256269407 1 0.0625
0 0 1 0 1 0 0 0 1 0 0 0 0 1 0 0 0 0 1 1 0 0 0 0 1 0 0 0 0 1 0 0 0 0 1 0 0
 1 0 0 1 0 0 0 0 0 0 1 -60.59644256269407 1 0.08333333333333333
0 1 0 0 0 0 0 1 0 0 1 0 1 0 0 0 1 0 0 0 0 0 1 0 0 0 0 1 0 1 0 0 1 0 0 0 0
 1 1 0 1 0 0 0 0 0 0 1 -65.75872022286245 1 0.041666666666666664
0 0 0 1 0 1 0 0 1 0 0 0 1 0 0 0 1 0 0 0 0 1 1 0 0 0 0 1 0 1 0 0 0 0 1 0 0
 0 0 1 1 0 0 0 0 1 0 0 -64.75872022286245 1 0.08333333333333333
0 0 1 0 1 0 0 0 1 0 0 1 0 1 0 0 0 0 0 1 1 0 0 0 1 0 0 0 0 1 1 0 0 0 1 0 0
 1 0 0 1 0 0 0 0 0 0 1 -62.92099788303083 1 0.125
0 0 0 1 0 0 0 1 1 0 0 0 0 1 0 0 0 0 1 0 1 0 0 0 0 0 0 1 0 1 0 0 0 0 1 1 1
 0 0 0 1 0 0 0 0 1 0 0 -62.75872022286245 1 0.041666666666666664
0 1 0 0 0 0 0 1 0 0 1 0 1 0 0 0 1 0 0 0 0 0 1 0 0 0 0 1 0 1 0 0 0 0 1 0 0
 1 0 0 1 0 1 0 0 0 0 1 -65.75872022286245 1 0.08333333333333333
0 1 0 0 0 0 0 1 0 0 1 0 1 0 0 0 1 0 0 0 0 0 1 0 0 0 0 1 0 1 0 0 1 0 0 0 0
 1 1 0 0 0 0 1 0 0 0 0 -65.59644256269407 1 0.0625
0 0 0 1 0 1 0 0 1 0 0 0 1 0 1 0 0 0 1 0 0 1 0 0 1 0 0 0 0 0 0 1 0 0 0 1 0
 1 0 0 1 0 0 0 0 0 1 0 -75.75872022286245 1 0.08333333333333333
0 1 0 1 0 1 0 0 0 0 1 0 1 0 0 0 1 0 0 0 0 1 0 0 0 0 0 1 0 0 1 0 0 0 1 0 0
 1 0 0 0 0 1 1 1 0 0 1 -70.08327554319922 1 0.0625
0 1 0 0 0 1 0 1 1 0 0 0 1 0 0 0 0 0 0 1 0 1 1 0 1 0 0 0 0 0 0 0 0 0 1 0 0
 1 0 0 1 0 0 0 0 0 0 1 -63.75872022286246 1 0.125
0 1 0 0 0 0 0 1 0 0 1 0 1 0 0 0 0 1 0 0 0 0 1 0 0 0 0 1 1 0 0 0 0 1 1 0 1
 0 0 0 0 0 0 1 0 1 0 0 -65.75872022286245 1 0.0
1 0 0 1 0 1 0 0 1 0 0 0 0 1 1 0 0 0 0 1 0 1 0 0 1 0 0 0 0 1 1 0 0 0 1 0 0
 1 0 0 1 0 0 0 0 0 0 1 -68.0832755431992 1 0.041666666666666664
0 1 0 0 0 0 0 0 1 0 0 0 0 0 0 1 0 0 0 1 0 0 1 0 1 0 0 0 0 1 0 0 0 0 1 0 0
 1 0 0 1 0 0 0 0 0 0 1 -63.434164902525694 1 0.10416666666666667
0 1 0 0 0 1 0 1 1 0 0 0 0 0 0 0 0 0 1 0 0 1 0 0 0 0 0 0 0 0 0 1 0 0 1 0 0
 1 0 0 1 0 0 0 0 0 0 1 -57.4341649025257 1 0.08333333333333333
0 1 0 0 0 0 0 1 1 0 1 0 1 0 0 0 0 1 0 0 0 0 1 0 1 0 0 1 0 1 0 0 0 0 1 0 0
 1 0 0 1 0 0 0 0 0 0 1 -62.92099788303084 1 0.041666666666666664
0 1 0 0 0 0 0 1 1 0 0 0 0 0 0 0 0 0 0 1 0 0 1 0 1 0 0 0 0 1 0 0 0 0 1 0 0
 1 0 0 1 0 0 0 0 0 0 1 -65.4341649025257 1 0.125
0 0 0 1 0 0 0 1 0 0 1 0 1 1 0 0 0 0 1 0 1 0 0 0 0 0 0 1 0 1 0 0 0 0 1 0 0
 1 0 0 0 0 0 1 1 0 0 0 -67.75872022286245 1 0.0625
0 1 0 0 0 1 0 0 1 0 0 0 1 0 0 1 0 0 1 0 0 1 0 0 0 0 0 1 1 0 1 0 0 0 0 1 0
 1 0 0 1 0 0 0 0 0 1 0 -61.92099788303084 1 0.0625
0 0 0 0 0 0 0 1 1 0 0 0 0 1 0 0 0 0 0 1 0 0 1 0 1 0 0 0 0 1 0 0 0 0 1 1 0
 0 1 0 1 0 0 0 0 1 0 0 -62.59644256269407 1 0.0625
0 1 0 0 0 0 0 1 0 0 0 0 1 0 0 0 1 0 0 0 0 0 1 0 0 0 0 1 0 1 0 0 0 0 1 0 0
 1 0 0 0 0 0 1 1 0 0 0 -61.434164902525694 1 0.041666666666666664
0 0 0 1 0 0 1 0 1 0 0 0 0 1 0 0 0 0 1 0 0 0 0 0 1 0 0 1 0 1 0 0 0 0 1 0 0
 1 0 0 1 0 0 0 0 0 0 1 -69.59644256269407 1 0.125
0 1 0 0 0 0 0 1 0 0 1 0 1 0 0 0 0 0 1 0 0 0 0 0 1 0 0 1 0 1 0 0 0 0 1 0 0
 1 0 0 1 0 0 0 0 0 0 1 -63.59644256269407 1 0.041666666666666664
0 1 0 0 0 0 0 1 1 0 0 0 0 1 0 0 0 0 0 1 0 0 1 0 1 0 0 0 0 1 0 0 0 1 0 0 0
 0 1 0 1 0 0 0 0 0 0 1 -63.59644256269407 1 0.0625
0 0 0 1 0 0 0 1 1 0 1 0 0 1 0 0 0 0 1 0 0 0 0 0 1 0 0 1 0 1 0 0 0 0 0 1 0
 0 1 0 1 0 0 0 0 1 0 0 -66.75872022286245 1 0.0625
0 1 0 0 0 0 0 1 0 0 1 0 1 0 0 0 1 0 0 0 0 0 1 0 0 0 0 1 0 1 0 0 0 0 0 1 0
 1 0 0 0 0 1 0 1 0 0 0 -68.59644256269407 1 0.0625
0 0 1 1 0 0 0 1 1 0 0 0 0 1 0 0 0 0 0 1 0 0 1 0 1 0 0 0 0 1 0 0 0 0 1 0 0
 1 0 1 1 0 0 0 0 0 0 1 -64.92099788303082 1 0.08333333333333333
0 1 0 0 0 0 0 1 0 0 1 0 1 0 0 0 1 0 0 0 0 0 1 0 0 0 0 1 0 1 0 0 0 1 0 0 0
 0 1 0 1 0 0 0 0 0 0 1 -70.59644256269407 1 0.041666666666666664
0 1 0 0 0 1 0 0 0 0 1 0 0 0 0 1 1 1 0 0 0 0 1 0 0 0 0 1 0 0 1 0 0 1 0 0 0
 0 0 1 1 0 0 0 0 0 1 0 -64.75872022286245 1 0.0625
0 1 0 0 0 1 0 0 1 0 0 0 0 0 0 1 0 0 0 1 0 1 0 0 1 0 0 0 0 1 1 0 0 1 1 0 0
 1 0 0 1 0 0 0 0 0 0 1 -65.92099788303082 1 0.08333333333333333
0 0 1 0 0 0 0 1 1 0 0 0 0 1 0 0 0 0 0 1 0 0 1 0 1 0 0 0 0 1 0 0 0 0 1 1 0
 1 1 0 1 0 0 0 0 1 0 0 -64.92099788303082 1 0.0625
0 1 0 1 0 1 0 0 1 0 0 0 0 0 0 1 0 0 1 0 0 1 0 0 1 0 0 0 0 0 1 0 0 0 1 1 0
 1 0 0 1 0 0 0 0 0 1 1 -60.083275543199214 1 0.08333333333333333
0 0 1 0 0 0 0 1 1 0 0 0 0 1 0 0 0 0 0 1 0 0 1 0 1 0 0 0 0 1 0 0 0 0 1 0 0
 0 1 0 1 0 0 0 0 1 0 1 -69.75872022286245 1 0.08333333333333333
0 1 0 0 0 0 0 1 1 0 0 0 0 0 0 0 0 1 0 0 0 0 1 0 1 0 0 1 0 0 1 0 0 1 0 0 0
 1 0 0 1 0 1 0 0 0 0 1 -61.75872022286246 1 0.041666666666666664
0 1 0 0 0 0 0 1 0 0 1 0 1 0 0 0 0 1 0 0 0 0 1 0 0 0 0 1 1 0 0 0 0 0 1 0 0
 0 0 1 1 0 0 0 0 0 0 0 -67.4341649025257 1 0.020833333333333332
0 1 0 0 0 0 0 1 0 0 1 0 1 0 0 0 0 0 1 0 1 0 0 0 0 0 0 1 0 1 0 0 0 1 0 0 0
 1 1 0 0 0 0 1 1 0 0 0 -61.75872022286245 1 0.041666666666666664
0 0 1 1 0 1 0 0 1 0 0 0 1 0 0 0 0 0 1 1 0 0 0 0 1 0 0 0 0 1 0 0 0 0 1 1 0
 1 0 0 1 0 0 0 0 0 0 0 -65.75872022286245 1 0.10416666666666667
0 0 0 1 0 1 0 0 1 0 0 0 0 1 0 0 1 0 0 0 0 1 1 0 0 0 0 1 0 1 0 0 0 0 1 1 0
 1 0 0 1 0 0 0 0 0 0 0 -61.75872022286246 1 0.041666666666666664
0 1 0 0 0 0 0 1 0 0 1 0 1 0 0 0 0 0 0 0 1 0 0 0 0 0 0 1 0 1 1 0 0 1 0 0 0
 1 1 0 1 0 0 0 0 0 0 1 -60.75872022286246 1 0.0625
0 1 0 0 0 0 0 1 1 0 0 0 0 1 0 0 0 0 0 1 0 0 1 0 1 0 0 0 0 1 0 0 0 1 1 0 0
 0 1 0 1 0 0 0 0 0 0 1 -60.75872022286245 1 0.08333333333333333
0 0 1 0 0 0 0 1 1 0 0 0 0 1 0 0 0 0 0 1 0 0 1 0 1 0 0 0 0 1 0 0 0 0 1 1 0
 0 1 0 1 0 0 0 0 1 0 0 -69.75872022286245 1 0.0625
0 1 0 0 0 0 0 1 1 0 0 0 0 1 0 0 0 0 0 1 0 0 1 0 1 0 0 0 0 1 0 0 0 1 1 0 0
 0 0 1 1 0 0 0 0 1 0 0 -62.75872022286246 1 0.08333333333333333
0 0 0 1 0 0 1 1 1 0 0 0 0 1 0 0 0 0 0 1 0 1 1 0 1 0 0 0 0 1 0 0 0 0 1 0 0
 1 0 0 1 0 0 0 0 0 0 1 -64.92099788303084 1 0.0625
0 0 0 1 1 0 0 0 1 0 0 0 0 0 0 0 0 0 1 0 1 0 0 0 1 0 0 0 0 1 0 1 0 0 1 0 1
 1 0 0 1 0 0 0 0 0 0 1 -54.75872022286246 1 0.08333333333333333
0 1 0 0 0 0 0 1 1 0 0 0 1 0 0 0 0 0 0 1 0 0 0 0 1 0 0 0 0 1 1 0 0 1 0 0 0
 0 1 0 1 0 0 0 0 0 0 1 -60.59644256269407 1 0.0625
0 1 0 0 0 1 0 1 1 0 0 0 1 0 0 0 0 0 1 0 0 1 0 0 1 0 0 0 0 0 0 1 0 0 0 1 0
 1 0 0 1 0 0 0 0 0 1 0 -64.75872022286245 1 0.08333333333333333
0 0 0 1 0 1 0 0 1 0 0 0 1 0 1 0 0 0 1 1 0 0 0 0 1 0 0 1 0 1 0 0 0 0 1 0 0
 1 0 0 1 0 0 0 0 0 0 1 -63.92099788303084 1 0.125
0 1 0 0 0 0 0 1 1 0 0 0 0 1 0 0 0 0 0 1 0 0 1 0 1 0 0 0 0 1 0 0 0 0 0 1 0
 0 1 0 1 0 0 0 0 1 0 0 -63.59644256269407 1 0.0625
0 1 0 0 0 0 0 1 0 0 1 0 1 0 0 0 0 1 0 0 0 0 1 0 0 0 0 1 1 0 0 0 0 1 0 0 0
 0 1 1 1 0 0 0 1 0 0 0 -71.75872022286245 1 0.041666666666666664
0 0 1 1 0 1 0 0 1 0 0 0 0 1 0 0 0 0 1 0 0 0 0 0 1 0 0 1 0 1 0 0 0 0 1 1 0
 1 0 0 1 0 0 0 0 0 0 0 -63.75872022286246 1 0.125
0 0 1 0 0 0 0 1 1 0 0 0 0 1 0 0 0 0 0 1 0 0 1 0 1 0 0 0 0 1 0 0 0 0 0 1 0
 1 1 0 1 0 0 0 0 0 0 1 -65.75872022286245 1 0.0625
0 1 0 0 0 0 0 1 0 0 1 0 1 0 0 0 0 0 0 0 0 1 1 0 0 0 0 1 1 0 0 0 0 0 0 1 0
 1 1 0 1 0 0 0 1 0 0 0 -64.75872022286245 1 0.041666666666666664
0 0 0 1 0 0 0 1 1 0 0 0 0 1 0 0 0 0 1 1 0 0 0 0 1 0 0 0 0 1 1 0 0 0 1 0 0
 1 0 0 1 0 0 0 0 0 0 1 -61.75872022286246 1 0.10416666666666667
0 0 0 0 0 0 0 1 1 0 0 0 0 1 0 0 0 0 0 1 0 0 0 0 1 0 0 0 0 1 1 0 0 0 1 0 0
 1 1 0 1 0 0 0 0 0 0 1 -59.59644256269407 1 0.125
0 1 0 0 0 0 0 1 1 0 0 0 0 1 0 0 1 0 0 0 0 0 1 1 1 0 0 0 0 1 0 0 0 0 0 1 0
 0 1 0 1 0 0 0 0 1 0 0 -60.75872022286246 1 0.041666666666666664
0 1 0 1 1 0 0 0 1 0 0 0 0 1 0 0 0 0 1 1 0 0 0 0 1 0 0 0 0 1 0 0 0 0 1 0 0
 1 0 0 1 0 0 0 0 0 0 1 -57.75872022286246 1 0.125
0 1 0 0 0 1 0 0 0 0 1 0 1 0 0 1 0 1 0 0 1 1 0 0 0 0 0 1 0 0 1 0 0 1 0 0 0
 1 1 0 0 0 0 1 1 0 0 0 -64.0832755431992 1 0.041666666666666664
0 1 0 1 0 1 0 0 1 0 0 0 1 0 0 0 0 0 1 0 0 1 0 0 1 0 0 0 0 1 0 0 0 0 1 1 0
 1 0 0 1 0 0 0 0 0 0 0 -60.75872022286246 1 0.0625
0 0 0 1 0 1 0 0 0 0 1 0 1 0 0 0 0 0 0 0 0 1 1 0 0 0 0 1 1 1 0 0 0 0 1 0 0
 1 0 1 1 0 0 0 0 0 0 0 -65.75872022286245 1 0.10416666666666667
0 1 0 0 0 0 0 1 0 0 1 0 1 0 0 0 0 1 0 0 0 0 1 0 0 0 0 1 1 0 0 0 0 1 0 0 0
 1 1 0 1 0 0 0 0 0 0 1 -69.75872022286245 1 0.041666666666666664
0 1 0 0 0 0 0 1 0 0 1 0 1 0 0 0 0 0 1 0 1 0 0 0 0 0 0 1 0 1 0 0 0 0 0 1 0
 1 1 0 1 0 0 0 0 0 0 1 -61.75872022286246 1 0.08333333333333333
0 1 0 0 0 0 0 1 1 0 0 0 0 1 0 0 1 0 0 0 0 0 1 0 1 0 0 1 0 1 0 0 0 1 0 0 0
 0 1 0 1 0 0 0 0 0 0 1 -60.75872022286246 1 0.0625
0 1 0 0 0 0 0 1 0 0 1 0 1 0 0 0 0 0 1 0 1 0 0 0 0 0 0 1 0 0 1 0 0 0 0 1 1
 1 0 0 0 0 1 0 0 0 0 1 -60.75872022286246 1 0.0625
0 1 0 0 0 0 0 1 1 0 0 0 0 0 1 0 0 1 0 0 0 0 1 0 1 0 0 1 0 0 0 0 0 1 0 0 0
 0 1 0 1 0 0 0 0 0 0 1 -69.59644256269407 1 0.0625
0 1 0 0 0 0 0 1 0 0 1 0 1 0 0 0 0 0 0 1 0 1 1 0 0 0 0 1 0 1 0 0 0 0 1 0 0
 1 0 0 1 0 0 0 0 0 0 1 -62.75872022286246 1 0.041666666666666664
0 1 0 0 0 0 0 1 0 0 1 0 1 0 0 0 0 1 0 0 0 0 1 0 0 0 0 1 0 0 1 0 0 1 0 0 0
 0 0 1 1 0 0 1 1 0 0 0 -59.75872022286246 1 0.0625
0 1 0 0 0 1 0 1 0 0 1 0 1 0 0 0 0 0 0 1 0 1 0 0 0 0 1 0 1 0 0 0 0 0 1 0 1
 1 0 0 0 0 0 1 0 0 0 1 -64.92099788303082 1 0.08333333333333333
0 1 0 0 0 0 0 1 0 0 1 0 1 0 0 0 0 0 1 1 0 0 0 0 1 0 0 0 0 1 0 0 0 0 1 0 0
 1 0 0 1 0 0 0 0 0 0 1 -61.59644256269407 1 0.10416666666666667
0 1 0 0 0 0 0 1 1 0 1 0 1 0 0 0 0 0 0 1 1 0 0 0 0 0 0 1 0 1 1 0 0 0 1 0 0
 1 1 0 1 0 0 0 0 0 0 1 -56.083275543199214 1 0.0625
0 1 0 1 0 1 0 0 1 0 0 0 1 0 0 0 0 0 1 0 0 1 0 0 1 0 0 0 0 0 0 1 1 0 0 0 0
 1 0 0 1 0 0 0 0 0 0 1 -61.75872022286246 1 0.020833333333333332
0 1 0 0 0 1 0 1 0 0 1 0 1 0 0 0 0 0 1 0 0 1 0 0 0 0 0 1 1 0 1 0 0 0 0 0 0
 1 0 0 1 0 1 0 0 0 0 1 -63.92099788303084 1 0.0625
0 1 0 0 0 1 0 0 1 0 0 0 0 0 0 1 0 1 0 0 0 1 0 0 1 0 0 1 0 0 1 0 0 0 1 0 0
 1 1 0 1 0 0 1 0 0 0 1 -59.083275543199214 1 0.0625
0 1 0 0 0 0 0 1 0 0 1 0 1 0 0 0 0 0 0 0 0 0 1 0 0 0 0 1 0 1 0 0 0 0 0 1 0
 1 0 0 0 0 1 0 1 0 0 0 -63.434164902525694 1 0.020833333333333332
0 1 0 0 0 0 0 1 0 0 1 0 1 0 0 0 0 0 0 0 0 1 1 0 0 0 0 1 1 0 0 0 1 0 0 0 0
 1 0 0 0 0 0 1 0 0 0 1 -62.59644256269408 1 0.08333333333333333
0 0 1 0 0 0 0 1 1 0 0 0 0 1 0 0 0 0 0 1 0 1 1 0 1 0 0 0 0 1 0 0 0 0 1 0 0
 1 0 0 1 0 0 1 0 0 0 0 -62.75872022286246 1 0.08333333333333333
0 1 0 0 0 1 0 0 1 0 0 0 1 0 0 0 0 0 0 1 1 0 0 0 1 0 0 0 0 1 1 0 0 1 1 0 0
 1 0 0 1 0 0 0 0 0 0 1 -54.920997883030836 1 0.125
0 1 0 0 0 1 0 0 1 0 0 0 0 0 0 1 0 0 1 0 1 0 0 0 1 0 0 0 0 1 0 0 0 0 0 1 0
 1 0 0 1 0 0 0 0 0 1 0 -58.59644256269407 1 0.10416666666666667
0 1 0 0 0 0 0 1 0 0 1 0 1 0 0 0 0 1 0 0 0 0 1 0 1 0 0 1 0 1 1 0 0 1 0 0 0
 0 1 0 1 0 0 0 0 0 0 1 -64.92099788303084 1 0.0625
0 1 0 0 0 0 0 0 1 0 0 0 0 0 0 0 0 0 1 0 0 0 0 0 1 0 0 0 0 1 0 0 0 0 1 0 0
 1 0 0 1 0 0 0 0 0 0 1 -55.10960958218894 1 0.10416666666666667
0 1 0 0 0 0 0 1 0 0 1 0 1 0 0 0 0 0 0 0 1 0 0 0 0 0 0 1 0 1 0 0 0 0 1 0 1
 0 0 0 0 0 0 1 0 1 0 1 -58.59644256269407 1 0.0625
0 1 0 0 0 0 0 1 1 0 0 0 1 0 0 0 0 0 0 1 0 0 1 0 1 0 0 0 0 1 0 0 0 0 1 0 0
 1 1 0 1 0 0 0 0 0 0 1 -60.75872022286246 1 0.10416666666666667
0 1 0 0 0 0 0 1 1 0 0 0 1 0 0 0 0 0 1 1 0 0 0 0 1 0 0 0 0 1 0 0 0 0 1 0 0
 1 0 0 1 0 0 0 0 0 0 1 -58.59644256269407 1 0.10416666666666667
0 1 0 0 0 1 0 0 0 0 1 0 1 0 0 0 0 0 1 0 0 1 0 0 1 0 0 1 0 0 1 0 0 0 1 1 0
 1 0 0 1 0 0 0 0 0 0 1 -65.92099788303084 1 0.08333333333333333
0 1 0 0 0 0 0 1 1 0 0 0 0 1 0 0 1 0 0 0 0 0 1 0 0 0 0 1 0 1 0 0 0 0 1 0 0
 0 1 0 1 0 0 0 0 1 0 1 -60.75872022286246 1 0.041666666666666664
0 1 0 1 0 1 0 0 1 0 0 0 1 0 0 0 0 1 0 0 0 1 0 1 1 0 0 0 0 0 1 0 0 1 0 0 0
 0 1 0 1 0 0 0 0 0 0 1 -63.92099788303084 1 0.08333333333333333
0 0 1 0 1 0 0 0 0 0 0 1 0 1 0 0 0 0 0 1 1 0 0 0 0 0 0 1 0 1 0 0 0 0 1 0 1
 1 0 0 0 0 0 1 0 0 0 0 -58.59644256269407 1 0.08333333333333333
0 0 1 1 0 0 0 1 1 0 0 0 0 1 0 0 0 0 0 1 0 0 0 0 0 0 1 0 0 1 0 0 0 0 1 1 0
 1 0 0 1 0 0 0 0 1 0 0 -57.75872022286246 1 0.08333333333333333
0 1 0 0 0 0 0 1 1 0 0 0 1 0 0 0 0 0 0 1 0 1 1 0 1 0 0 0 1 0 0 0 0 0 1 0 0
 1 0 1 1 0 0 0 1 0 0 0 -61.92099788303083 1 0.08333333333333333
0 1 0 0 0 0 0 1 1 0 0 0 0 0 0 1 0 0 0 1 0 1 0 0 1 0 0 0 0 0 1 0 0 0 1 0 0
 1 0 0 1 0 1 0 0 0 0 1 -64.75872022286245 1 0.08333333333333333
0 0 0 1 0 0 1 0 1 0 0 0 0 1 0 0 0 0 1 1 1 0 0 0 1 0 0 0 0 1 0 1 0 0 1 0 0
 0 0 1 1 0 0 0 0 1 0 0 -62.92099788303083 1 0.10416666666666667
0 1 0 0 1 0 0 0 1 0 0 0 0 0 0 1 0 0 1 0 0 0 0 0 1 0 0 0 0 1 0 0 0 0 1 0 0
 1 0 0 1 0 0 0 0 0 0 1 -56.434164902525694 1 0.08333333333333333
0 1 0 0 0 0 0 1 1 0 0 0 0 0 1 0 0 0 1 0 0 0 0 1 1 0 0 0 0 1 0 0 0 1 0 0 0
 1 1 0 1 0 0 0 0 0 0 1 -63.75872022286245 1 0.041666666666666664
0 0 1 1 0 1 0 0 1 0 0 0 1 0 0 0 0 0 0 1 0 1 1 0 1 0 0 0 0 0 0 1 0 1 1 0 0
 1 0 0 1 0 0 0 0 0 0 1 -64.0832755431992 1 0.041666666666666664
0 1 0 0 0 0 0 1 1 0 0 0 0 0 0 0 0 0 0 0 0 1 1 0 1 0 0 0 0 0 0 1 0 0 0 1 0
 1 0 0 1 0 0 0 0 0 1 0 -60.434164902525694 1 0.08333333333333333
0 0 1 0 0 0 0 1 1 0 0 0 0 1 0 0 0 0 1 1 0 0 0 0 1 0 0 0 0 1 0 0 0 0 0 1 0
 1 0 0 1 0 0 0 0 0 0 1 -60.59644256269407 1 0.16666666666666666
0 1 0 0 0 0 0 1 0 0 1 0 1 0 0 0 1 0 0 0 1 0 0 0 0 0 0 1 0 1 1 0 0 1 1 0 0
 1 0 0 1 0 0 0 0 0 0 1 -60.92099788303084 1 0.08333333333333333
0 1 0 1 0 1 0 0 0 0 1 0 1 0 0 0 0 0 1 0 1 0 0 0 0 0 0 1 0 1 0 0 0 0 0 1 0
 1 0 0 1 0 0 0 0 0 1 0 -65.75872022286245 1 0.0625
0 1 0 0 0 0 0 1 1 0 1 0 1 0 0 0 0 0 1 0 1 0 0 0 0 0 0 1 0 1 0 0 0 0 0 1 0
 1 1 0 1 0 0 0 0 1 0 0 -56.92099788303083 1 0.0625
0 1 0 0 0 1 0 1 1 0 0 0 0 0 1 0 0 0 0 1 0 1 1 0 1 0 0 0 0 0 0 0 0 0 0 0 0
 1 1 0 1 0 0 0 0 0 0 1 -61.75872022286245 1 0.041666666666666664
1 0 0 0 0 0 0 1 0 1 0 0 0 0 0 0 1 0 0 0 0 0 1 0 0 0 1 0 0 0 0 1 1 0 0 0 0
 1 0 0 1 0 0 0 0 0 0 1 -53.4341649025257 1 0.041666666666666664
0 0 0 0 0 0 0 1 1 0 0 0 0 1 0 0 0 0 1 0 0 0 0 0 1 0 0 1 0 1 0 0 0 0 0 1 0
 0 1 0 1 0 0 0 0 1 0 0 -62.434164902525694 1 0.125
0 1 0 0 0 0 0 1 1 0 0 0 1 0 0 0 0 0 1 1 0 1 0 0 1 0 0 0 0 0 0 0 0 0 1 0 0
 1 0 0 1 0 0 0 0 0 0 1 -62.59644256269407 1 0.08333333333333333
0 1 0 0 0 0 0 1 1 0 0 0 0 1 0 0 0 0 0 1 0 0 1 0 1 0 0 0 0 1 0 0 1 0 0 0 0
 0 1 0 0 0 0 1 0 1 0 1 -52.75872022286246 1 0.10416666666666667
0 1 0 0 0 0 0 1 0 0 1 0 1 0 0 0 0 0 1 0 0 1 0 0 0 0 0 1 1 0 1 0 0 1 0 0 1
 0 0 0 0 0 1 0 0 0 0 1 -65.75872022286245 1 0.08333333333333333
1 0 0 1 1 0 0 0 0 0 0 0 0 1 0 0 1 0 0 0 1 0 0 0 0 0 0 1 0 1 1 0 0 0 1 0 0
 1 0 0 1 0 0 0 0 0 0 1 -59.75872022286246 1 0.08333333333333333
0 0 1 0 0 0 0 1 1 0 0 0 1 1 0 0 0 0 1 0 0 0 0 0 1 0 0 1 0 1 0 0 0 0 1 0 0
 1 0 0 1 0 0 0 0 0 0 1 -58.75872022286246 1 0.0625
0 1 0 0 0 0 0 1 1 0 0 0 0 0 0 0 0 0 0 0 0 1 0 0 1 0 0 1 0 1 0 0 0 0 1 0 0
 1 0 0 1 0 0 0 0 0 0 1 -57.4341649025257 1 0.08333333333333333
0 1 0 0 0 0 0 1 0 0 1 0 1 0 0 0 0 0 1 0 1 0 0 0 0 0 0 1 0 1 0 0 0 1 1 0 1
 0 0 0 0 0 0 1 0 1 0 0 -61.75872022286246 1 0.0625
0 0 0 1 0 0 0 1 1 0 0 0 0 1 0 0 0 0 1 1 0 0 0 0 1 0 0 0 0 1 0 0 0 0 1 1 0
 1 0 0 1 0 0 0 0 0 0 0 -59.59644256269407 1 0.14583333333333334
0 1 0 0 0 0 0 1 1 0 0 0 0 1 0 0 0 0 0 1 1 0 0 0 1 0 0 0 0 1 1 0 0 0 1 0 0
 0 1 0 1 0 0 0 0 1 0 1 -57.92099788303083 1 0.08333333333333333
0 1 0 1 0 1 0 0 0 0 1 0 1 0 0 0 1 0 1 0 0 1 0 0 1 0 0 1 0 1 0 0 0 0 1 0 0
 1 0 0 1 0 1 0 0 0 0 1 -61.2455532033676 1 0.041666666666666664
0 1 0 0 0 0 0 1 0 0 1 0 1 0 0 0 0 0 1 0 0 1 0 0 0 0 0 1 1 0 0 0 0 1 0 0 1
 0 0 0 0 0 1 1 0 0 0 1 -63.75872022286246 1 0.041666666666666664
0 1 0 1 0 0 0 0 1 0 0 0 0 0 0 1 0 0 1 0 0 0 0 0 1 0 0 1 0 1 0 0 0 0 1 0 0
 1 0 0 1 0 0 0 0 0 0 1 -57.59644256269407 1 0.10416666666666667
0 1 0 0 0 0 0 1 1 0 0 0 0 0 0 0 0 0 0 1 0 0 1 0 1 0 0 0 0 1 0 0 0 0 1 0 0
 1 1 0 1 0 0 0 0 0 0 1 -60.59644256269407 1 0.08333333333333333
0 1 0 0 0 0 0 1 0 0 1 0 1 0 0 0 0 0 1 0 1 0 0 0 1 0 0 1 0 1 0 0 0 0 1 0 0
 1 0 0 1 0 0 0 0 0 0 1 -61.75872022286246 1 0.10416666666666667
0 1 0 0 0 0 0 1 0 0 1 0 1 0 0 0 0 0 0 0 1 1 0 0 0 0 0 1 0 0 1 0 0 0 1 0 0
 1 1 0 0 0 0 1 1 0 0 1 -59.92099788303084 1 0.041666666666666664
0 1 0 0 0 0 0 1 0 0 1 0 1 0 0 0 0 0 0 1 0 0 1 0 1 0 0 0 0 1 0 0 0 1 1 0 1
 0 0 0 1 0 0 0 0 0 0 1 -61.75872022286246 1 0.10416666666666667
0 1 0 0 0 1 0 0 1 0 1 0 1 0 0 0 0 0 1 0 0 1 0 0 1 0 0 1 0 0 1 0 0 0 0 1 0
 1 0 0 1 0 1 0 0 0 0 1 -63.08327554319923 1 0.10416666666666667
0 1 0 0 0 0 0 1 0 0 1 0 1 0 0 0 0 0 0 1 1 0 1 0 0 1 0 0 0 0 0 0 0 0 1 0 0
 1 0 0 1 0 0 0 0 0 0 1 -61.59644256269407 1 0.041666666666666664
0 1 0 0 0 0 0 1 0 0 1 0 1 0 0 0 1 0 0 0 0 1 1 0 0 0 0 1 1 0 0 0 0 1 1 0 0
 1 1 0 0 0 0 1 1 0 0 0 -62.08327554319922 1 0.041666666666666664
0 1 0 0 0 1 0 1 0 0 1 0 1 0 0 0 0 0 1 0 1 0 0 0 0 0 0 1 0 1 0 0 1 0 1 0 0
 1 0 0 1 0 0 0 0 0 0 1 -56.92099788303084 1 0.10416666666666667
0 0 1 0 0 0 0 1 0 1 0 0 1 0 0 0 0 0 0 1 0 0 0 0 1 0 0 0 0 1 1 0 0 0 1 0 0
 1 0 0 0 0 1 0 0 0 0 1 -56.59644256269407 1 0.10416666666666667
0 1 0 0 0 0 0 1 0 0 1 0 1 0 0 0 0 1 0 0 0 0 1 0 1 0 0 1 0 1 0 0 0 0 1 0 0
 1 1 0 1 0 0 0 0 0 0 1 -60.92099788303084 1 0.041666666666666664
0 0 0 1 0 1 0 0 1 0 0 0 0 1 0 0 0 0 1 0 0 0 0 0 1 0 0 1 0 1 0 0 0 0 0 1 0
 1 0 0 1 0 1 0 0 0 0 1 -61.75872022286246 1 0.125
0 1 0 0 0 0 0 1 1 0 0 0 0 0 0 0 0 0 0 0 1 0 0 0 0 0 0 1 0 1 1 0 0 0 1 0 1
 1 0 0 1 0 0 0 0 0 0 1 -53.59644256269407 1 0.0625
0 1 0 0 0 0 0 1 0 0 1 0 1 0 0 0 1 0 1 0 0 0 1 0 0 0 0 1 0 1 0 0 0 1 0 0 0
 0 0 1 1 0 0 0 0 0 1 0 -61.75872022286246 1 0.0
0 1 0 0 0 0 0 1 0 0 1 0 1 0 0 0 1 0 0 0 1 0 0 0 0 0 0 1 0 1 0 0 0 0 1 0 1
 1 0 0 0 0 0 1 0 1 0 0 -58.75872022286246 1 0.08333333333333333
0 0 0 1 0 1 0 0 1 0 0 0 1 0 0 0 0 0 1 0 0 1 0 0 1 0 0 1 0 0 0 0 0 0 1 1 0
 1 0 0 1 0 0 0 0 0 0 1 -69.75872022286245 1 0.08333333333333333
1 0 1 0 0 1 0 0 0 0 0 0 0 0 0 0 1 0 0 0 0 1 1 0 0 0 0 1 0 1 0 1 1 0 0 0 0
 1 0 0 0 0 1 0 0 0 0 1 -54.75872022286245 1 0.10416666666666667
0 1 0 1 0 1 0 0 0 0 1 0 1 0 0 0 0 0 1 0 0 1 0 0 1 0 0 1 0 1 0 0 0 0 1 1 0
 1 0 0 1 0 0 0 0 0 0 1 -66.08327554319919 1 0.10416666666666667
0 1 0 0 0 0 0 1 0 0 1 0 1 0 0 0 0 0 1 0 1 0 0 0 0 0 0 1 0 1 0 0 0 0 0 1 0
 1 1 0 1 0 0 0 0 0 0 0 -61.59644256269407 1 0.0625
0 1 0 0 0 0 1 0 1 0 0 0 0 0 0 1 0 1 0 0 0 1 1 0 1 0 0 1 0 0 1 0 0 1 1 0 0
 0 0 1 1 0 0 0 0 0 0 1 -62.083275543199214 1 0.020833333333333332
0 1 0 0 1 0 0 0 1 0 0 0 0 0 0 1 0 0 0 1 0 0 0 0 1 0 0 0 0 1 1 0 0 0 1 0 0
 1 0 0 1 0 0 0 0 0 0 1 -62.59644256269407 1 0.125
0 1 0 0 0 0 0 1 0 0 0 0 1 0 0 0 0 1 0 0 1 0 1 0 0 0 0 1 0 0 1 0 0 1 0 0 1
 0 0 0 0 0 1 0 1 0 0 1 -57.75872022286246 1 0.08333333333333333
0 1 0 1 0 1 0 0 1 0 0 0 1 0 0 0 0 0 1 1 1 0 0 0 1 0 0 0 0 1 0 0 0 0 1 1 0
 1 0 0 1 0 0 0 0 0 0 1 -55.083275543199214 1 0.14583333333333334
0 1 0 0 0 0 0 1 1 0 0 0 0 0 1 0 1 0 0 0 0 1 1 0 0 0 0 1 0 0 1 0 0 0 0 0 0
 1 0 0 0 0 1 0 0 0 0 1 -62.59644256269407 1 0.020833333333333332
0 1 0 0 0 0 0 1 0 0 1 0 1 0 0 0 1 0 0 0 0 1 1 0 0 0 0 1 0 0 0 0 0 1 0 0 0
 0 1 0 1 0 0 1 0 0 1 0 -60.75872022286246 1 0.020833333333333332
0 1 0 0 0 0 0 1 0 0 1 0 1 0 0 0 0 1 0 0 0 0 1 0 0 0 0 1 1 0 1 0 0 0 1 0 0
 1 0 1 0 0 1 0 1 0 0 1 -62.083275543199214 1 0.0625
0 1 0 0 0 1 0 1 0 0 1 0 1 0 0 0 1 0 0 0 0 1 1 0 0 0 0 1 0 0 1 0 0 0 0 1 0
 1 0 0 1 0 1 0 0 0 0 0 -61.92099788303084 1 0.0625
0 1 0 0 0 0 1 0 1 0 0 0 1 0 0 0 0 1 0 0 0 1 0 0 1 0 0 1 0 0 1 0 0 0 1 0 0
 1 0 0 1 0 0 0 0 0 0 1 -66.75872022286245 1 0.041666666666666664
0 0 0 1 0 0 0 0 1 0 0 0 0 1 0 0 0 0 1 0 0 0 0 0 1 0 0 1 0 1 0 0 0 0 1 1 0
 1 0 0 1 0 0 0 0 0 0 0 -61.434164902525694 1 0.125
0 0 0 1 0 1 0 0 0 0 1 0 1 0 0 0 0 0 0 0 0 1 1 0 1 0 0 1 0 0 0 1 0 0 0 1 0
 1 0 0 1 0 0 0 0 0 1 0 -66.75872022286245 1 0.10416666666666667
0 1 0 0 0 0 0 1 1 0 0 0 0 1 0 0 0 1 0 0 0 0 1 0 1 0 0 1 0 1 0 0 0 1 1 0 0
 0 0 1 1 0 0 1 0 0 0 0 -50.920997883030836 1 0.08333333333333333
0 1 0 0 0 1 1 0 1 0 0 0 0 0 0 1 0 1 0 0 0 1 0 1 1 0 0 0 0 0 1 0 0 1 1 0 0
 1 0 1 1 0 0 0 0 0 0 1 -63.2455532033676 1 0.0625
0 0 1 0 0 0 0 1 1 0 0 0 0 1 0 0 0 0 0 1 0 0 1 0 1 0 0 0 0 1 0 0 0 0 0 1 0
 1 1 0 1 0 0 0 0 0 0 0 -65.59644256269407 1 0.125
0 1 0 0 0 0 0 1 1 0 0 0 1 0 0 0 0 0 1 0 0 1 0 0 0 0 0 1 1 0 0 0 0 1 0 1 0
 0 1 0 1 0 0 0 1 0 0 0 -60.75872022286246 1 0.041666666666666664
0 0 0 1 0 0 0 1 1 0 0 0 0 1 0 0 0 0 1 0 0 0 0 0 1 0 0 1 0 1 0 0 0 0 1 1 0
 0 1 0 1 0 0 0 0 1 0 0 -61.75872022286246 1 0.08333333333333333
0 1 0 0 0 0 0 1 0 0 1 0 1 0 0 0 0 0 0 0 0 1 1 0 0 0 0 1 1 0 0 0 0 0 0 0 0
 1 0 1 1 0 0 0 0 0 0 0 -59.4341649025257 1 0.08333333333333333
0 0 1 0 0 0 0 1 1 0 0 0 0 1 0 0 0 0 1 1 0 1 0 0 1 0 0 0 0 1 0 0 0 0 0 1 0
 0 1 0 1 0 0 0 0 1 0 1 -62.920997883030836 1 0.08333333333333333
0 1 0 0 0 0 0 1 1 0 0 0 1 0 0 0 0 0 0 1 1 0 0 0 1 0 0 0 0 1 1 0 0 1 1 0 0
 0 1 0 1 0 0 0 0 0 0 1 -55.920997883030836 1 0.08333333333333333
0 1 0 0 0 1 0 1 1 0 1 0 0 0 0 0 0 0 1 0 0 1 0 0 1 0 0 1 0 1 0 0 0 0 1 0 0
 1 0 0 1 0 0 0 0 0 0 1 -61.920997883030836 1 0.08333333333333333
0 1 0 0 0 1 0 0 0 0 1 0 1 0 0 1 1 0 0 0 0 1 1 0 0 0 0 1 1 0 0 0 0 0 0 1 0
 1 1 0 1 0 0 0 1 0 0 0 -60.08327554319922 1 0.020833333333333332
0 1 0 0 0 0 0 1 0 0 1 0 1 0 0 0 1 0 0 0 0 0 1 0 0 0 0 1 0 1 0 0 0 0 1 0 0
 1 0 0 0 0 0 1 1 0 0 0 -70.59644256269407 1 0.08333333333333333
0 1 0 0 0 0 0 1 0 0 1 0 1 0 0 0 0 1 0 0 0 0 1 0 0 0 0 1 1 0 1 0 0 1 1 0 1
 0 1 0 0 1 0 0 0 0 0 1 -58.083275543199214 1 0.0625
0 0 0 0 0 0 0 1 1 0 0 0 0 1 0 0 0 0 1 1 0 0 0 0 1 0 0 0 0 1 0 0 0 0 0 1 0
 0 1 0 1 0 0 0 0 1 0 0 -60.434164902525694 1 0.16666666666666666
0 1 0 0 1 0 0 0 0 0 1 1 0 1 0 0 0 0 0 0 1 0 0 0 0 0 0 1 0 1 1 0 0 1 0 0 1
 0 0 0 0 0 1 0 0 0 0 1 -64.75872022286245 1 0.0625
0 1 0 1 0 0 1 0 1 0 0 0 1 0 0 0 0 0 0 1 0 0 0 0 1 0 0 0 0 1 1 0 0 1 1 0 1
 0 0 0 1 0 0 0 0 0 0 1 -57.920997883030836 1 0.041666666666666664
0 0 0 1 0 0 0 1 1 0 0 0 0 1 0 0 0 0 0 0 0 0 1 0 0 0 0 1 0 1 0 0 0 0 1 0 0
 1 1 0 1 0 0 0 0 0 0 1 -57.59644256269407 1 0.020833333333333332
0 1 0 1 0 0 0 0 0 0 1 0 1 0 0 0 0 0 1 0 1 0 0 0 0 0 0 1 0 1 0 0 0 0 1 1 0
 1 0 0 1 0 0 0 0 1 0 0 -62.75872022286246 1 0.0625
0 0 1 0 0 0 0 0 0 0 0 1 1 0 0 0 0 0 1 0 1 0 0 0 0 0 0 1 0 1 0 0 0 0 0 1 1
 1 0 0 0 0 1 0 0 0 0 0 -58.434164902525694 1 0.08333333333333333
0 0 1 1 0 1 0 0 1 0 0 0 0 1 0 0 0 0 1 1 0 0 0 0 1 0 0 0 0 1 0 0 0 0 1 1 0
 1 0 0 1 0 0 0 0 1 0 0 -67.92099788303082 1 0.125
0 1 0 0 0 0 1 0 0 0 1 0 1 0 0 0 0 0 0 0 1 0 0 0 0 0 0 1 0 1 0 0 0 0 0 1 0
 1 0 0 0 0 1 0 1 0 0 0 -56.4341649025257 1 0.0625
0 0 1 0 1 0 0 0 1 0 0 0 0 1 0 0 0 0 0 1 1 0 0 0 1 0 0 0 0 1 0 0 0 0 1 0 0
 1 0 0 1 0 0 1 0 0 0 0 -55.59644256269407 1 0.08333333333333333
0 1 0 0 0 0 0 1 1 0 0 0 1 0 0 0 0 0 1 1 0 0 0 0 1 0 0 0 0 1 0 0 0 1 0 0 0
 0 1 0 1 0 0 0 0 0 0 1 -56.59644256269407 1 0.125
0 1 0 0 0 0 0 1 1 0 0 0 0 1 0 0 0 0 1 0 0 1 0 0 1 0 0 0 0 1 0 0 0 0 1 0 0
 1 0 0 1 0 0 1 0 0 0 1 -53.75872022286246 1 0.0625
0 1 0 0 0 1 0 1 1 0 0 0 1 0 0 0 0 0 0 1 0 0 1 0 1 0 0 0 1 0 0 0 0 0 1 0 0
 1 0 1 1 0 0 0 1 0 0 0 -56.92099788303083 1 0.10416666666666667
0 1 0 0 0 0 0 1 0 0 1 0 1 0 0 0 1 0 0 0 0 1 1 0 0 0 0 1 0 1 0 0 0 0 1 0 0
 1 1 0 1 0 0 0 0 0 0 1 -62.92099788303084 1 0.08333333333333333
0 1 0 1 0 0 0 1 1 0 0 0 0 0 1 0 0 1 0 0 0 0 1 0 1 0 0 0 0 1 0 0 0 1 1 0 0
 0 1 0 1 0 0 0 0 0 0 1 -59.92099788303083 1 0.041666666666666664
0 1 0 0 0 1 0 1 0 0 1 0 1 0 0 0 0 0 1 0 0 1 0 0 0 0 0 1 1 0 0 0 0 0 0 1 0
 1 0 0 0 0 1 1 1 0 0 0 -68.92099788303084 1 0.0625
0 1 0 0 0 1 0 0 1 0 0 0 0 0 0 1 0 0 1 1 0 0 0 0 1 0 0 0 0 1 0 0 0 0 0 1 0
 1 0 1 1 0 0 0 0 0 1 0 -51.75872022286246 1 0.125
0 1 0 1 0 1 1 0 1 0 0 0 1 0 0 1 0 0 0 1 0 0 0 0 1 0 0 0 0 1 1 0 0 0 1 0 0
 1 0 0 1 0 0 0 0 0 0 1 -57.08327554319922 1 0.14583333333333334
0 1 0 0 0 0 1 0 1 0 0 0 0 0 0 1 0 0 0 1 0 1 0 0 1 0 0 0 0 1 1 0 0 0 1 0 0
 1 0 0 0 0 0 1 0 0 0 1 -58.75872022286246 1 0.041666666666666664
0 1 0 0 0 0 0 1 1 0 0 0 1 0 0 0 0 0 1 0 0 0 0 0 1 0 0 1 0 1 0 0 0 0 0 1 0
 1 0 0 1 0 1 0 0 1 0 0 -53.75872022286246 1 0.0625
0 0 0 0 0 0 0 1 1 0 0 0 0 1 0 0 0 0 1 0 1 0 0 0 1 0 0 0 0 1 0 0 1 0 1 0 0
 1 0 0 1 0 0 0 0 0 0 1 -51.59644256269407 1 0.10416666666666667
0 1 0 1 0 0 0 1 1 0 0 0 0 0 0 0 0 1 0 0 0 0 1 0 1 0 0 0 0 1 0 1 0 1 1 0 0
 0 1 0 1 0 0 0 0 0 0 1 -52.920997883030836 1 0.08333333333333333
0 1 0 0 0 0 0 1 1 0 0 0 0 0 0 0 0 1 0 0 0 0 1 0 1 0 0 1 0 1 0 0 0 1 1 0 1
 0 0 0 1 0 0 0 0 0 0 1 -55.75872022286246 1 0.0625
0 1 0 0 0 0 0 1 1 0 0 0 0 0 0 0 0 0 0 1 0 0 1 0 1 0 0 0 0 1 0 0 0 0 0 1 0
 1 1 0 1 0 0 0 0 0 0 1 -56.59644256269407 1 0.08333333333333333
0 1 0 0 0 1 0 0 1 0 0 0 1 0 0 0 0 0 0 1 0 1 0 0 1 0 0 0 0 1 1 0 1 0 1 0 0
 1 0 0 0 0 0 0 0 0 0 1 -54.75872022286246 1 0.14583333333333334
0 1 0 0 0 0 0 1 1 0 0 0 1 0 0 0 1 1 0 0 0 0 1 0 1 0 0 0 0 0 1 0 0 1 0 0 1
 0 1 0 1 0 0 0 0 0 0 1 -54.920997883030836 1 0.0625
0 1 0 0 0 1 0 1 1 0 0 0 0 0 1 0 0 0 1 0 0 1 0 0 1 0 0 0 0 1 1 0 0 0 1 1 0
 1 0 0 1 0 0 0 0 0 0 1 -57.083275543199214 1 0.10416666666666667
0 1 0 0 0 0 0 1 0 0 1 0 0 0 0 0 0 0 0 1 1 0 0 0 0 0 0 1 0 1 0 0 0 0 1 0 0
 1 0 0 0 0 0 1 1 0 0 0 -56.434164902525694 1 0.0625
0 0 0 0 0 0 0 1 1 0 0 0 0 1 0 0 1 0 0 0 0 0 1 0 1 0 0 0 0 1 0 1 0 0 1 0 0
 1 0 0 0 0 0 1 0 0 0 0 -49.434164902525694 1 0.10416666666666667
0 1 0 1 0 1 0 0 1 0 0 0 0 0 0 1 0 0 1 0 1 0 0 0 0 0 0 1 0 1 0 0 0 0 1 1 0
 1 1 0 1 0 0 0 0 0 0 1 -49.083275543199214 1 0.125
0 1 0 0 0 0 0 1 1 0 0 0 0 1 0 0 0 0 1 0 0 0 0 0 1 0 0 1 0 1 1 0 0 1 0 0 0
 0 1 0 1 0 0 0 0 0 0 1 -55.75872022286246 1 0.08333333333333333
0 1 0 0 0 1 0 1 0 0 1 0 1 0 0 0 0 0 0 0 0 1 1 0 0 0 0 1 1 0 0 0 0 0 0 0 0
 1 0 1 0 0 1 0 1 0 0 0 -65.75872022286245 1 0.08333333333333333
0 1 1 0 0 0 0 1 1 0 0 0 1 0 0 0 0 0 1 0 0 0 0 0 1 0 0 1 0 1 0 0 0 0 0 1 0
 0 1 0 1 0 0 0 0 1 0 0 -58.75872022286246 1 0.08333333333333333
0 1 0 0 0 0 0 1 1 0 0 0 0 1 0 0 0 0 1 1 0 0 0 0 1 0 0 0 0 1 0 0 0 0 0 1 0
 1 0 0 1 0 1 0 0 0 0 0 -49.59644256269407 1 0.14583333333333334
0 1 0 0 0 0 0 1 0 0 1 0 1 0 0 0 0 1 0 0 1 0 1 0 0 0 0 1 0 1 0 0 0 0 1 1 1
 0 0 0 1 0 0 0 0 1 0 0 -56.92099788303084 1 0.020833333333333332
0 1 0 0 0 1 0 1 1 0 0 0 1 0 0 0 1 0 0 0 0 1 1 0 0 0 0 1 0 1 0 0 0 0 0 1 0
 0 1 0 1 0 0 0 0 1 0 0 -53.92099788303084 1 0.0625
0 1 0 0 0 1 0 1 0 0 1 0 1 0 0 0 0 1 0 0 0 1 0 0 0 0 1 1 1 0 1 0 0 1 0 0 1
 0 0 0 0 0 1 1 0 0 0 1 -57.2455532033676 1 0.10416666666666667
0 0 0 0 0 0 0 1 0 0 1 0 1 1 0 0 0 0 1 0 1 0 0 0 0 0 0 1 0 1 0 0 0 0 0 1 0
 1 1 0 1 0 0 0 1 0 0 0 -58.75872022286245 1 0.08333333333333333
0 1 0 0 0 0 0 1 1 0 0 0 1 0 0 0 0 0 0 0 0 1 1 0 1 0 0 0 0 0 0 1 0 0 1 1 0
 1 0 0 1 0 0 0 1 0 0 0 -55.75872022286245 1 0.0625
0 1 0 0 0 0 0 1 1 0 0 0 1 0 0 0 0 0 1 0 0 1 0 0 1 0 0 0 0 0 0 1 0 0 0 1 0
 0 1 0 1 0 0 0 0 1 0 0 -61.59644256269407 1 0.10416666666666667
0 1 0 0 0 0 0 1 0 0 1 0 1 0 0 0 0 1 0 0 0 0 1 0 1 0 0 1 0 1 0 0 0 1 0 0 0
 0 1 0 1 0 0 1 0 0 0 0 -62.75872022286246 1 0.041666666666666664
0 1 0 0 0 0 0 1 1 0 0 0 1 0 0 0 0 0 0 0 1 0 0 0 0 0 0 1 0 1 1 0 0 1 1 0 0
 1 0 0 1 0 0 0 0 0 0 1 -53.75872022286246 1 0.041666666666666664
0 0 0 1 0 0 0 1 1 0 0 0 1 0 0 0 0 0 0 1 0 1 1 0 1 0 0 0 0 1 0 0 0 0 1 0 0
 1 0 0 1 0 0 1 1 0 0 0 -54.92099788303084 1 0.08333333333333333
0 0 0 1 0 1 0 0 1 0 0 0 0 0 0 1 0 0 1 1 0 1 0 0 0 0 0 0 0 1 0 0 0 0 1 1 0
 1 0 0 1 0 0 0 0 0 0 1 -58.75872022286246 1 0.14583333333333334
0 1 0 0 0 0 0 1 1 0 0 0 0 1 0 0 0 0 1 1 0 1 0 0 1 0 0 0 0 1 0 0 0 0 1 1 0
 1 0 0 1 0 0 0 0 1 0 0 -57.92099788303083 1 0.14583333333333334
0 1 0 0 0 0 0 1 0 0 1 0 1 0 0 0 0 0 1 1 1 0 0 0 1 0 0 0 0 1 0 0 0 0 1 0 1
 0 1 0 0 0 0 1 0 1 0 0 -52.920997883030836 1 0.10416666666666667
0 1 0 0 0 0 0 1 0 0 1 0 1 0 0 0 1 0 0 0 0 0 1 0 0 0 0 1 0 1 0 0 0 0 1 0 0
 1 0 0 0 0 0 1 0 1 0 0 -65.59644256269407 1 0.08333333333333333
0 1 0 0 0 1 0 0 1 0 0 0 1 0 0 0 0 0 0 1 0 1 1 0 1 0 0 0 1 0 0 0 0 0 1 1 0
 1 0 0 1 0 0 0 1 0 0 0 -58.920997883030836 1 0.10416666666666667
0 1 0 1 0 0 1 0 1 0 0 0 0 0 0 0 0 0 1 1 1 0 0 0 1 0 0 0 0 1 0 0 0 1 1 0 1
 0 0 0 0 0 0 0 0 0 0 1 -51.75872022286245 1 0.08333333333333333
0 1 0 0 0 0 0 1 1 0 0 0 0 0 0 0 0 0 1 1 0 0 0 0 1 0 0 0 0 1 0 0 0 0 1 1 0
 1 0 0 1 0 0 0 0 0 0 0 -53.434164902525694 1 0.14583333333333334
0 1 0 0 0 0 0 1 1 0 0 0 0 0 1 0 0 0 0 1 0 0 0 0 1 0 0 0 0 1 0 0 0 1 1 0 1
 0 1 0 1 0 0 0 0 0 0 1 -53.75872022286246 1 0.10416666666666667
0 1 0 0 0 0 0 1 0 0 1 0 1 0 0 0 0 0 1 0 1 0 0 0 0 0 0 1 0 1 1 0 0 1 0 0 0
 0 1 1 1 0 0 0 0 0 0 1 -56.92099788303084 1 0.10416666666666667
0 1 0 0 0 0 0 1 1 0 1 0 0 0 0 0 1 0 0 0 0 0 1 0 0 0 0 1 0 1 0 0 0 1 0 0 0
 0 1 1 1 0 0 0 0 0 0 0 -60.59644256269407 1 0.08333333333333333
0 1 1 0 0 0 0 1 1 0 0 0 1 0 0 0 0 0 1 0 0 1 0 0 1 0 0 1 0 1 0 0 0 0 1 1 0
 1 0 0 1 0 0 0 0 0 0 0 -55.92099788303084 1 0.0625
0 1 0 1 0 0 0 1 1 0 0 0 0 0 1 0 1 0 0 0 0 1 1 0 0 0 0 1 0 0 0 0 0 1 0 0 1
 0 0 0 1 0 1 0 0 0 0 1 -53.92099788303084 1 0.020833333333333332
0 0 1 0 1 0 0 0 0 0 0 1 0 1 0 0 0 0 1 1 1 0 0 0 1 0 0 0 0 1 1 0 0 0 1 1 1
 0 0 0 1 0 0 0 0 0 0 1 -53.083275543199214 1 0.16666666666666666
0 1 0 0 0 0 0 1 1 0 1 0 1 0 0 0 0 0 0 0 0 1 1 0 0 0 0 1 1 1 0 0 0 0 0 0 0
 1 0 0 1 0 0 0 0 0 0 0 -47.59644256269408 1 0.125
0 1 0 0 0 0 0 1 0 0 0 0 1 0 0 0 0 0 0 0 0 0 0 0 1 0 0 1 0 1 1 0 0 1 0 0 1
 0 0 0 0 0 1 0 0 0 0 1 -51.434164902525694 1 0.14583333333333334
0 1 0 0 0 0 0 1 1 0 0 0 1 0 0 0 0 0 1 0 0 1 0 0 1 0 0 1 0 0 0 0 0 1 1 0 1
 0 0 0 1 0 0 1 0 0 0 1 -46.92099788303084 1 0.020833333333333332
0 1 0 0 0 0 0 1 1 0 0 0 1 0 0 0 0 0 1 0 0 1 1 0 1 0 0 1 0 0 0 0 0 1 0 0 0
 0 0 1 1 0 0 0 0 0 0 0 -50.59644256269408 1 0.041666666666666664
0 1 0 0 0 0 0 1 0 0 1 0 1 0 0 0 0 0 0 1 0 0 1 0 1 0 0 1 0 1 0 0 0 1 1 0 0
 0 1 0 1 0 0 0 0 0 0 1 -60.92099788303084 1 0.10416666666666667
0 1 0 0 0 0 0 1 1 0 0 0 0 1 0 0 0 0 1 1 0 0 0 0 0 0 0 0 0 1 0 0 0 1 1 0 0
 1 0 0 1 0 0 0 0 0 0 1 -46.59644256269407 1 0.16666666666666666
0 1 0 0 0 0 0 1 1 0 0 0 0 0 0 1 1 0 0 0 0 0 1 0 0 0 0 1 0 1 0 0 0 0 1 0 1
 1 0 0 0 0 1 0 0 0 0 1 -52.75872022286246 1 0.0625
0 1 0 0 0 0 0 1 1 0 0 0 0 0 0 0 0 0 0 0 0 0 0 0 1 0 0 0 0 1 1 0 0 0 0 1 0
 1 0 0 1 0 1 0 0 0 0 0 -46.271887242357316 1 0.16666666666666666
0 0 0 1 0 0 0 1 0 0 0 0 0 0 0 0 0 0 0 1 1 0 0 0 0 0 1 0 0 1 0 1 0 0 1 1 1
 0 1 0 0 1 0 0 0 0 0 1 -32.75872022286246 1 0.10416666666666667
0 1 0 0 0 1 0 1 1 0 0 0 0 0 0 1 0 1 0 0 0 1 0 1 1 0 0 0 0 0 1 0 0 0 0 1 1
 1 0 0 0 0 0 1 0 0 1 0 -47.083275543199214 1 0.08333333333333333
0 1 0 0 0 0 0 1 1 0 0 0 1 0 0 1 0 0 1 0 0 1 0 0 0 0 0 1 1 0 0 0 0 0 0 1 0
 0 1 0 1 0 0 0 0 1 0 0 -54.75872022286246 1 0.08333333333333333
0 1 0 1 0 0 0 1 0 0 1 0 1 0 0 0 0 0 0 1 0 0 0 0 1 0 0 1 0 1 0 0 0 0 1 1 1
 0 1 0 1 0 0 0 0 1 0 0 -44.083275543199214 1 0.10416666666666667
0 0 1 0 0 1 0 1 1 0 0 0 0 1 0 1 0 0 0 1 0 0 1 0 1 0 0 0 0 1 0 0 1 0 0 0 0
 0 1 0 0 0 0 1 0 1 0 0 -52.92099788303083 1 0.16666666666666666
0 1 0 0 0 0 0 1 1 0 0 0 0 0 0 0 0 0 0 0 0 0 0 0 1 0 0 1 0 1 0 0 1 1 1 0 1
 0 0 0 1 0 0 0 0 0 0 1 -31.596442562694072 1 0.125
