1 0 0 0 0 1 0 0 0 0 1 0 0 0 0 1 1 0 0 0 0 1 0 0 0 0 1 0 0 0 0 1 1 0 0 0 0
 1 0 0 0 0 1 0 0 0 0 1 -86.59644256269408 1 0.0
1 0 0 0 0 0 0 1 0 0 1 0 0 1 0 0 1 0 0 0 0 1 0 0 0 0 1 0 0 0 0 1 1 0 0 0 0
 1 0 0 0 0 1 0 0 0 0 1 -84.59644256269408 1 0.020833333333333332
0 1 0 0 1 0 0 0 0 0 0 1 0 0 1 0 0 1 0 0 1 0 0 0 0 0 1 0 0 0 0 1 0 1 0 0 1
 0 0 0 0 0 1 0 0 0 0 1 -82.59644256269407 2 0.0
1 0 0 0 0 0 0 1 0 0 1 0 0 1 0 0 1 0 0 0 0 1 0 0 0 0 1 0 0 0 0 1 1 0 0 0 0
 0 0 1 0 0 1 0 0 1 0 0 -82.59644256269408 1 0.041666666666666664
1 0 0 0 0 0 0 1 0 1 0 0 0 0 1 0 1 0 0 0 0 0 1 0 0 1 0 0 0 0 0 1 1 0 0 0 0
 0 1 0 0 1 0 0 0 0 0 1 -80.59644256269407 1 0.041666666666666664
1 0 0 0 0 0 0 1 0 1 0 0 0 0 1 0 1 0 0 0 0 0 1 0 0 1 0 0 0 0 0 1 1 0 0 0 0
 0 1 0 0 1 0 0 0 0 0 1 -80.59644256269407 1 0.0
1 0 0 0 0 0 1 0 0 0 0 1 0 1 0 0 1 0 0 0 0 0 0 1 0 0 1 0 0 1 0 0 1 0 0 0 0
 0 0 1 0 0 1 0 0 1 0 0 -80.59644256269407 1 0.020833333333333332
0 1 0 0 1 0 0 0 0 0 0 1 0 0 1 0 0 1 0 0 1 0 0 0 0 0 1 0 0 0 0 1 0 1 0 0 1
 0 0 0 0 0 1 0 0 0 0 1 -82.59644256269407 1 0.020833333333333332
1 0 0 0 0 1 0 0 0 0 0 1 0 0 1 0 1 0 0 0 0 1 0 0 0 0 1 0 0 0 0 1 1 0 0 0 0
 1 0 0 0 0 1 0 0 0 1 1 -79.75872022286245 1 0.0
1 0 0 0 0 1 1 0 0 0 0 1 0 0 1 0 1 0 0 0 0 1 0 0 0 0 1 0 0 0 0 1 1 0 0 0 0
 1 0 0 0 0 1 0 0 0 0 1 -77.75872022286245 1 0.020833333333333332
0 0 0 1 1 0 0 0 0 0 1 0 0 1 0 0 0 0 0 1 1 0 0 0 0 0 1 0 0 1 0 0 0 0 0 1 1
 0 0 0 0 0 1 0 0 1 0 0 -80.59644256269407 1 0.020833333333333332
0 1 0 0 1 0 0 0 0 0 0 1 0 0 1 0 0 1 0 0 1 0 0 0 0 0 1 0 0 1 0 1 0 1 0 0 1
 0 0 0 0 0 1 0 0 0 0 1 -75.75872022286245 1 0.020833333333333332
0 1 0 0 0 0 0 1 0 0 0 0 0 0 1 0 0 1 0 0 1 0 0 0 0 0 1 0 0 0 0 1 0 1 0 0 1
 0 0 0 0 0 1 0 0 0 0 1 -75.4341649025257 2 0.020833333333333332
0 1 0 0 1 0 0 0 0 0 1 0 0 0 0 1 0 1 0 0 1 0 0 0 0 0 0 1 0 0 1 0 0 1 0 0 1
 0 0 0 0 0 1 0 0 0 0 1 -80.59644256269407 1 0.020833333333333332
1 0 0 0 0 0 0 1 0 1 0 0 0 0 1 0 1 0 0 0 0 0 1 0 0 1 0 0 0 0 0 1 1 0 0 0 0
 0 0 1 0 1 0 0 0 0 1 0 -78.59644256269407 1 0.041666666666666664
0 1 0 0 0 0 0 1 1 0 0 0 0 0 1 0 0 1 0 0 0 0 1 0 1 0 0 0 0 0 0 1 0 1 0 0 0
 0 1 0 1 0 0 0 0 0 0 1 -78.59644256269407 1 0.0
0 0 0 1 1 0 0 0 0 0 1 0 0 1 0 0 0 0 1 0 1 0 0 0 0 0 0 1 0 1 0 0 0 0 0 1 1
 0 0 0 0 0 1 0 0 1 0 0 -78.59644256269407 1 0.0
1 1 0 0 0 0 0 1 0 0 1 0 0 0 0 1 1 0 0 0 0 1 0 0 0 0 1 0 0 0 0 1 0 1 0 0 1
 0 0 0 0 0 1 0 0 0 0 1 -77.75872022286245 1 0.0
1 0 0 0 0 0 0 1 0 1 0 0 0 0 1 0 1 0 0 0 0 0 1 0 0 1 0 0 0 1 0 1 1 0 0 0 0
 0 1 0 0 1 0 0 0 0 0 1 -73.75872022286245 1 0.041666666666666664
1 0 0 0 0 0 0 1 0 1 0 0 0 0 1 0 1 0 0 0 0 0 1 0 0 1 0 0 0 1 0 1 1 0 0 0 0
 0 1 0 0 1 0 0 0 0 0 1 -73.75872022286245 1 0.041666666666666664
0 1 0 0 0 0 1 0 0 0 0 0 0 0 0 1 0 1 0 0 1 0 0 0 0 0 1 0 0 0 0 1 0 1 0 0 1
 0 0 0 0 0 1 0 0 0 0 1 -73.4341649025257 1 0.020833333333333332
0 1 0 0 0 0 0 1 0 0 0 0 0 0 1 0 0 1 0 0 0 0 1 0 1 0 0 0 0 0 0 1 0 1 0 0 1
 0 0 0 0 0 1 0 0 0 0 1 -71.4341649025257 1 0.020833333333333332
1 0 0 0 0 0 1 0 0 1 0 0 0 1 0 1 1 0 0 0 0 0 1 0 0 1 0 0 0 0 0 1 1 0 0 0 0
 0 1 0 0 1 0 0 0 0 0 1 -73.75872022286245 1 0.041666666666666664
1 0 0 0 0 0 1 0 0 1 0 0 0 0 0 1 1 0 0 0 0 0 0 1 0 1 0 0 0 0 1 0 1 0 0 0 0
 0 1 0 0 1 0 0 0 0 0 1 -76.59644256269407 2 0.020833333333333332
0 0 0 1 1 0 0 0 0 1 0 0 0 0 1 0 0 0 1 0 1 0 0 0 0 1 0 0 0 0 0 1 0 0 1 0 1
 0 0 0 0 1 0 0 0 0 0 1 -76.59644256269407 1 0.041666666666666664
1 0 0 0 0 0 0 1 0 0 1 0 0 1 0 0 1 0 0 0 0 0 0 1 0 1 0 0 0 0 1 0 1 0 0 0 0
 0 0 1 0 0 1 0 0 1 0 0 -76.59644256269408 1 0.0
0 1 0 0 0 0 1 0 1 0 0 0 0 0 0 1 0 1 0 0 0 0 1 0 1 0 0 0 0 0 0 1 0 1 0 0 0
 0 1 0 1 0 0 0 0 0 0 1 -76.59644256269407 1 0.0
0 0 0 1 1 0 0 0 0 0 1 0 0 1 0 0 0 0 1 0 1 0 0 0 0 0 0 1 0 1 0 0 0 0 1 0 1
 0 0 0 0 0 0 1 0 1 0 0 -76.59644256269407 1 0.020833333333333332
1 0 0 0 0 0 0 1 0 0 0 0 0 1 0 0 1 0 0 0 0 0 0 1 0 0 1 0 0 1 0 0 1 0 0 0 0
 0 0 1 0 0 1 0 0 1 0 0 -77.43416490252568 1 0.08333333333333333
1 0 0 0 0 0 1 0 0 1 0 0 0 1 0 1 1 0 0 0 0 0 1 0 0 1 0 0 0 1 0 1 1 0 0 0 0
 0 1 0 0 1 0 0 0 0 0 1 -68.92099788303082 1 0.041666666666666664
0 1 0 0 0 0 0 1 1 0 0 0 0 0 1 0 0 1 0 0 0 0 1 0 1 0 0 0 0 0 0 1 0 1 0 0 0
 0 1 0 1 0 0 0 0 0 0 1 -78.59644256269407 1 0.020833333333333332
1 0 0 0 0 0 1 1 0 1 0 0 0 1 0 0 1 0 0 0 0 0 1 0 0 1 0 0 0 0 0 1 1 0 0 0 0
 0 1 0 0 1 0 0 0 0 0 1 -75.75872022286245 1 0.0
0 0 1 0 0 0 0 1 0 0 0 0 0 1 0 0 0 0 1 0 0 0 0 1 1 0 0 0 0 1 0 0 0 0 1 0 0
 0 0 1 0 0 0 0 0 1 0 0 -62.271887242357316 1 0.10416666666666667
1 0 0 0 0 0 0 1 0 1 0 0 0 1 0 0 1 0 0 0 0 0 1 0 0 1 0 0 0 0 0 1 1 0 0 0 0
 0 1 0 0 1 0 0 0 0 0 1 -75.59644256269408 1 0.020833333333333332
0 1 0 0 0 0 1 1 0 0 0 0 1 0 0 0 0 1 0 0 0 0 0 1 0 0 1 0 1 0 0 0 0 1 0 0 0
 0 0 1 0 0 1 0 1 0 0 0 -73.59644256269407 1 0.041666666666666664
0 0 1 0 0 0 0 1 1 0 0 0 0 1 0 0 1 0 0 0 0 0 0 1 0 0 1 0 0 1 0 0 0 0 1 0 0
 0 0 1 0 0 0 0 0 1 0 0 -67.4341649025257 1 0.08333333333333333
0 1 0 0 0 0 0 1 0 0 0 0 0 0 1 0 0 1 0 0 0 0 1 0 1 0 0 0 0 0 0 1 0 1 0 0 0
 0 0 1 0 0 1 0 0 0 0 1 -66.4341649025257 1 0.041666666666666664
1 0 0 0 0 0 1 1 0 0 0 0 0 1 0 0 1 0 0 0 0 0 0 1 0 0 1 0 0 1 0 0 1 0 0 0 0
 0 0 1 0 0 0 0 0 1 0 0 -70.4341649025257 1 0.08333333333333333
0 1 0 0 1 0 0 0 0 0 0 1 0 0 1 0 0 1 0 0 1 0 0 0 0 0 1 0 0 0 0 1 0 1 0 1 1
 0 0 0 0 0 1 0 0 0 0 1 -75.75872022286245 1 0.020833333333333332
0 0 1 0 1 0 0 0 0 1 0 0 0 1 0 1 0 0 1 0 1 0 0 0 0 1 0 0 0 0 0 1 0 0 1 0 1
 0 0 0 0 1 0 0 0 0 0 1 -71.75872022286245 1 0.041666666666666664
0 0 1 0 0 0 0 1 0 0 0 0 0 1 0 0 0 0 0 1 0 0 1 0 1 0 0 0 0 1 0 0 0 0 1 0 0
 0 0 1 0 0 0 0 0 1 0 0 -62.271887242357316 1 0.08333333333333333
0 0 1 0 0 0 0 1 0 0 0 0 0 1 0 0 0 0 1 0 0 0 0 1 1 0 0 0 0 1 0 0 0 0 1 0 0
 0 0 1 0 0 0 0 0 1 0 0 -62.271887242357316 1 0.08333333333333333
0 1 0 0 0 0 1 0 0 0 0 0 1 0 0 0 0 1 0 0 0 0 0 1 0 0 1 0 1 0 0 0 0 1 0 0 0
 0 0 1 0 0 1 0 1 0 0 0 -71.4341649025257 1 0.020833333333333332
0 0 1 0 0 0 0 1 1 0 0 0 0 1 0 0 0 0 1 0 0 0 0 1 1 0 0 0 0 1 0 0 0 0 1 0 0
 0 0 1 0 0 0 0 0 1 0 0 -67.4341649025257 1 0.0625
1 0 0 0 0 0 0 1 0 1 0 0 0 0 1 0 1 0 0 0 0 0 0 1 0 1 1 0 0 0 0 1 1 0 0 0 0
 0 0 1 0 1 0 0 0 0 1 0 -73.75872022286245 1 0.0625
1 0 0 0 0 1 0 0 0 0 1 0 0 0 0 1 1 0 0 0 0 1 0 0 0 0 0 1 0 0 1 1 1 0 0 0 1
 0 0 0 0 0 1 0 0 0 0 1 -72.75872022286245 1 0.020833333333333332
0 1 0 0 0 0 1 0 0 0 0 1 1 0 0 0 0 1 0 0 1 0 0 0 0 0 1 0 0 0 0 1 0 1 0 0 1
 0 0 0 0 0 1 0 0 0 0 1 -76.59644256269407 1 0.041666666666666664
1 0 0 0 0 1 0 0 0 0 0 1 0 0 1 0 1 0 0 0 0 1 0 0 0 0 1 0 0 0 0 1 0 0 1 0 1
 0 0 0 0 1 0 0 0 0 0 1 -74.59644256269408 1 0.0
1 0 0 0 0 0 0 1 0 0 1 0 0 1 0 0 1 0 0 0 0 0 1 0 0 1 0 0 0 1 0 1 1 0 0 0 0
 0 0 0 0 0 1 0 0 1 0 1 -72.75872022286245 1 0.020833333333333332
1 0 0 0 0 0 0 1 0 0 1 1 0 1 0 0 1 0 0 0 0 0 0 1 0 0 1 0 0 1 0 0 0 1 0 0 0
 0 0 1 0 0 1 0 1 0 0 0 -73.75872022286245 1 0.020833333333333332
1 0 0 0 0 0 0 1 0 0 1 0 0 1 0 0 1 0 0 0 0 1 0 1 0 0 1 0 1 0 0 0 0 1 0 0 0
 0 0 1 0 0 1 0 1 0 0 0 -73.75872022286245 1 0.0
0 0 1 0 1 0 0 0 0 0 1 0 0 1 0 1 0 0 0 1 1 0 0 0 0 0 1 0 0 1 0 0 0 1 0 0 1
 0 0 0 0 0 1 0 0 0 0 1 -73.75872022286245 1 0.0
0 1 0 0 0 0 0 1 0 0 0 0 0 0 1 0 0 1 0 0 0 0 1 0 1 0 0 0 0 0 0 1 0 1 0 0 0
 0 0 1 0 0 1 0 0 0 1 0 -64.4341649025257 1 0.041666666666666664
0 0 1 0 1 0 0 0 0 1 0 0 0 1 0 1 0 0 1 0 1 0 0 0 0 1 0 0 0 0 0 1 0 0 1 0 1
 0 0 0 0 1 0 0 0 0 0 1 -71.75872022286245 1 0.041666666666666664
1 0 0 0 0 0 1 1 0 1 0 0 0 1 0 1 1 0 0 0 0 0 1 0 0 1 0 0 0 1 0 1 1 0 0 0 0
 0 1 0 0 1 0 0 0 0 0 1 -66.0832755431992 1 0.0625
0 1 0 0 0 0 1 0 0 0 0 0 0 0 0 1 0 1 0 0 0 0 0 1 1 0 0 0 0 0 1 0 0 1 0 0 0
 0 1 0 1 0 0 0 0 0 0 1 -67.4341649025257 1 0.020833333333333332
0 0 0 1 0 0 1 0 0 0 0 0 0 1 0 0 0 0 1 0 0 0 0 1 1 0 0 0 0 1 0 0 0 0 1 0 0
 0 0 1 0 0 0 0 0 1 0 0 -60.271887242357316 2 0.08333333333333333
1 0 0 0 0 0 1 1 0 1 0 0 0 1 0 1 1 0 0 0 0 0 1 0 0 1 0 0 0 1 0 1 1 0 0 0 0
 0 1 0 0 1 0 0 0 0 0 1 -66.0832755431992 1 0.041666666666666664
0 0 0 1 0 0 1 0 0 0 0 0 0 1 0 0 0 0 1 0 0 0 0 1 1 0 0 0 0 1 0 0 0 0 1 0 0
 0 0 1 0 0 0 0 0 1 0 0 -60.271887242357316 2 0.10416666666666667
0 0 0 1 0 0 1 0 0 0 0 0 0 1 0 0 0 0 1 0 0 0 0 1 1 0 0 0 0 1 0 0 0 0 1 0 0
 0 0 1 0 0 0 0 0 1 0 0 -60.271887242357316 2 0.08333333333333333
0 0 0 1 0 0 1 0 0 0 0 0 0 1 0 0 0 0 1 0 0 0 0 1 1 0 0 0 0 1 0 0 0 0 1 0 0
 0 0 1 0 0 0 0 0 1 0 0 -60.271887242357316 1 0.10416666666666667
0 0 1 0 0 0 0 1 0 1 0 0 1 0 0 0 0 0 0 1 0 0 1 0 0 1 0 0 1 0 0 0 0 0 1 0 0
 0 0 1 0 1 0 0 1 0 0 0 -72.59644256269407 1 0.020833333333333332
1 0 0 0 0 0 1 0 0 1 0 0 0 0 0 1 1 0 0 0 0 0 0 1 0 1 0 0 0 0 1 0 1 0 0 0 0
 1 0 0 0 0 1 0 0 0 0 1 -72.59644256269407 1 0.0
0 0 0 1 0 0 1 0 1 0 0 0 0 1 0 0 0 0 1 0 0 0 0 1 1 0 0 0 0 1 0 0 0 0 0 1 0
 0 1 0 1 0 0 0 0 1 0 0 -72.59644256269407 2 0.0
0 0 1 0 0 0 0 1 1 0 0 0 0 1 0 0 0 0 0 1 1 0 0 0 0 0 1 0 0 1 0 0 0 0 1 0 0
 0 0 1 0 0 0 0 0 1 0 0 -65.4341649025257 1 0.0625
1 0 0 0 0 0 1 0 0 0 0 1 0 1 0 0 1 0 0 0 0 0 0 1 0 0 1 0 0 1 0 1 1 0 0 0 0
 0 1 0 0 0 0 0 0 1 0 1 -70.75872022286245 1 0.041666666666666664
1 0 0 0 0 0 1 0 0 1 0 0 0 0 0 1 1 0 0 0 0 0 0 1 0 1 0 0 0 0 1 0 0 0 1 0 1
 0 0 0 0 1 0 0 0 0 0 1 -72.59644256269407 1 0.020833333333333332
0 0 0 1 0 0 1 0 1 0 0 0 0 1 0 0 0 0 1 0 0 0 0 1 1 0 0 0 0 1 0 0 0 0 1 0 0
 0 0 1 0 0 0 0 0 1 0 0 -65.4341649025257 1 0.10416666666666667
0 1 0 0 0 0 0 1 1 0 0 0 0 0 1 0 0 1 0 0 0 0 0 0 1 0 1 0 0 0 0 1 0 1 0 0 0
 0 0 1 0 0 1 0 0 0 0 1 -68.59644256269407 1 0.0625
1 0 0 0 0 0 0 1 0 1 0 0 0 0 1 0 1 0 1 0 0 0 0 0 0 1 0 0 0 0 0 1 1 0 0 0 0
 0 1 0 0 1 0 0 0 0 0 1 -71.59644256269407 1 0.041666666666666664
0 1 0 0 0 0 0 1 0 0 0 0 0 0 0 1 0 1 0 0 0 0 1 0 1 0 0 0 0 0 0 1 0 1 0 0 1
 0 0 0 0 0 1 0 0 0 0 1 -66.4341649025257 1 0.020833333333333332
0 1 0 0 0 0 0 1 0 0 0 0 0 0 1 0 0 0 0 0 0 1 0 0 1 0 1 0 0 0 0 1 0 1 0 0 1
 0 0 0 0 0 1 0 0 0 0 1 -66.4341649025257 1 0.020833333333333332
1 0 0 0 0 0 0 1 0 0 1 0 0 1 0 0 0 0 1 0 1 0 0 0 0 0 0 1 0 1 0 0 0 0 1 0 1
 0 0 0 0 0 0 0 0 1 0 1 -69.59644256269408 1 0.0625
0 1 0 0 0 0 0 1 1 0 0 0 0 0 1 0 0 1 0 0 0 0 1 0 1 0 0 0 1 0 0 1 0 1 0 0 0
 0 0 0 0 0 1 0 0 0 0 1 -64.59644256269407 1 0.041666666666666664
0 1 0 0 1 0 0 0 0 0 1 1 0 1 0 0 0 0 0 1 1 0 0 0 0 0 1 0 0 1 0 0 0 0 0 1 1
 0 0 0 0 0 1 0 0 1 0 0 -73.75872022286245 1 0.041666666666666664
0 1 0 0 0 0 0 1 1 0 0 0 0 0 1 0 0 1 0 0 0 0 1 0 1 0 0 0 0 0 0 1 0 1 0 1 0
 0 1 0 1 0 0 0 0 0 0 1 -71.75872022286245 1 0.0
0 1 0 0 0 0 1 0 0 0 0 1 1 0 0 0 0 1 0 0 0 0 0 1 0 0 1 0 1 0 0 0 0 1 0 0 1
 0 0 0 0 0 1 0 1 0 0 1 -71.75872022286245 1 0.0
0 0 1 0 1 0 0 0 0 1 0 0 0 1 0 1 0 0 1 0 1 0 0 0 0 1 0 0 0 0 0 1 0 0 1 0 1
 0 0 0 0 1 0 0 0 0 0 1 -71.75872022286245 1 0.0625
0 1 0 0 0 0 0 1 0 0 1 0 0 0 0 1 0 1 0 0 0 0 1 0 0 0 0 1 1 0 0 0 0 1 0 0 1
 0 0 0 0 0 1 0 0 0 0 1 -71.59644256269407 1 0.020833333333333332
0 1 0 0 0 0 0 1 0 0 0 0 0 0 1 0 0 1 0 0 1 0 0 0 0 0 1 0 0 0 0 1 0 1 0 0 1
 0 0 0 0 0 1 0 0 0 0 1 -75.4341649025257 1 0.041666666666666664
1 0 0 0 0 0 1 0 0 0 0 1 0 1 0 0 1 0 0 0 0 0 0 1 0 0 1 0 0 1 0 0 0 0 1 0 0
 0 0 1 0 0 0 0 0 1 0 0 -69.4341649025257 1 0.10416666666666667
1 0 0 0 0 0 0 1 0 0 1 0 0 1 0 0 1 0 0 0 0 1 1 0 0 1 0 0 0 0 0 1 1 0 0 0 0
 0 0 1 0 0 1 0 0 1 0 0 -73.75872022286245 1 0.020833333333333332
0 0 1 0 1 0 0 0 0 1 0 0 0 1 0 1 0 0 1 0 1 0 0 0 0 1 0 0 0 0 0 1 0 0 1 0 1
 0 0 0 0 1 0 0 0 0 0 1 -71.75872022286245 1 0.08333333333333333
0 0 1 0 1 0 0 1 0 1 0 0 0 1 0 0 0 0 1 0 1 0 0 0 0 1 0 0 0 0 0 1 0 0 1 0 1
 0 0 0 0 1 0 0 0 0 0 1 -71.75872022286245 1 0.041666666666666664
0 0 0 1 0 0 1 0 1 0 0 0 0 1 0 0 0 0 1 0 0 0 0 1 1 0 0 0 0 1 0 0 0 0 1 0 0
 0 0 1 1 0 0 0 0 1 0 0 -72.59644256269407 1 0.08333333333333333
0 1 0 0 0 0 1 0 0 0 0 0 1 0 0 1 0 1 0 0 1 0 0 0 0 0 1 0 0 0 0 1 0 1 0 0 1
 0 0 0 0 0 1 0 1 0 0 1 -66.75872022286245 1 0.041666666666666664
1 0 0 0 0 0 1 0 0 1 0 0 0 1 0 1 0 0 1 0 1 0 0 0 0 1 0 0 0 0 0 1 0 0 1 0 1
 0 0 0 0 1 0 0 0 0 0 1 -67.75872022286245 1 0.041666666666666664
1 0 0 0 0 0 0 1 0 1 0 0 0 0 1 0 1 0 0 0 0 0 0 1 0 1 1 0 0 0 0 1 1 0 0 0 0
 0 1 0 0 1 0 0 0 0 0 1 -71.75872022286245 1 0.041666666666666664
1 0 0 0 0 0 1 0 0 1 0 0 0 1 0 1 1 0 0 0 0 0 1 0 0 1 0 0 0 1 0 1 1 0 0 0 0
 0 1 0 0 1 1 0 0 0 0 1 -64.0832755431992 1 0.041666666666666664
0 1 0 0 0 0 0 1 0 0 0 0 0 0 1 0 0 0 1 0 1 0 0 0 0 1 0 0 0 0 0 1 0 1 0 0 1
 0 0 0 0 0 1 0 0 0 0 1 -67.4341649025257 1 0.020833333333333332
0 0 0 1 0 0 1 0 0 0 0 0 0 1 0 0 0 0 1 0 0 0 0 1 1 0 0 0 0 1 0 0 0 0 1 0 0
 0 0 1 0 0 0 0 0 1 0 0 -60.271887242357316 1 0.14583333333333334
0 1 0 0 0 0 1 0 0 0 0 0 0 0 0 1 0 1 0 0 1 0 0 1 0 0 1 0 0 0 0 1 0 1 0 0 1
 0 0 0 0 0 1 0 0 0 0 1 -68.59644256269407 1 0.041666666666666664
0 1 0 0 0 0 1 0 1 0 0 0 0 0 0 1 0 1 0 0 0 0 0 1 1 0 1 0 0 0 0 1 0 1 0 0 1
 0 0 0 0 0 1 0 0 0 0 1 -71.75872022286245 1 0.020833333333333332
1 0 0 0 0 0 0 1 0 0 1 0 0 1 0 0 1 0 0 0 1 0 0 0 0 0 1 1 0 1 0 0 1 0 0 0 0
 0 1 0 0 0 1 0 0 1 0 1 -70.92099788303084 1 0.0
1 0 0 0 0 1 1 0 0 0 0 1 0 0 0 1 1 0 0 0 0 1 0 0 0 0 1 0 0 0 0 1 1 0 0 0 0
 1 0 0 0 0 1 0 1 0 0 1 -70.92099788303084 1 0.0
0 0 1 0 1 0 0 0 0 0 1 0 0 1 0 1 0 0 0 1 1 0 0 0 0 0 1 0 0 1 0 0 0 0 0 1 1
 0 0 0 0 0 1 0 0 1 0 1 -70.92099788303084 1 0.0
0 0 1 0 0 0 0 1 0 0 0 0 0 1 0 0 0 0 1 1 0 0 1 0 1 0 0 0 0 1 0 0 0 0 1 0 0
 0 0 1 0 0 0 0 0 1 0 0 -57.4341649025257 1 0.10416666666666667
0 1 0 0 0 0 0 1 0 0 0 0 0 0 1 0 0 1 0 0 0 0 0 1 1 0 1 0 0 0 0 1 0 1 0 0 1
 0 0 0 0 0 1 0 0 0 0 1 -66.59644256269407 1 0.0625
0 0 1 0 0 0 0 1 0 0 0 0 0 1 0 0 0 0 1 0 0 0 0 1 1 0 0 0 0 1 0 0 0 0 1 0 0
 0 0 1 0 0 0 0 0 1 0 0 -62.271887242357316 1 0.125
1 0 0 0 0 0 1 1 0 0 0 0 0 1 0 0 0 0 1 0 0 0 0 1 1 0 0 0 0 1 0 0 0 0 1 0 0
 0 0 1 0 0 0 0 0 1 0 0 -62.4341649025257 1 0.125
0 0 1 0 0 0 0 1 0 0 0 0 0 1 0 0 0 0 1 0 0 0 0 1 1 0 0 0 0 1 0 0 0 0 1 0 0
 0 0 1 0 0 1 0 0 1 0 0 -62.4341649025257 1 0.08333333333333333
1 0 0 0 0 0 0 1 0 0 1 0 0 1 0 0 0 0 0 1 0 0 1 0 0 1 0 0 1 0 0 0 0 0 0 1 1
 0 0 0 0 0 1 0 0 1 0 0 -70.59644256269408 1 0.020833333333333332
0 0 0 1 0 1 0 0 1 0 0 0 0 0 1 0 0 0 1 0 0 1 0 0 1 0 0 0 0 0 0 1 0 0 1 0 1
 0 0 0 0 0 0 0 0 0 0 1 -67.4341649025257 1 0.0625
0 0 0 1 1 0 0 0 0 0 1 0 0 1 0 0 0 0 0 1 1 0 1 0 0 0 0 0 0 1 0 0 0 0 0 1 1
 0 0 0 0 0 1 0 0 1 0 0 -71.59644256269407 1 0.020833333333333332
0 0 0 1 0 0 1 0 0 0 0 0 0 1 0 0 0 0 1 0 0 0 0 1 1 0 0 0 0 1 0 0 0 1 1 0 0
 0 0 1 0 0 0 0 0 1 0 0 -55.434164902525694 1 0.14583333333333334
0 0 0 1 1 0 0 0 0 1 0 0 0 1 0 0 0 0 1 0 1 0 0 0 0 1 0 0 0 1 0 1 0 0 1 0 1
 0 0 0 0 1 0 0 0 0 0 1 -66.75872022286245 1 0.0625
0 0 0 1 0 0 1 1 0 0 0 0 0 1 0 0 0 0 1 0 0 0 0 1 1 0 0 0 0 1 0 0 0 0 1 0 0
 0 0 1 0 0 0 0 0 1 0 0 -57.4341649025257 1 0.10416666666666667
0 0 0 1 0 0 0 1 0 0 0 0 0 1 0 0 0 0 1 0 0 0 0 1 1 0 0 0 0 1 0 0 0 0 1 0 0
 0 0 1 0 0 0 0 0 1 0 0 -57.271887242357316 1 0.125
0 1 0 0 0 0 1 0 0 0 0 0 0 0 0 1 0 1 0 0 0 0 0 1 1 0 0 0 0 0 0 1 0 1 0 0 0
 0 1 0 1 0 0 0 0 0 0 1 -64.4341649025257 1 0.020833333333333332
0 0 0 1 0 0 1 0 0 0 0 0 0 1 0 0 0 0 1 0 1 0 0 1 1 0 0 0 0 1 0 0 0 0 1 0 0
 0 0 1 0 0 0 0 0 1 0 0 -53.434164902525694 1 0.10416666666666667
1 0 0 0 0 0 0 1 0 0 0 0 0 1 0 0 0 0 1 0 0 0 0 1 1 0 0 0 0 1 0 0 0 0 1 0 0
 0 0 1 0 0 0 0 0 1 0 0 -62.271887242357316 1 0.125
0 0 1 0 1 0 0 0 0 0 0 1 0 1 0 0 0 0 0 1 1 0 0 0 0 0 1 0 0 1 0 0 0 0 1 1 1
 0 0 0 0 0 1 0 0 1 0 0 -73.75872022286245 1 0.020833333333333332
0 0 0 1 0 0 1 0 1 0 0 0 0 1 0 0 0 0 1 0 0 0 0 1 1 0 0 0 0 1 0 0 0 0 1 0 0
 0 0 1 1 0 0 0 0 1 0 0 -72.59644256269407 1 0.0625
0 0 0 1 0 0 1 0 0 0 0 0 0 1 0 0 0 0 1 0 0 1 0 0 1 0 0 0 0 0 0 1 0 0 1 0 1
 0 0 0 0 0 0 0 0 1 0 1 -60.4341649025257 1 0.0625
0 0 1 0 0 0 0 1 0 0 0 0 0 1 0 0 0 0 0 1 0 0 1 0 1 0 0 0 0 1 0 0 0 0 1 0 0
 0 0 1 0 0 0 0 0 1 0 0 -62.271887242357316 1 0.08333333333333333
0 0 0 1 0 0 1 0 0 0 0 0 0 1 0 0 0 0 1 0 0 1 0 0 1 0 0 0 0 0 0 1 0 1 0 0 1
 0 0 0 0 0 1 0 0 0 0 1 -65.4341649025257 1 0.041666666666666664
1 0 0 0 0 0 1 1 0 0 0 0 0 1 0 0 1 0 0 0 0 0 0 1 0 0 1 0 0 1 0 1 1 0 0 0 0
 1 0 0 0 0 1 0 0 0 0 1 -68.75872022286245 1 0.041666666666666664
0 0 1 0 0 0 1 0 0 0 0 0 0 1 0 0 0 0 1 0 0 0 0 1 1 0 0 0 0 1 0 0 0 0 1 0 0
 0 0 1 0 0 0 0 0 1 0 0 -55.271887242357316 1 0.10416666666666667
0 0 0 1 0 0 1 0 0 0 0 0 0 1 0 0 0 0 1 0 0 0 0 1 1 0 0 0 0 1 0 0 0 0 1 0 1
 0 0 0 0 0 0 0 0 1 0 1 -60.434164902525694 1 0.0625
0 1 0 0 0 0 0 1 1 0 0 0 0 0 1 0 0 1 0 0 0 0 0 1 1 0 0 0 0 0 0 1 0 1 0 0 0
 0 0 1 1 0 1 0 0 0 0 1 -68.75872022286245 1 0.041666666666666664
0 1 0 0 1 0 0 0 0 0 1 1 0 1 0 0 1 0 0 0 1 0 0 0 0 0 1 1 0 1 0 0 0 0 0 1 1
 0 0 0 0 0 1 0 0 1 0 0 -68.92099788303084 1 0.020833333333333332
1 0 0 0 0 0 1 0 0 1 0 0 0 0 0 1 1 0 0 0 1 0 0 0 0 1 0 0 0 0 0 1 0 0 1 0 1
 0 0 0 0 1 0 0 0 0 0 1 -69.59644256269407 1 0.041666666666666664
0 0 0 1 0 0 1 0 0 0 0 0 0 1 0 0 0 0 1 0 0 0 0 1 1 0 0 0 0 1 0 0 0 0 1 0 1
 0 0 1 0 0 0 0 0 1 0 0 -60.434164902525694 1 0.08333333333333333
0 0 0 0 0 0 0 1 0 0 0 0 0 1 0 0 0 0 1 0 0 0 0 1 1 0 0 0 0 1 0 0 0 0 1 0 0
 0 0 1 0 0 0 0 0 1 0 0 -57.10960958218894 1 0.10416666666666667
0 0 0 0 0 0 1 1 1 0 0 0 0 1 0 0 0 0 1 0 0 0 0 1 1 0 0 0 0 1 0 0 0 0 1 0 0
 0 0 1 1 0 0 0 0 1 0 0 -69.59644256269407 1 0.020833333333333332
0 1 0 0 0 0 0 1 0 0 0 0 1 0 0 0 0 1 0 0 0 1 0 0 0 0 1 0 1 0 0 1 0 1 0 0 1
 0 0 0 0 0 1 0 1 0 0 1 -65.75872022286245 1 0.020833333333333332
0 0 0 1 0 0 1 0 0 0 0 0 0 1 0 0 0 0 1 0 0 0 0 1 1 0 0 0 0 1 0 0 0 0 1 0 0
 0 0 1 0 0 0 0 0 1 0 0 -60.271887242357316 1 0.041666666666666664
0 0 1 0 1 0 0 0 0 1 0 0 0 1 0 1 0 0 0 1 1 0 0 0 0 1 0 0 0 0 1 0 0 0 1 0 1
 0 0 0 0 1 0 0 0 0 0 1 -69.75872022286245 1 0.041666666666666664
0 1 0 0 0 0 1 1 0 0 0 0 1 0 0 0 0 1 0 0 0 0 0 1 0 0 1 0 1 0 0 1 0 1 0 0 0
 0 1 1 0 0 1 0 1 0 0 0 -63.920997883030836 1 0.08333333333333333
0 0 0 1 0 0 1 0 0 1 0 0 1 0 0 0 0 0 1 0 1 0 0 0 0 1 0 0 0 0 0 1 0 0 1 0 1
 0 0 0 0 1 0 0 0 0 0 1 -70.59644256269407 1 0.041666666666666664
0 0 0 1 1 0 0 0 0 1 0 0 0 1 1 0 0 0 1 0 1 0 0 0 0 1 0 0 0 1 0 1 0 0 1 0 1
 0 0 0 0 1 0 0 0 0 0 1 -66.92099788303084 1 0.0625
0 1 0 0 0 0 0 1 0 0 0 0 0 0 1 0 0 0 1 0 1 0 0 0 0 1 0 0 0 0 0 1 0 0 1 0 1
 0 0 0 0 1 0 0 0 0 0 1 -65.4341649025257 1 0.0625
0 0 1 0 0 0 0 1 0 0 0 0 0 1 0 0 0 0 0 1 0 0 1 0 1 0 0 0 0 1 0 0 0 0 1 0 1
 0 0 0 0 0 0 0 0 1 0 1 -62.4341649025257 1 0.10416666666666667
1 0 0 0 0 0 0 1 0 0 0 0 0 1 0 0 0 0 1 0 0 0 0 1 1 0 0 0 0 1 0 0 0 0 1 0 0
 0 0 1 0 0 0 0 0 1 0 0 -62.271887242357316 1 0.125
0 0 1 0 1 0 0 0 0 0 0 1 0 1 0 0 0 0 1 0 1 0 0 0 0 0 0 1 0 1 0 1 0 0 1 0 1
 0 0 0 0 0 0 0 0 1 0 1 -64.75872022286245 1 0.08333333333333333
0 0 0 0 0 0 1 1 0 0 0 0 0 1 0 0 0 0 1 0 0 0 0 1 1 0 0 0 0 1 0 0 0 0 1 0 0
 0 0 1 0 0 0 0 0 1 0 0 -57.271887242357316 1 0.125
0 1 0 0 0 0 1 1 1 0 0 0 0 1 0 0 0 1 0 0 0 0 1 0 1 0 0 0 0 1 0 1 0 1 0 0 0
 0 1 0 1 0 0 0 0 0 0 1 -68.92099788303084 1 0.0
0 0 0 1 0 0 0 1 0 0 1 0 0 1 0 0 0 0 1 0 0 0 0 1 1 0 0 0 0 1 0 0 1 0 0 0 0
 0 0 1 0 0 1 0 0 1 0 0 -67.59644256269408 1 0.0625
0 0 1 0 0 0 0 1 0 0 0 0 0 1 0 0 0 0 1 0 0 0 0 1 1 0 0 0 0 1 0 1 0 0 1 0 0
 0 0 1 1 0 0 0 0 1 0 0 -62.59644256269408 1 0.0625
0 1 0 0 0 0 1 1 0 0 0 0 0 1 0 0 0 0 1 0 0 0 0 1 1 0 0 0 0 1 0 0 0 0 1 0 0
 0 0 1 0 0 0 0 0 1 0 0 -55.4341649025257 1 0.125
0 0 1 0 0 0 0 1 0 0 0 0 0 1 0 0 0 0 1 0 1 0 0 0 0 1 0 0 0 0 0 1 0 0 1 0 1
 0 0 0 0 1 0 0 0 0 0 1 -67.4341649025257 1 0.0625
1 0 0 0 0 0 1 0 0 0 0 1 0 1 0 0 1 0 0 0 0 0 0 1 0 0 1 0 0 1 0 0 1 0 0 0 0
 0 0 1 0 0 1 0 0 1 0 0 -80.59644256269407 1 0.041666666666666664
1 0 0 0 0 0 1 1 0 1 0 0 0 1 0 0 1 0 0 0 0 0 0 1 0 1 1 0 0 1 0 1 1 0 0 0 0
 0 0 1 0 0 1 0 0 1 0 0 -66.0832755431992 1 0.0625
0 0 0 1 0 0 1 0 1 0 0 0 0 1 0 0 0 0 1 0 0 0 0 1 1 0 0 0 0 1 0 0 0 0 0 1 0
 0 0 1 0 0 1 0 0 1 0 0 -65.59644256269407 1 0.041666666666666664
0 1 0 0 1 0 1 0 0 0 0 0 0 0 0 1 0 1 0 0 1 0 0 0 0 0 1 1 0 0 0 1 0 1 0 0 1
 0 0 0 0 0 1 0 0 0 0 1 -68.75872022286245 1 0.0625
0 0 0 1 0 0 1 0 1 0 0 0 0 1 0 0 0 0 1 0 1 0 0 0 0 1 0 0 0 0 0 1 0 0 1 0 1
 0 0 0 0 1 0 0 0 0 0 1 -68.59644256269407 1 0.020833333333333332
0 0 0 1 0 0 1 0 0 0 0 0 0 1 0 0 0 0 1 0 0 0 0 1 1 0 0 0 0 1 0 0 0 0 1 0 1
 0 0 0 0 0 0 0 0 1 0 1 -60.434164902525694 1 0.10416666666666667
1 0 0 0 0 0 0 1 0 1 0 0 0 0 1 0 1 0 1 0 0 1 0 0 0 0 0 1 0 0 0 1 0 0 1 0 1
 0 0 0 0 1 0 0 0 0 0 1 -67.75872022286245 1 0.0625
1 0 0 0 0 0 0 1 0 0 1 0 0 1 0 0 0 0 1 0 0 0 0 1 0 1 0 0 1 0 0 0 0 1 1 0 0
 0 0 1 0 0 0 0 0 1 0 0 -58.59644256269408 1 0.125
0 1 0 0 0 0 0 1 0 0 0 0 0 0 1 0 0 1 0 0 0 0 1 0 1 0 0 0 0 0 0 1 0 1 0 0 1
 0 1 0 0 0 0 0 0 0 0 1 -66.4341649025257 1 0.0625
1 0 0 0 0 0 0 1 0 1 0 0 0 0 1 1 1 0 0 0 0 0 1 0 0 1 0 0 0 1 0 1 0 0 1 0 1
 0 0 0 0 1 0 0 0 0 0 1 -64.92099788303084 1 0.041666666666666664
0 0 0 0 0 0 0 1 0 0 0 0 0 1 0 0 0 0 1 0 0 0 0 1 1 0 0 0 0 1 0 0 0 0 1 0 0
 0 0 1 0 0 0 0 0 1 0 0 -57.10960958218894 1 0.16666666666666666
0 0 1 0 1 0 0 0 0 1 1 0 0 1 0 1 0 0 1 0 1 0 0 0 0 1 0 0 0 0 0 1 0 0 1 0 1
 0 0 0 0 1 0 0 0 0 0 1 -66.92099788303082 1 0.041666666666666664
1 0 0 0 0 0 1 1 0 1 0 0 0 1 0 0 1 0 0 0 1 0 1 0 0 1 0 0 0 1 0 1 1 0 0 0 0
 0 1 0 0 1 0 0 0 0 0 1 -64.0832755431992 1 0.0625
0 1 0 0 0 0 0 1 0 0 0 0 0 0 1 0 0 1 0 0 0 0 0 1 1 0 0 0 0 0 1 0 0 1 0 0 0
 0 0 1 0 0 0 0 0 0 1 0 -62.271887242357316 1 0.08333333333333333
1 0 0 0 0 0 1 1 0 1 0 0 0 1 0 1 1 0 0 0 0 0 1 1 0 1 0 0 0 1 0 1 1 0 0 0 0
 0 1 0 0 1 0 0 0 0 0 1 -61.24555320336759 1 0.0625
0 0 0 1 0 0 1 1 0 0 0 0 0 1 0 0 0 0 1 0 0 0 0 1 1 0 0 0 0 1 0 0 0 1 1 0 0
 0 0 1 0 0 0 0 0 1 0 0 -52.59644256269408 1 0.10416666666666667
0 0 1 0 0 0 0 1 0 0 0 0 0 1 0 0 0 0 0 1 1 0 0 0 0 0 1 0 0 1 0 0 0 1 0 1 1
 0 0 0 0 0 1 0 0 0 0 1 -64.59644256269408 1 0.020833333333333332
1 0 0 0 0 0 1 0 0 1 0 0 0 1 0 1 1 0 1 0 0 0 0 1 0 1 0 0 0 0 0 1 0 0 1 0 1
 0 0 0 0 1 0 0 0 0 0 1 -64.92099788303084 1 0.041666666666666664
0 1 0 0 0 0 1 1 1 0 0 0 0 0 0 1 0 1 0 0 0 0 0 1 1 0 1 0 0 0 0 1 0 1 0 0 0
 0 0 1 0 0 1 0 0 0 0 1 -63.92099788303083 1 0.041666666666666664
0 0 0 1 0 0 1 0 0 0 0 0 0 1 0 0 0 0 1 0 1 0 0 1 1 0 0 0 0 1 0 0 0 0 0 1 1
 0 0 0 0 0 1 0 0 1 0 0 -60.59644256269407 1 0.041666666666666664
1 0 0 0 0 0 0 1 0 1 0 0 0 1 0 0 1 0 0 0 0 0 0 1 0 1 0 0 0 1 0 0 1 0 0 0 0
 0 0 1 0 0 0 0 0 1 0 0 -63.4341649025257 1 0.0625
0 1 0 0 0 0 0 0 0 0 0 0 0 0 1 1 0 0 1 0 0 1 0 0 1 0 0 0 0 0 0 1 0 1 0 0 1
 0 0 0 0 0 1 0 0 0 0 1 -62.4341649025257 1 0.020833333333333332
0 1 0 0 0 0 0 1 0 0 0 0 1 0 0 0 0 0 0 1 0 1 0 0 0 0 1 0 1 0 0 1 0 0 0 1 0
 1 0 0 0 0 1 0 1 0 0 0 -62.59644256269408 1 0.041666666666666664
0 0 0 1 0 0 1 0 0 0 0 0 0 1 0 0 0 0 1 0 1 0 0 0 0 1 0 0 0 1 0 1 0 0 1 0 1
 0 0 0 0 1 0 0 0 0 0 1 -60.59644256269408 1 0.08333333333333333
0 0 1 0 0 0 0 1 0 0 0 0 0 1 0 0 0 0 0 1 0 1 1 0 1 0 0 0 0 1 0 0 0 0 0 1 1
 0 0 0 0 0 1 0 0 1 0 0 -62.59644256269408 1 0.08333333333333333
0 0 0 1 1 0 0 0 0 1 0 0 0 0 1 0 0 0 1 0 1 0 0 0 0 1 0 0 0 1 0 1 0 0 1 0 1
 0 0 0 0 1 0 0 0 0 0 1 -69.75872022286245 1 0.0625
0 0 0 1 0 0 1 0 0 0 0 0 0 1 0 0 0 0 1 0 1 0 0 0 0 1 0 0 0 1 0 1 0 0 1 0 1
 0 0 0 0 1 0 0 0 0 0 1 -60.59644256269408 1 0.0625
0 1 0 0 0 0 0 1 0 0 0 0 0 0 1 0 0 1 0 0 0 0 0 1 1 0 1 0 1 0 0 1 0 1 0 0 0
 0 0 1 0 0 1 0 0 0 0 1 -56.75872022286246 1 0.10416666666666667
0 0 0 1 0 0 1 0 0 0 0 0 0 1 0 0 0 0 1 0 0 0 0 1 1 0 0 0 0 1 0 0 0 0 1 0 0
 0 0 1 0 1 0 0 0 1 0 0 -58.434164902525694 1 0.10416666666666667
0 1 0 0 1 0 0 1 0 0 0 0 0 0 1 0 0 1 0 0 0 0 1 0 1 0 0 0 0 0 0 1 0 1 0 0 1
 0 0 0 0 0 1 0 0 0 0 1 -71.59644256269407 1 0.041666666666666664
0 0 0 1 0 0 1 0 0 0 0 0 0 1 0 0 0 0 1 0 0 0 0 1 0 0 1 0 0 1 0 0 0 0 1 0 0
 0 0 1 0 0 0 0 0 1 0 0 -57.271887242357316 1 0.08333333333333333
0 0 0 1 0 0 1 0 0 0 0 0 0 1 0 0 0 0 1 0 1 0 0 0 0 0 0 1 0 1 0 0 0 0 0 1 1
 0 0 0 0 0 1 0 0 1 0 0 -65.4341649025257 1 0.041666666666666664
0 0 0 1 0 0 1 0 0 0 0 0 0 1 0 0 0 0 1 0 0 0 0 1 1 0 0 0 0 1 0 0 1 0 0 0 0
 0 1 0 0 0 0 0 0 1 0 1 -58.434164902525694 1 0.041666666666666664
0 0 0 1 0 0 1 0 0 0 0 0 0 1 0 0 0 0 1 0 1 0 0 0 0 1 0 0 0 0 0 1 0 0 1 0 1
 0 0 0 0 1 0 0 0 0 0 1 -65.4341649025257 1 0.0625
0 1 0 0 0 0 1 0 0 0 0 0 0 1 0 0 0 0 1 0 0 0 0 1 1 0 0 0 0 1 0 0 0 0 1 0 0
 0 0 1 0 0 0 0 0 1 0 0 -53.271887242357316 1 0.10416666666666667
0 0 0 1 0 0 1 0 0 0 0 0 0 1 0 0 0 0 1 0 0 0 0 1 1 0 0 0 0 1 0 0 0 0 1 0 1
 0 0 0 0 0 0 1 0 1 0 0 -63.434164902525694 1 0.0625
0 0 0 1 0 0 1 0 0 0 0 0 0 1 0 0 0 0 1 0 0 0 0 1 1 0 0 0 0 1 0 0 0 0 1 0 0
 0 0 1 0 1 0 0 0 1 0 0 -58.434164902525694 1 0.10416666666666667
1 0 0 0 0 0 1 0 0 1 0 0 0 0 0 1 0 0 1 0 1 0 0 0 0 1 0 0 0 0 0 1 0 0 1 0 1
 0 1 0 0 1 0 0 0 0 0 1 -67.75872022286245 1 0.041666666666666664
1 0 0 0 0 0 0 1 1 0 0 0 0 1 0 0 0 0 1 0 0 0 0 1 1 0 0 0 0 1 0 0 0 0 1 0 0
 0 0 1 0 0 0 0 0 1 0 0 -62.4341649025257 1 0.14583333333333334
1 0 0 0 0 0 0 1 0 0 1 0 0 1 0 0 0 0 1 0 0 0 0 1 0 1 0 0 1 0 0 0 1 0 1 0 0
 0 0 1 0 0 0 0 0 1 0 0 -63.59644256269408 1 0.10416666666666667
0 0 0 1 0 0 1 0 1 0 0 0 0 1 0 0 0 0 1 0 0 0 0 1 1 0 0 0 0 1 0 0 0 0 1 0 0
 0 0 1 0 0 0 0 0 1 0 0 -65.4341649025257 1 0.14583333333333334
0 0 0 1 0 0 1 0 1 0 0 0 0 1 0 0 0 0 1 0 0 1 0 1 1 0 0 0 0 0 0 1 0 1 0 0 0
 0 1 0 1 0 0 0 0 0 0 1 -67.75872022286245 1 0.0
1 0 0 0 0 0 0 1 0 1 0 0 0 0 1 0 1 0 0 0 0 0 1 1 0 1 0 0 0 1 0 1 1 0 0 0 0
 0 1 0 0 1 0 0 0 0 0 1 -66.92099788303082 1 0.041666666666666664
0 1 0 0 0 0 0 1 0 0 0 0 0 1 0 0 0 0 1 0 0 0 0 1 1 0 0 0 0 1 0 0 0 0 1 0 0
 0 0 1 0 0 0 0 0 1 0 0 -55.271887242357316 1 0.125
1 0 0 0 0 0 1 1 0 0 0 1 0 1 0 0 1 0 0 0 0 0 0 1 0 0 1 0 0 1 0 0 0 1 0 0 0
 0 0 1 0 0 1 0 0 1 0 0 -70.75872022286245 1 0.08333333333333333
0 0 0 1 0 0 1 0 0 0 0 0 0 1 0 0 0 0 1 0 0 1 0 0 1 0 0 0 0 0 0 1 0 1 1 0 1
 0 0 0 0 0 0 0 0 1 0 1 -55.59644256269408 1 0.08333333333333333
0 0 0 1 0 0 1 0 1 0 0 0 0 1 0 0 0 0 1 0 1 0 0 0 0 1 0 0 0 1 0 1 0 0 1 0 1
 0 0 0 0 1 0 0 0 0 0 1 -63.75872022286246 1 0.041666666666666664
1 0 0 0 0 0 0 1 0 1 0 0 0 0 1 0 1 0 0 0 1 0 1 0 0 1 0 0 0 0 0 1 0 0 1 0 1
 0 0 0 0 1 0 0 0 0 0 1 -71.75872022286245 1 0.041666666666666664
0 0 0 1 1 0 1 0 0 1 0 0 0 1 0 0 0 0 1 0 1 0 0 0 0 1 0 0 0 1 0 1 0 0 1 0 1
 0 0 0 0 1 0 0 0 0 0 1 -64.92099788303084 1 0.0625
0 0 0 0 0 0 1 1 0 0 0 0 0 1 0 0 0 0 1 0 1 0 0 1 1 0 0 0 0 1 0 0 0 0 1 0 0
 0 0 1 0 0 0 0 0 1 0 0 -50.4341649025257 1 0.125
0 0 0 0 0 0 0 1 1 0 0 0 0 1 0 0 0 0 1 0 0 0 0 1 1 0 0 0 0 1 0 0 0 0 1 0 0
 0 0 1 1 0 0 0 0 1 0 0 -69.4341649025257 1 0.08333333333333333
0 0 1 0 0 0 0 1 0 0 0 0 0 1 0 0 0 0 0 1 0 0 1 0 0 0 0 1 1 1 0 0 0 0 1 0 0
 0 0 1 0 0 0 0 0 1 0 0 -55.4341649025257 1 0.10416666666666667
1 0 0 0 0 0 1 0 0 1 0 0 0 1 0 1 1 0 1 0 1 0 0 0 0 1 0 0 0 1 0 1 0 0 1 0 1
 0 0 0 0 1 0 0 0 0 0 1 -60.083275543199214 1 0.08333333333333333
0 1 0 0 0 0 0 1 0 0 0 0 0 0 1 0 0 0 0 0 1 0 1 0 0 1 0 0 0 0 0 1 0 1 0 0 1
 0 0 0 0 0 1 0 0 0 0 1 -64.4341649025257 1 0.041666666666666664
1 0 0 0 0 1 0 0 0 0 0 1 0 0 1 0 1 0 0 0 0 1 0 0 0 1 0 0 0 0 1 1 1 0 0 0 1
 0 0 0 0 1 0 0 0 0 1 1 -66.92099788303084 1 0.020833333333333332
0 0 1 0 1 0 0 0 0 1 0 0 0 0 0 1 0 0 0 1 0 0 1 0 0 1 0 0 1 0 0 0 0 0 1 0 1
 0 0 0 0 1 0 0 0 0 0 1 -68.59644256269407 1 0.041666666666666664
1 0 0 0 0 0 1 0 0 0 0 1 0 1 0 0 1 0 0 0 0 0 0 1 0 0 1 0 0 1 0 1 1 0 0 0 0
 0 0 1 0 0 0 1 0 1 1 0 -66.92099788303084 1 0.020833333333333332
1 0 0 0 0 0 1 0 0 0 0 1 0 1 0 0 1 0 0 0 0 0 0 1 0 1 1 0 0 0 0 1 1 0 0 0 0
 0 0 1 0 1 1 0 0 1 0 0 -66.92099788303084 1 0.020833333333333332
0 0 0 1 0 0 1 0 0 1 0 0 1 0 0 0 0 0 1 0 1 0 0 0 0 1 0 0 0 0 0 1 0 0 1 0 1
 0 0 0 0 1 0 0 0 0 0 1 -70.59644256269407 1 0.041666666666666664
0 1 0 0 0 0 1 0 0 0 0 1 1 0 0 0 0 1 0 0 0 0 1 1 0 0 1 0 1 0 0 0 0 1 0 0 0
 0 1 0 0 0 1 0 1 0 0 0 -66.75872022286245 1 0.0
0 0 0 1 1 0 1 0 0 0 1 0 0 1 0 0 0 0 1 0 1 0 0 0 0 0 1 1 0 1 0 0 0 0 1 0 1
 0 0 0 0 0 0 0 0 1 0 1 -59.92099788303083 1 0.041666666666666664
0 0 0 1 0 0 1 0 0 0 0 0 0 1 0 0 0 0 1 0 0 1 0 0 1 0 0 0 0 0 0 1 0 0 1 0 1
 0 0 0 0 0 0 0 0 1 0 1 -60.4341649025257 1 0.10416666666666667
0 1 0 0 0 0 0 1 0 0 1 0 0 1 0 0 0 1 0 0 0 0 1 0 0 0 0 1 1 0 0 0 0 1 0 0 0
 0 0 0 0 0 1 0 1 0 0 1 -66.59644256269408 1 0.0
0 0 0 0 0 0 1 0 1 0 0 0 0 1 0 0 0 0 1 0 0 0 0 1 1 0 0 0 0 1 0 0 0 1 1 0 0
 0 0 1 1 0 0 0 0 1 0 0 -62.59644256269407 1 0.0625
0 0 1 0 0 0 0 1 0 0 0 0 0 1 0 0 0 0 1 0 1 0 0 0 0 1 0 0 0 0 0 1 0 0 1 0 1
 0 0 1 0 0 0 0 0 1 0 0 -60.4341649025257 1 0.0625
1 0 0 0 0 0 0 1 0 1 0 0 0 1 0 0 1 0 0 0 0 0 1 0 0 1 0 0 0 1 0 1 0 0 1 0 0
 0 0 1 0 1 0 0 1 0 0 0 -62.75872022286246 1 0.041666666666666664
0 0 0 1 0 0 1 0 1 0 0 0 0 1 0 0 0 0 1 0 0 1 0 0 1 0 0 0 0 0 0 1 1 0 0 0 0
 0 1 0 0 0 0 0 0 0 0 1 -63.434164902525694 1 0.0625
0 1 0 0 0 0 0 1 0 0 1 0 0 1 0 0 0 0 1 0 0 0 0 1 1 0 0 0 0 1 0 0 0 1 0 0 0
 0 0 1 0 0 1 0 0 0 0 0 -62.4341649025257 1 0.0625
1 0 0 0 0 0 1 0 0 1 0 0 0 1 0 1 0 0 1 0 1 0 0 0 0 1 0 0 0 1 0 1 0 0 1 0 1
 0 0 0 0 1 0 0 0 0 0 1 -62.920997883030836 1 0.0625
0 0 0 1 1 0 1 0 0 0 0 0 0 1 0 0 0 0 1 0 1 0 0 0 0 0 0 1 0 1 0 0 0 0 0 1 1
 0 0 0 0 0 1 0 0 1 0 0 -67.59644256269407 1 0.020833333333333332
0 1 0 0 0 0 0 1 0 0 0 0 0 0 1 0 0 0 1 0 1 0 0 0 0 1 0 0 0 0 0 1 0 1 0 0 1
 0 0 1 0 0 1 0 0 0 0 1 -62.59644256269407 1 0.020833333333333332
0 1 0 0 0 0 0 1 1 0 0 0 0 0 1 0 0 1 0 0 0 0 0 1 1 0 1 0 0 0 0 1 0 1 0 0 0
 0 1 0 1 0 1 0 0 0 0 1 -66.92099788303084 1 0.041666666666666664
0 0 0 0 0 0 0 1 0 0 0 0 0 1 0 0 0 0 0 1 1 0 0 0 0 0 1 0 0 1 0 0 0 0 0 1 1
 0 0 0 0 0 1 0 0 1 0 0 -66.27188724235731 1 0.041666666666666664
1 0 0 0 0 0 0 1 0 1 0 0 0 0 1 0 1 0 0 0 1 0 1 0 0 1 0 0 0 1 0 1 1 0 0 0 0
 0 1 0 0 1 0 0 0 0 1 1 -62.08327554319921 1 0.041666666666666664
0 0 0 1 0 0 1 0 0 0 0 0 0 1 0 0 0 0 1 0 0 0 0 1 1 0 0 0 0 1 0 0 1 0 0 0 0
 0 0 1 0 0 1 0 0 1 0 0 -63.434164902525694 1 0.0625
0 1 0 0 0 0 1 1 0 0 0 0 0 1 0 0 0 1 0 0 0 0 0 1 1 0 1 0 0 0 0 1 0 1 0 0 1
 0 0 0 0 0 1 0 0 0 0 1 -61.75872022286246 1 0.0625
1 0 0 0 0 0 0 1 0 1 0 0 0 1 0 1 1 0 0 0 0 0 0 1 0 1 0 0 0 0 1 0 0 0 1 0 1
 0 0 0 0 1 0 0 0 0 0 1 -62.75872022286246 1 0.08333333333333333
0 0 1 0 1 0 0 0 0 0 1 0 0 1 0 0 0 0 0 1 1 0 0 0 0 0 1 0 0 1 0 0 0 0 0 0 1
 0 0 0 0 0 1 0 0 1 0 1 -70.59644256269407 1 0.041666666666666664
0 0 1 0 0 0 0 1 0 0 0 0 0 1 0 0 1 0 0 0 0 1 0 0 0 0 1 0 0 0 1 1 0 0 1 0 1
 0 0 0 0 0 0 0 0 0 0 1 -57.4341649025257 1 0.10416666666666667
0 0 1 0 0 0 0 1 0 0 0 0 0 1 0 0 0 0 0 1 0 0 1 0 1 0 0 0 0 1 0 0 0 0 1 0 0
 0 0 0 0 0 0 0 0 1 0 1 -57.271887242357316 1 0.10416666666666667
0 0 1 0 1 0 0 0 0 1 0 0 0 1 0 1 0 0 0 1 1 0 1 0 0 1 0 0 0 1 0 1 0 0 1 0 1
 0 0 0 0 1 0 0 0 0 0 1 -60.083275543199214 1 0.08333333333333333
1 0 0 0 0 0 0 1 0 1 0 0 0 1 0 0 1 0 0 0 0 0 0 1 0 1 0 0 0 1 0 1 1 0 0 0 0
 0 0 1 0 1 0 0 0 0 1 0 -61.75872022286246 1 0.10416666666666667
0 0 0 1 0 0 1 0 1 0 0 0 0 1 0 0 0 0 1 0 0 0 0 1 1 0 0 0 0 1 0 0 0 0 0 1 0
 0 0 1 0 0 1 0 0 1 0 0 -65.59644256269407 1 0.0625
0 1 0 0 0 0 1 1 1 0 0 0 0 1 0 0 0 0 0 0 0 0 1 0 1 0 0 0 0 0 0 1 0 1 0 0 0
 0 1 0 1 0 0 0 0 0 0 1 -66.59644256269407 1 0.041666666666666664
0 0 0 1 0 0 1 0 0 0 0 0 0 1 0 0 0 0 1 0 0 1 0 0 1 0 0 0 0 0 0 1 0 0 1 0 1
 0 0 0 0 0 0 0 0 1 0 1 -60.4341649025257 1 0.08333333333333333
0 1 0 0 1 0 0 0 0 0 1 0 0 1 0 1 0 0 1 0 1 0 0 0 0 0 0 1 0 1 0 0 0 0 1 0 1
 0 0 0 0 0 0 0 0 1 0 1 -64.75872022286245 1 0.08333333333333333
0 0 1 0 0 0 0 1 1 0 0 0 0 1 0 0 0 0 1 0 1 0 0 1 0 1 0 0 0 1 0 0 0 0 1 0 0
 0 0 1 0 0 0 0 0 1 0 0 -58.59644256269408 1 0.08333333333333333
0 0 1 0 0 0 0 1 0 0 0 0 0 1 0 0 1 0 0 1 0 1 0 0 0 0 1 0 0 0 0 1 0 0 1 0 1
 0 0 0 0 1 0 0 0 0 0 1 -62.59644256269408 1 0.0625
1 0 0 0 0 0 0 1 0 1 0 0 0 1 0 0 0 0 0 1 0 0 1 0 1 0 0 0 0 1 0 0 0 0 0 1 1
 0 0 0 0 0 1 0 0 1 0 0 -65.59644256269408 1 0.020833333333333332
0 0 1 1 1 0 0 0 0 1 0 0 0 1 0 0 0 0 1 1 1 0 0 0 0 1 0 0 0 1 0 0 0 0 1 1 1
 0 0 0 0 0 0 0 0 1 0 0 -61.92099788303083 1 0.020833333333333332
0 1 0 0 1 0 0 0 0 0 1 0 0 0 0 1 0 0 1 0 1 0 0 0 0 0 0 1 0 1 0 0 0 1 0 1 1
 0 0 0 0 0 1 0 0 0 0 0 -65.59644256269407 1 0.0
1 0 0 0 0 0 1 0 0 1 0 0 0 1 0 1 1 0 1 0 0 1 0 0 0 1 0 0 0 0 0 1 0 0 1 0 1
 0 0 0 0 1 0 0 0 0 0 1 -64.92099788303084 1 0.08333333333333333
1 0 0 0 0 0 0 1 0 0 0 0 0 1 1 0 0 0 1 0 0 0 0 1 1 0 0 0 0 1 0 0 1 0 1 0 0
 0 0 1 0 0 0 0 0 1 0 0 -60.59644256269407 1 0.125
0 0 0 1 0 0 0 1 0 0 1 0 0 1 0 0 0 0 1 0 0 0 1 0 1 0 0 1 0 1 0 0 0 0 0 1 1
 0 0 0 0 0 1 0 0 1 0 0 -64.75872022286245 1 0.020833333333333332
0 0 0 1 0 0 1 0 1 0 0 0 0 1 0 0 0 0 1 0 0 1 0 0 1 0 0 0 0 0 0 1 0 0 1 0 1
 0 0 0 0 1 0 0 0 0 0 1 -68.59644256269407 1 0.0625
0 1 0 0 0 0 1 1 0 0 0 0 0 1 0 0 0 1 0 0 1 0 0 0 0 0 1 0 0 0 0 1 0 1 0 0 1
 0 0 0 0 0 1 0 0 0 0 1 -68.59644256269408 1 0.0625
0 0 0 1 0 0 1 0 1 0 0 0 0 1 1 0 0 0 1 0 0 0 0 1 1 0 0 0 0 1 0 0 0 0 1 0 0
 0 0 1 0 0 0 0 0 1 0 0 -58.59644256269407 1 0.10416666666666667
0 0 0 1 0 0 1 0 0 0 0 0 0 1 0 0 0 0 1 0 0 0 0 1 1 0 0 0 0 1 0 0 0 0 1 0 0
 0 0 0 0 0 0 0 0 1 0 1 -55.271887242357316 1 0.10416666666666667
0 1 0 0 0 0 1 0 0 0 0 0 0 0 0 1 1 1 0 0 0 0 0 1 0 0 1 0 0 0 0 0 0 1 0 0 1
 0 0 0 0 0 1 0 0 0 0 1 -66.4341649025257 1 0.041666666666666664
0 0 1 0 1 0 0 0 0 0 0 1 0 1 0 0 0 0 1 0 1 1 0 0 0 0 0 0 0 0 0 1 0 0 1 0 1
 0 0 0 0 0 0 0 0 0 0 1 -64.4341649025257 1 0.08333333333333333
0 0 0 1 0 0 1 0 0 0 0 0 0 1 0 0 0 0 1 0 1 0 0 1 1 0 0 0 0 1 0 0 0 0 1 0 0
 0 0 1 0 0 0 0 0 1 0 1 -48.59644256269407 1 0.14583333333333334
0 0 1 0 1 0 0 1 0 1 0 0 0 1 0 0 0 0 0 0 1 0 1 0 0 1 0 0 0 1 0 1 0 0 1 0 1
 0 0 0 0 1 0 0 0 0 0 1 -61.920997883030836 1 0.0625
0 0 0 1 0 0 1 0 0 0 0 0 0 1 0 0 0 0 1 0 0 0 0 1 0 1 0 0 1 0 0 0 0 0 1 0 1
 0 0 0 0 1 0 0 0 0 0 1 -61.434164902525694 1 0.0625
0 0 0 0 0 0 1 1 0 0 0 0 0 1 0 0 0 0 1 0 0 0 0 1 1 0 0 0 0 1 0 0 0 0 1 0 0
 0 0 1 0 0 0 0 0 1 0 0 -57.271887242357316 1 0.16666666666666666
0 1 0 0 0 0 0 1 0 0 0 0 0 0 1 0 0 1 0 0 0 0 1 0 1 0 0 0 0 0 0 1 0 1 0 0 1
 0 1 0 0 0 0 0 0 0 0 1 -66.4341649025257 1 0.0625
1 0 0 0 0 0 0 1 0 1 0 0 0 0 1 0 1 0 0 0 0 0 1 0 0 1 0 0 0 1 0 1 0 0 1 0 1
 0 0 0 0 1 0 0 0 0 0 1 -69.75872022286245 1 0.08333333333333333
1 0 0 0 0 0 0 1 0 0 0 0 0 1 0 0 1 0 0 0 0 1 1 0 1 0 0 0 0 1 0 1 1 0 0 0 0
 0 1 0 0 1 0 0 0 0 0 1 -61.75872022286246 1 0.10416666666666667
0 1 0 0 0 0 0 1 0 0 0 0 0 1 0 0 1 0 0 0 0 0 0 1 0 0 1 0 0 1 0 0 0 0 1 0 0
 0 0 1 0 0 0 0 0 1 0 0 -57.27188724235732 1 0.16666666666666666
0 1 0 0 0 0 1 0 1 0 0 0 0 0 0 1 0 1 0 0 0 0 0 1 1 0 1 0 0 1 0 0 0 1 0 0 1
 0 0 0 1 0 1 0 0 0 0 1 -64.92099788303082 1 0.0
1 0 0 0 0 0 0 1 0 1 0 0 0 1 0 0 1 0 1 0 1 0 0 0 0 1 0 0 0 1 0 1 0 0 1 0 1
 0 0 0 0 1 0 0 0 0 0 1 -61.92099788303084 1 0.10416666666666667
0 0 0 1 0 0 1 0 0 0 0 0 0 1 0 0 0 0 1 0 0 0 0 1 1 0 0 0 0 1 0 0 0 0 1 0 1
 0 0 0 0 0 0 0 0 1 0 1 -60.434164902525694 1 0.125
0 0 0 1 0 1 0 0 0 0 0 0 0 0 1 0 0 0 1 0 0 1 0 0 0 0 1 0 0 0 0 1 0 1 0 1 1
 0 0 0 0 0 1 0 0 0 0 1 -61.59644256269408 1 0.041666666666666664
0 1 0 0 1 0 0 0 0 1 0 0 0 0 0 1 0 0 1 0 1 0 0 0 0 1 0 1 0 0 0 1 0 1 0 0 1
 0 0 0 0 0 1 0 0 0 0 1 -62.75872022286246 1 0.020833333333333332
0 0 0 0 0 0 0 1 1 0 0 0 0 1 1 0 0 0 1 0 0 0 0 0 1 0 0 0 0 1 0 1 0 0 1 0 0
 0 0 1 1 0 0 0 0 1 0 0 -64.59644256269407 1 0.020833333333333332
0 0 0 1 0 0 1 0 1 0 0 0 0 1 0 0 0 0 1 0 1 0 0 1 1 0 0 0 0 1 0 0 0 0 1 0 1
 0 0 0 0 0 0 0 0 1 0 1 -60.75872022286245 1 0.08333333333333333
0 0 0 1 0 0 1 0 0 0 0 0 0 1 0 0 0 0 1 0 0 0 0 1 1 0 0 0 0 1 0 1 0 0 1 0 1
 0 0 0 0 0 0 0 0 1 0 1 -57.59644256269408 1 0.125
0 0 0 0 0 0 1 0 0 0 0 0 0 1 0 0 0 0 1 0 0 0 0 1 1 0 0 0 0 1 0 0 0 1 1 0 0
 0 0 1 0 0 0 0 0 1 0 0 -50.271887242357316 1 0.125
0 0 1 0 0 0 0 1 0 0 0 0 0 1 0 0 0 0 1 0 0 0 0 1 0 1 0 0 1 0 0 0 0 0 1 0 0
 0 0 1 0 0 1 0 0 1 0 0 -58.4341649025257 1 0.08333333333333333
0 0 0 1 0 0 1 0 0 0 0 0 0 1 1 0 0 0 1 0 0 1 0 0 1 0 0 0 0 0 0 1 0 0 1 0 1
 0 0 0 0 1 0 0 0 0 0 1 -58.59644256269407 1 0.0625
0 1 0 0 0 0 0 1 1 0 1 0 0 1 0 0 0 0 1 0 0 0 0 1 1 0 0 0 0 1 0 0 1 0 0 0 0
 0 0 1 0 0 1 0 0 1 0 0 -65.75872022286245 1 0.041666666666666664
0 0 1 0 0 1 0 1 0 0 0 0 0 0 1 0 0 0 1 0 0 1 0 0 1 0 0 0 0 0 0 1 0 0 1 0 1
 0 0 0 0 1 0 0 0 0 0 1 -60.59644256269407 1 0.0625
0 1 0 0 0 0 1 1 0 0 0 0 0 1 0 0 0 0 1 0 0 0 0 1 1 0 0 0 0 1 0 0 0 1 0 0 1
 0 0 0 0 0 1 0 0 0 0 1 -58.59644256269408 1 0.020833333333333332
1 0 0 0 0 0 1 1 0 1 0 0 0 1 0 0 1 0 0 0 0 0 0 1 0 1 0 0 0 0 0 1 1 0 0 0 0
 0 1 0 0 1 0 0 0 0 0 1 -68.75872022286245 1 0.08333333333333333
0 0 0 1 0 0 1 0 0 0 0 0 0 1 0 0 0 0 1 0 0 0 0 1 1 1 0 0 0 0 0 1 0 0 1 0 1
 0 0 0 0 1 0 0 0 0 0 1 -58.59644256269408 1 0.041666666666666664
0 0 0 1 0 1 1 0 0 0 0 0 1 0 0 0 0 0 1 0 0 1 0 0 0 0 1 0 1 0 0 1 0 0 1 0 0
 1 0 0 0 0 1 0 1 0 0 1 -61.920997883030836 1 0.0625
0 0 0 1 0 0 1 0 1 0 0 0 0 1 0 0 0 0 1 0 1 0 0 0 0 0 0 0 0 1 0 1 0 0 0 1 1
 0 0 0 0 0 1 0 0 1 0 0 -65.59644256269407 1 0.020833333333333332
0 0 0 1 0 0 1 0 0 0 0 0 0 1 0 0 0 0 1 0 0 0 0 1 0 1 0 0 1 0 0 0 0 0 0 1 0
 0 1 0 0 1 0 0 1 0 0 0 -61.434164902525694 1 0.0625
0 0 0 1 0 0 1 0 1 0 0 0 0 1 0 0 0 0 1 0 0 0 0 1 1 0 0 0 0 1 0 0 1 0 1 0 0
 0 0 1 1 0 0 0 0 1 0 0 -65.75872022286245 1 0.0625
0 0 0 0 0 0 1 1 0 0 0 0 0 1 0 0 0 0 1 0 1 0 0 0 0 1 0 0 0 0 0 1 0 0 1 0 1
 0 0 0 0 1 0 0 0 0 0 1 -60.4341649025257 1 0.020833333333333332
0 0 1 0 0 0 1 0 0 0 0 0 0 1 0 0 0 0 1 0 0 0 0 1 1 0 0 0 0 1 0 0 0 0 1 0 0
 0 0 1 0 0 0 0 0 1 0 0 -55.271887242357316 1 0.14583333333333334
0 0 1 0 0 0 0 1 0 0 0 0 0 1 0 0 0 0 1 0 0 0 0 1 1 0 0 0 0 1 0 0 0 0 1 0 0
 0 0 1 0 0 0 0 0 1 0 0 -62.271887242357316 1 0.14583333333333334
0 1 0 0 0 0 0 1 0 0 1 0 1 0 0 0 0 0 0 1 0 0 1 0 0 1 0 0 1 0 0 0 0 1 0 1 0
 0 1 0 0 0 1 0 1 0 0 0 -67.75872022286245 1 0.041666666666666664
0 0 0 1 0 0 1 0 0 0 0 0 0 1 0 0 0 0 1 1 0 0 0 1 1 0 0 0 0 1 0 0 0 0 0 1 1
 0 1 0 0 0 0 0 0 1 0 0 -55.59644256269407 1 0.0625
0 0 0 0 0 0 0 1 0 0 0 0 0 1 1 0 0 0 1 0 0 0 1 0 1 0 0 0 0 1 0 1 0 0 1 0 1
 0 0 0 0 0 0 0 0 1 0 1 -54.59644256269407 1 0.0625
0 0 0 1 0 0 1 0 0 0 0 0 0 1 0 0 0 0 1 0 0 1 0 0 1 0 0 0 0 0 0 1 0 0 1 0 0
 0 0 1 0 0 0 0 0 1 0 0 -56.271887242357316 1 0.10416666666666667
0 0 1 0 0 0 0 1 0 0 0 0 0 1 0 0 0 0 1 0 0 1 0 0 1 0 0 0 0 0 0 1 0 0 1 0 1
 1 0 0 0 0 0 0 0 0 0 1 -62.434164902525694 1 0.041666666666666664
0 0 0 1 0 0 1 0 0 0 0 0 0 1 0 0 0 0 1 0 0 0 0 1 0 0 0 1 1 1 0 0 0 0 1 0 0
 0 0 1 0 0 0 0 0 1 0 0 -53.434164902525694 1 0.125
0 0 1 0 0 0 0 1 0 0 0 0 0 1 0 0 0 0 1 0 1 0 0 0 0 1 0 0 0 0 0 1 0 0 1 0 0
 0 0 1 0 1 0 0 1 0 0 0 -61.4341649025257 1 0.0625
0 1 0 0 0 0 0 1 1 0 0 0 0 0 1 1 0 1 0 0 0 0 0 1 1 0 0 0 0 0 0 1 0 1 0 0 0
 0 0 1 1 0 0 0 0 0 0 1 -63.75872022286245 1 0.0625
0 0 1 0 0 0 0 1 0 0 0 0 0 1 0 0 0 0 1 0 0 0 1 0 1 1 0 0 0 0 0 1 0 0 1 0 1
 0 0 0 0 1 0 0 0 0 0 1 -60.59644256269407 1 0.0625
1 0 0 0 0 0 1 0 0 0 0 1 0 1 0 0 1 0 0 0 0 0 1 1 0 1 0 0 0 0 0 1 1 0 0 0 0
 0 1 0 0 0 0 0 0 1 0 1 -64.75872022286245 1 0.0625
0 1 0 0 1 0 1 0 0 0 0 1 0 1 0 0 0 0 0 1 1 0 0 0 0 0 1 0 0 1 0 0 0 0 1 0 1
 0 0 0 0 0 0 0 0 1 0 1 -60.75872022286246 1 0.0625
0 0 0 1 0 0 1 0 0 0 0 0 0 1 0 0 0 0 1 0 0 0 0 1 1 0 0 0 0 1 0 0 0 0 0 1 1
 0 0 0 0 0 1 0 0 1 0 0 -65.4341649025257 1 0.0625
0 0 0 1 0 0 1 0 0 0 0 0 0 1 0 0 0 0 1 0 0 0 0 1 0 1 0 0 1 0 0 0 0 0 1 0 1
 0 0 0 0 0 0 0 0 0 0 1 -56.271887242357316 1 0.08333333333333333
0 0 1 0 0 0 0 1 0 0 0 0 1 1 0 0 0 0 1 0 0 0 0 1 0 0 1 0 1 0 0 0 0 0 1 0 0
 0 0 1 0 0 0 0 0 1 0 0 -55.434164902525694 1 0.125
0 0 1 0 1 0 0 0 0 1 0 0 0 1 0 1 0 0 0 1 0 0 1 0 0 1 0 0 1 0 0 0 0 0 1 0 1
 0 0 0 0 1 0 0 0 0 0 1 -63.75872022286246 1 0.08333333333333333
0 0 1 0 1 0 0 0 0 1 0 0 0 0 0 1 0 0 0 1 1 0 1 0 0 1 0 0 0 1 0 0 0 0 1 0 1
 0 0 0 0 1 0 0 0 0 0 1 -65.75872022286245 1 0.020833333333333332
0 0 0 1 0 0 1 0 0 0 0 0 0 1 0 0 0 0 1 0 0 0 0 1 0 1 0 0 1 0 0 0 0 0 1 0 1
 0 0 0 0 1 0 0 0 0 0 1 -61.434164902525694 1 0.08333333333333333
0 0 0 0 0 0 0 1 1 0 0 0 0 1 0 0 0 0 1 0 0 1 0 0 1 0 0 0 0 0 0 1 0 0 1 0 1
 0 0 0 0 0 0 0 0 1 0 1 -62.4341649025257 1 0.10416666666666667
0 0 0 1 0 0 1 0 0 0 0 0 0 1 0 0 0 0 1 0 0 0 0 1 1 0 0 1 0 1 0 0 1 0 0 0 0
 0 1 0 0 0 0 1 0 1 0 0 -56.59644256269407 1 0.041666666666666664
0 0 1 1 0 0 0 1 0 1 0 0 1 0 0 0 0 0 1 0 0 0 0 1 0 1 0 0 1 0 0 0 0 0 1 0 1
 0 0 1 0 1 0 0 1 0 0 0 -62.92099788303083 1 0.041666666666666664
0 0 0 1 0 0 1 0 0 0 0 0 0 1 0 0 0 0 1 0 0 0 0 1 1 0 0 0 0 0 0 1 0 0 1 0 0
 0 0 1 0 0 0 0 0 1 0 0 -53.271887242357316 1 0.10416666666666667
0 0 1 0 0 0 0 1 0 0 0 0 0 1 0 0 0 0 0 1 0 0 1 0 0 1 0 0 1 0 0 1 0 0 1 0 0
 0 0 1 0 1 0 0 1 0 0 0 -58.59644256269408 1 0.0625
0 0 0 1 0 0 1 0 1 0 0 0 0 1 0 0 0 0 1 0 0 1 0 0 1 0 0 0 0 1 0 1 0 0 1 0 0
 0 0 0 1 0 0 0 0 1 0 1 -64.75872022286245 1 0.0625
1 0 1 0 0 0 0 1 0 0 0 1 0 1 0 0 1 0 0 0 0 0 0 1 0 0 1 1 0 1 0 0 1 0 0 0 0
 0 1 1 0 0 0 0 0 1 0 0 -59.92099788303084 1 0.0625
0 1 0 0 0 0 1 0 0 0 0 0 0 0 0 1 0 0 0 1 0 1 0 0 1 0 0 0 0 0 1 0 0 0 1 0 1
 0 0 0 0 1 0 0 0 0 0 1 -57.434164902525694 1 0.0625
0 1 0 0 0 0 0 1 0 0 0 0 0 1 0 0 0 1 0 0 1 0 0 0 1 0 1 0 0 0 0 1 0 1 0 0 1
 0 0 0 0 0 1 0 0 0 0 1 -63.59644256269408 1 0.0625
0 0 0 1 0 0 1 0 0 0 0 0 0 1 0 0 1 0 1 0 0 0 0 1 0 0 0 0 0 1 0 0 0 0 1 0 0
 0 0 1 0 0 0 0 0 1 0 1 -52.434164902525694 1 0.10416666666666667
0 1 0 0 0 0 1 0 0 0 0 1 1 0 0 0 0 1 0 0 0 0 0 1 0 0 1 0 1 0 0 1 0 1 0 0 0
 0 1 0 0 0 0 1 1 0 0 0 -69.75872022286245 1 0.0625
0 0 0 1 0 0 1 0 0 1 0 0 0 1 0 1 0 0 1 0 1 0 0 0 0 1 0 0 0 1 0 1 0 0 1 0 1
 0 0 0 0 1 0 0 0 0 0 1 -57.920997883030836 1 0.10416666666666667
0 0 1 0 0 0 0 1 0 0 0 0 1 1 0 0 0 0 0 1 0 1 0 0 0 0 1 0 1 0 0 0 0 0 0 1 0
 0 0 1 0 0 1 0 1 0 0 0 -64.59644256269407 1 0.08333333333333333
0 1 0 0 0 0 1 0 0 0 0 0 0 1 0 0 1 1 0 0 0 0 0 1 0 0 1 0 0 0 0 1 0 1 0 0 0
 0 0 1 0 0 1 0 0 0 0 1 -58.59644256269408 1 0.0625
0 0 0 1 0 0 1 0 0 0 0 0 0 1 0 0 1 0 0 1 0 0 0 1 0 0 1 0 0 1 0 0 0 0 0 1 0
 0 1 0 0 0 0 0 1 1 0 0 -55.59644256269407 1 0.041666666666666664
0 1 0 0 1 0 1 0 0 0 0 0 0 0 0 1 0 0 1 0 1 0 0 0 0 1 0 0 0 0 0 1 0 0 1 0 1
 0 0 0 0 1 0 0 0 0 0 1 -65.59644256269407 1 0.08333333333333333
0 0 0 1 0 0 1 0 0 0 0 0 1 1 0 0 0 0 1 0 1 0 0 0 0 1 0 0 0 1 0 1 0 0 1 0 1
 0 0 0 0 1 0 0 0 0 0 1 -58.75872022286246 1 0.125
0 0 1 0 0 0 0 1 1 0 0 0 0 1 0 0 0 0 1 0 1 0 0 0 0 0 0 1 0 1 0 0 0 0 1 0 0
 0 0 0 0 0 0 0 0 1 0 1 -58.4341649025257 1 0.08333333333333333
0 0 0 1 0 0 1 0 0 0 0 0 0 1 0 0 0 0 1 0 0 0 0 1 1 0 0 0 0 1 0 0 0 0 1 0 1
 0 0 0 0 0 0 0 0 1 0 1 -60.434164902525694 1 0.14583333333333334
0 1 0 0 0 1 0 0 0 0 1 1 1 0 0 0 0 0 0 1 0 1 0 0 0 0 1 0 1 0 0 0 0 0 0 1 0
 0 0 0 0 0 1 0 1 0 0 0 -64.59644256269407 1 0.041666666666666664
0 0 0 1 0 0 1 0 0 1 0 0 0 1 0 0 0 0 1 0 0 0 0 1 0 1 0 0 1 0 0 0 0 0 0 1 0
 0 1 0 0 1 0 0 1 0 0 0 -63.59644256269407 1 0.041666666666666664
0 1 0 0 0 0 0 1 0 0 0 0 0 1 0 0 0 0 1 0 0 0 0 1 1 0 0 0 0 1 0 0 0 0 1 0 0
 0 0 1 1 0 0 0 0 1 0 0 -60.4341649025257 1 0.125
0 0 0 1 0 0 1 0 0 0 0 0 0 1 0 0 0 0 1 0 0 0 0 1 1 0 0 0 0 1 0 1 0 0 1 0 0
 0 0 1 0 1 0 0 0 0 0 1 -53.59644256269408 1 0.0625
0 0 0 1 0 0 0 1 0 0 0 0 0 1 0 0 1 0 0 0 0 0 1 0 0 1 0 0 0 1 0 1 1 0 0 0 0
 0 1 0 0 0 0 0 0 1 0 1 -54.59644256269408 1 0.10416666666666667
1 0 0 1 0 0 1 0 0 0 0 0 0 1 0 0 0 0 1 0 0 0 0 1 1 0 0 0 0 1 0 0 0 0 1 0 0
 0 0 1 0 0 0 0 0 1 0 0 -60.434164902525694 1 0.16666666666666666
0 1 0 0 0 1 1 0 0 0 0 0 0 0 0 1 0 0 0 0 0 1 0 0 0 0 1 0 0 0 1 1 0 1 0 0 1
 0 0 0 0 0 1 0 0 0 0 1 -56.59644256269408 1 0.041666666666666664
0 0 0 1 0 0 1 0 0 0 0 0 0 1 0 0 0 0 1 0 0 0 0 1 1 1 0 0 0 0 0 1 0 0 1 0 1
 0 0 0 0 1 0 0 0 0 0 1 -58.59644256269408 1 0.08333333333333333
0 0 0 1 0 0 1 0 0 0 0 0 0 1 0 0 0 0 1 0 0 0 0 1 1 0 0 0 0 1 0 0 1 0 0 0 0
 0 0 1 0 0 1 0 0 1 0 0 -63.434164902525694 1 0.08333333333333333
0 0 0 1 0 0 1 0 0 0 0 0 0 1 0 0 0 0 1 0 1 0 0 0 0 0 0 1 0 1 0 0 0 0 0 1 1
 0 0 0 0 0 0 0 0 1 0 0 -60.271887242357316 1 0.0625
0 1 0 1 1 0 0 0 0 0 1 0 0 1 0 0 0 1 0 0 1 0 0 0 0 0 0 1 0 0 1 0 0 1 0 1 1
 0 0 0 0 0 1 0 0 1 0 0 -66.92099788303082 1 0.020833333333333332
0 1 0 0 0 0 1 0 0 0 0 0 0 0 0 1 0 0 1 0 0 0 0 1 1 1 0 0 0 0 0 1 0 0 1 0 1
 0 0 0 0 1 0 0 0 0 0 1 -56.59644256269407 1 0.0625
0 0 0 1 0 1 1 0 0 0 0 0 0 0 0 1 0 0 1 0 1 0 0 0 0 1 0 0 0 0 0 1 0 0 1 0 1
 0 0 0 0 1 0 0 0 0 0 1 -58.59644256269407 1 0.041666666666666664
1 0 0 0 0 0 1 0 0 0 0 1 0 1 0 0 0 0 1 0 0 0 0 1 1 0 0 0 0 1 0 0 0 0 1 0 0
 0 0 1 1 0 0 0 0 1 0 0 -68.59644256269407 1 0.08333333333333333
0 1 0 0 0 0 1 1 0 0 0 0 1 0 0 0 0 0 1 0 0 0 0 1 0 1 0 0 1 0 0 1 0 0 1 0 0
 0 0 1 0 1 0 0 1 0 0 0 -58.75872022286246 1 0.041666666666666664
0 0 0 0 0 0 0 1 0 0 0 0 0 1 0 0 0 0 1 0 0 0 0 1 1 0 0 0 0 1 0 0 0 0 1 0 1
 0 0 1 0 0 0 0 0 1 0 0 -57.271887242357316 1 0.08333333333333333
0 1 0 0 0 0 0 1 0 0 0 0 1 0 0 0 0 1 0 0 0 0 1 0 1 0 0 0 0 0 0 1 0 1 1 0 1
 0 0 0 0 1 0 0 0 0 0 1 -60.59644256269407 1 0.0625
1 0 0 0 0 0 1 1 0 0 0 0 0 1 0 0 0 0 1 1 0 0 1 0 1 0 0 0 0 1 0 0 0 0 1 0 0
 0 0 1 0 0 0 0 0 1 0 0 -53.59644256269407 1 0.14583333333333334
0 1 0 0 1 0 0 1 0 1 0 0 0 0 0 0 0 0 1 0 1 0 0 0 0 1 0 0 0 0 0 1 0 0 1 0 1
 0 0 0 0 1 0 0 0 0 0 1 -64.59644256269407 1 0.0625
0 0 0 0 0 0 1 0 0 0 0 0 0 1 0 1 0 0 1 0 0 0 0 1 1 0 0 0 0 1 0 0 0 0 1 0 1
 0 0 0 0 1 0 0 0 0 0 1 -56.434164902525694 1 0.041666666666666664
0 0 0 1 0 0 1 0 0 0 0 0 0 1 0 0 0 0 1 0 0 0 0 1 0 1 0 0 1 0 0 1 0 0 1 0 1
 0 0 0 0 1 0 0 0 0 0 1 -58.59644256269408 1 0.041666666666666664
0 0 0 1 1 0 0 0 1 0 1 0 0 1 0 0 0 0 1 0 1 0 0 0 0 1 0 0 0 0 0 1 0 0 0 1 1
 0 0 0 0 1 1 0 0 0 0 1 -64.92099788303084 1 0.020833333333333332
0 1 0 0 0 0 1 0 0 0 0 0 0 0 1 1 0 0 1 0 1 0 0 0 0 1 0 0 0 0 0 1 0 0 1 0 1
 0 0 0 0 1 0 0 0 0 0 1 -58.59644256269407 1 0.041666666666666664
0 0 0 1 0 0 1 0 1 0 0 0 0 1 0 0 0 1 0 0 0 0 0 1 1 0 1 0 0 0 0 1 0 1 0 0 0
 0 1 0 1 0 0 0 0 0 0 1 -67.75872022286245 1 0.0625
0 1 0 0 0 0 1 0 0 0 0 0 0 1 0 0 0 1 0 0 0 0 0 0 1 0 1 0 0 0 0 1 0 1 0 0 0
 0 1 0 1 0 0 0 0 0 0 1 -59.4341649025257 1 0.0625
0 1 0 0 0 0 1 1 0 0 0 0 0 1 0 0 0 1 0 0 0 0 0 1 0 0 1 0 1 0 0 0 0 1 0 0 0
 0 1 1 0 0 1 0 1 0 0 0 -61.75872022286246 1 0.10416666666666667
1 0 0 0 0 0 1 1 0 1 0 0 0 1 0 0 1 0 1 0 0 0 0 1 0 1 0 0 1 0 0 1 1 0 0 0 0
 0 1 0 0 1 0 0 0 0 0 1 -60.083275543199214 1 0.041666666666666664
0 1 0 0 0 0 0 1 0 0 0 0 0 0 0 1 0 1 0 0 0 0 0 1 1 0 0 0 0 0 1 0 0 1 0 0 0
 0 1 0 0 0 0 0 0 0 0 1 -55.271887242357316 1 0.0625
1 0 0 0 0 0 1 0 0 1 0 1 0 0 1 0 1 0 0 0 0 0 0 0 0 1 1 0 0 0 0 1 1 0 0 0 0
 0 1 0 0 1 1 0 0 0 0 1 -65.92099788303084 1 0.020833333333333332
0 0 0 1 0 0 1 0 1 0 0 0 0 1 0 0 0 0 1 0 0 0 0 1 1 1 0 0 0 0 0 1 0 0 1 0 0
 0 0 0 0 1 0 0 0 0 0 1 -58.59644256269408 1 0.0625
0 0 0 1 0 0 1 0 0 0 0 0 0 1 0 0 0 0 1 0 1 0 0 0 0 1 0 0 0 1 0 1 0 0 0 1 1
 0 0 0 0 0 1 0 0 0 0 1 -55.59644256269407 1 0.0625
1 0 0 0 0 0 1 0 0 0 0 1 0 1 0 0 0 0 1 0 0 0 1 0 1 0 0 0 0 1 0 1 1 0 0 0 0
 0 1 0 0 0 0 0 0 1 0 1 -60.75872022286245 1 0.041666666666666664
0 1 0 0 0 0 1 0 0 0 0 0 1 0 0 1 0 1 0 0 0 1 0 0 0 0 0 1 1 0 1 0 0 1 0 0 1
 0 0 0 0 0 1 0 1 0 0 1 -57.92099788303083 1 0.041666666666666664
0 0 0 1 0 0 1 0 1 0 0 0 0 1 0 0 0 0 1 0 0 1 0 0 1 0 0 0 0 0 0 1 0 0 0 1 1
 0 0 0 0 0 0 0 0 1 0 1 -60.59644256269408 1 0.0625
0 1 0 0 0 0 1 1 0 0 0 0 0 1 0 0 0 1 0 0 0 0 0 1 1 0 0 0 0 0 1 0 0 0 1 0 0
 0 0 1 0 0 0 0 0 1 0 0 -51.4341649025257 1 0.08333333333333333
0 1 0 0 0 0 0 1 1 0 0 0 0 0 1 0 0 1 1 0 0 0 0 1 1 0 0 0 1 0 0 1 0 1 1 0 0
 0 0 1 1 0 0 0 0 0 0 1 -60.083275543199214 1 0.08333333333333333
1 0 0 0 0 1 0 0 0 0 1 0 1 0 0 0 0 0 1 0 0 1 0 0 0 0 1 1 1 0 0 0 1 0 0 0 0
 0 0 0 0 0 1 0 0 0 0 1 -59.59644256269408 1 0.041666666666666664
0 0 0 1 0 0 1 0 0 0 0 0 0 1 0 0 0 0 1 0 0 0 0 1 1 0 0 0 0 1 0 1 0 0 1 0 1
 0 0 0 0 1 0 0 0 0 0 1 -58.59644256269408 1 0.08333333333333333
0 0 0 1 0 0 1 0 1 0 0 0 0 1 0 0 0 0 1 0 1 0 0 1 1 0 0 0 0 0 0 1 0 0 0 1 0
 0 1 0 1 0 0 0 0 1 0 0 -58.75872022286245 1 0.041666666666666664
0 0 1 0 0 0 0 1 0 0 0 0 1 1 0 0 0 0 0 1 0 0 1 0 0 0 1 0 1 1 0 0 0 0 0 1 1
 0 0 0 0 0 1 0 0 1 0 0 -64.75872022286245 1 0.08333333333333333
0 0 0 0 0 0 0 1 0 1 0 0 0 0 1 0 0 0 1 0 0 0 1 0 0 1 0 0 0 1 0 1 0 0 1 0 1
 0 0 0 0 1 0 0 0 0 0 1 -57.59644256269407 1 0.041666666666666664
1 0 0 0 0 0 0 1 0 0 1 0 0 1 0 1 0 0 1 0 1 0 0 0 0 0 0 1 0 1 0 0 0 0 1 0 1
 0 0 0 0 0 1 0 0 1 0 1 -66.92099788303084 1 0.08333333333333333
0 0 0 1 1 0 0 0 0 0 0 1 0 1 1 0 0 0 1 0 1 0 0 0 0 0 0 1 0 1 0 1 0 0 1 0 1
 0 0 0 0 1 0 0 0 0 0 1 -60.920997883030836 1 0.0625
0 1 0 0 0 0 1 1 0 0 0 0 1 0 0 0 0 0 0 1 0 1 0 0 0 0 1 0 1 0 0 0 0 1 0 1 0
 0 1 0 0 0 0 0 1 0 0 0 -60.59644256269407 1 0.08333333333333333
0 0 1 0 1 0 0 0 0 1 1 0 0 1 0 1 0 0 0 1 1 0 1 0 0 1 0 0 0 1 0 1 0 0 1 0 1
 0 0 0 0 1 0 0 0 0 0 1 -55.2455532033676 1 0.08333333333333333
0 0 1 0 0 0 0 1 0 1 0 0 0 1 0 0 0 0 0 1 0 0 1 0 0 1 0 0 1 0 0 0 0 0 1 0 1
 0 0 0 0 1 0 0 0 0 0 1 -65.59644256269408 1 0.0625
0 1 0 0 0 0 0 1 0 0 0 0 0 0 1 0 0 0 1 0 0 0 0 1 1 0 0 0 1 0 0 1 0 0 1 0 0
 0 0 1 0 0 0 0 0 1 0 0 -44.4341649025257 1 0.08333333333333333
0 0 1 0 0 0 0 1 0 0 0 0 0 1 0 0 0 0 0 0 0 0 1 0 1 0 0 0 0 1 0 0 0 0 1 0 1
 0 0 0 0 1 0 0 0 0 0 1 -58.271887242357316 1 0.08333333333333333
0 1 0 0 0 0 0 1 0 0 0 0 0 0 1 0 0 0 1 0 0 0 0 1 1 0 0 0 0 1 0 1 0 1 0 0 1
 0 0 0 0 0 1 0 0 0 0 1 -58.59644256269407 1 0.0625
0 0 0 1 0 0 1 0 0 0 0 0 1 1 0 0 0 0 1 0 0 0 0 1 0 1 0 0 1 0 0 0 0 0 1 0 1
 0 0 0 0 1 0 0 0 0 0 1 -61.59644256269407 1 0.08333333333333333
0 0 0 1 0 0 1 1 0 1 0 0 1 0 0 0 0 0 1 0 0 0 0 1 0 1 0 0 1 0 0 0 0 0 1 0 0
 0 0 1 0 1 0 0 1 0 0 0 -67.75872022286245 1 0.0625
1 0 0 0 0 0 1 0 0 1 0 1 0 0 1 0 1 0 0 0 0 0 0 1 0 1 1 0 0 1 0 1 1 0 0 0 0
 0 0 1 0 1 0 0 0 0 1 0 -60.083275543199214 1 0.08333333333333333
0 0 0 1 0 0 1 0 0 1 0 0 1 0 0 0 0 0 1 0 0 0 0 1 0 1 0 0 1 0 0 1 0 1 0 0 0
 0 1 0 0 1 0 0 1 0 0 1 -62.920997883030836 1 0.041666666666666664
0 0 0 1 0 0 1 0 0 0 0 0 0 1 0 0 0 0 1 0 0 0 0 1 0 1 0 0 1 0 0 0 0 0 1 0 1
 0 0 0 0 0 0 0 0 0 0 1 -56.271887242357316 1 0.08333333333333333
0 0 0 1 0 0 1 0 0 0 0 0 0 1 0 0 0 0 1 0 0 1 0 1 1 0 0 0 0 0 0 1 0 0 1 0 1
 0 0 0 0 1 0 0 0 0 0 1 -58.59644256269408 1 0.0625
0 1 0 0 0 0 0 1 0 0 0 0 0 0 1 0 0 0 1 0 0 0 0 1 1 0 0 0 0 0 0 1 0 0 1 0 0
 0 0 1 0 0 0 0 0 0 0 1 -50.271887242357316 1 0.125
0 1 0 0 0 0 1 1 1 0 0 0 0 1 0 0 0 0 1 0 0 0 0 1 1 0 0 0 0 1 0 0 0 1 0 0 0
 0 0 1 1 0 1 0 1 0 0 0 -60.920997883030836 1 0.0
0 0 0 1 0 0 1 0 0 0 0 0 0 1 0 0 0 0 1 0 0 0 0 1 0 1 0 0 1 0 0 0 0 0 1 0 1
 0 0 0 0 1 0 0 0 0 0 1 -61.434164902525694 1 0.08333333333333333
0 0 1 0 0 0 0 1 1 0 1 0 0 1 0 0 0 0 0 1 0 1 0 1 1 0 0 0 0 0 1 0 0 0 1 0 0
 0 0 1 1 0 0 0 0 1 0 0 -60.92099788303084 1 0.020833333333333332
0 1 0 0 0 0 0 1 0 0 0 0 0 0 1 0 0 0 1 0 0 0 0 1 1 0 0 0 0 1 0 0 1 1 0 0 0
 0 0 1 0 0 1 0 0 0 0 1 -54.59644256269407 1 0.0625
0 1 0 0 0 0 1 0 0 0 0 1 0 1 0 0 0 1 0 0 0 0 0 1 1 0 1 0 0 0 0 1 0 1 0 0 1
 0 0 0 0 1 1 0 0 0 0 1 -59.920997883030836 1 0.020833333333333332
0 1 0 0 0 0 0 1 0 0 0 0 0 1 1 0 0 0 1 0 1 0 0 0 0 0 1 0 0 1 0 1 0 0 1 0 1
 0 0 0 0 0 1 0 0 1 0 1 -56.92099788303083 1 0.041666666666666664
0 0 0 1 0 0 1 0 0 0 0 0 0 1 0 0 0 0 1 0 1 0 0 0 0 1 0 0 0 0 0 1 0 1 1 0 1
 0 0 0 0 1 0 0 0 0 0 1 -60.59644256269407 1 0.10416666666666667
1 0 0 0 0 0 1 1 0 0 0 0 0 1 0 0 1 0 0 0 0 0 1 0 0 1 0 1 0 1 0 1 1 0 1 0 0
 0 1 0 0 1 0 0 0 0 0 1 -55.083275543199214 1 0.041666666666666664
0 1 0 0 0 0 1 0 1 0 0 0 0 1 0 1 0 1 0 0 0 0 0 1 1 0 1 0 0 0 1 0 0 1 0 0 1
 0 0 0 1 0 1 0 0 0 0 1 -62.083275543199214 1 0.020833333333333332
0 0 0 1 0 0 1 0 1 0 0 0 0 1 0 0 0 0 1 0 0 0 0 1 1 0 0 0 0 1 0 0 0 0 0 1 0
 0 0 1 1 0 1 0 0 1 0 0 -67.75872022286245 1 0.0625
0 0 1 1 0 0 0 1 0 0 0 0 0 1 0 0 0 0 1 1 0 0 1 0 1 0 0 0 0 1 0 0 0 0 1 0 0
 0 0 1 0 0 0 0 0 0 0 1 -45.59644256269407 1 0.08333333333333333
0 0 0 1 0 0 1 0 0 0 0 0 0 1 0 0 0 0 1 0 0 1 0 1 0 1 0 0 1 0 0 0 0 0 1 0 1
 0 0 0 0 1 0 0 0 0 0 1 -56.59644256269407 1 0.10416666666666667
0 0 1 0 0 0 0 1 1 0 0 0 0 1 0 0 0 0 0 1 1 0 1 0 0 1 0 0 0 1 0 1 0 1 0 0 1
 0 0 0 0 0 1 0 0 0 0 1 -60.920997883030836 1 0.0625
0 0 0 1 0 0 1 0 0 1 0 0 0 1 0 0 0 0 1 0 1 0 0 1 0 1 0 0 0 1 0 1 0 0 1 0 1
 0 0 0 0 1 0 0 0 0 0 1 -57.920997883030836 1 0.0625
0 0 0 1 0 0 1 0 0 0 0 0 0 1 0 0 0 0 1 0 0 0 0 1 1 0 0 0 0 0 0 1 0 1 0 0 0
 0 1 0 0 0 0 1 1 0 0 0 -54.434164902525694 1 0.020833333333333332
0 0 1 0 0 0 0 1 0 0 0 0 0 1 0 0 0 0 1 0 0 1 0 0 1 0 0 0 0 0 0 1 0 0 1 0 1
 0 0 0 0 1 0 0 0 0 0 1 -65.4341649025257 1 0.14583333333333334
0 1 0 0 0 0 0 1 0 0 0 0 0 1 1 0 0 0 1 0 0 0 1 0 1 0 0 0 0 1 0 1 0 0 1 0 1
 0 0 0 0 0 0 0 0 0 0 1 -50.59644256269407 1 0.08333333333333333
0 0 0 1 0 0 1 0 0 0 0 0 0 1 0 0 0 0 1 0 0 0 0 1 1 0 0 0 0 1 0 0 0 0 1 0 1
 0 0 0 0 1 0 0 0 1 0 1 -58.59644256269407 1 0.08333333333333333
0 1 0 0 0 0 0 1 1 0 0 0 0 0 1 0 0 0 1 0 0 0 0 1 1 0 0 0 1 0 0 0 0 0 1 0 0
 0 0 1 1 0 0 0 0 1 0 0 -59.59644256269407 1 0.041666666666666664
0 0 1 0 0 0 0 1 0 0 0 0 0 1 0 0 0 0 0 1 0 1 1 0 1 0 0 0 0 0 0 1 0 0 1 0 1
 0 0 0 0 1 0 0 0 1 0 1 -55.75872022286246 1 0.0625
1 0 0 0 0 0 0 0 0 0 0 1 0 1 0 0 1 0 0 0 0 0 1 0 0 1 0 0 0 1 0 1 1 0 0 0 0
 0 0 1 0 1 0 0 0 0 0 1 -57.59644256269408 1 0.08333333333333333
0 0 1 0 1 0 1 0 0 1 0 1 0 0 0 1 0 0 1 0 1 0 0 0 0 1 0 0 0 0 0 1 0 0 1 0 1
 0 0 0 0 1 0 0 0 0 0 1 -62.92099788303083 1 0.020833333333333332
0 1 0 0 0 0 0 1 0 0 1 0 1 0 0 0 0 0 0 1 1 0 0 0 0 1 0 0 1 0 1 0 0 1 0 0 1
 0 0 0 0 0 1 0 1 0 0 1 -60.920997883030836 1 0.041666666666666664
0 1 0 0 1 0 0 0 0 0 0 1 0 0 1 0 1 0 0 0 0 0 1 0 0 0 0 1 0 0 1 1 0 1 0 0 1
 0 0 0 0 0 1 0 0 0 0 1 -58.75872022286246 1 0.041666666666666664
0 0 1 0 1 0 0 0 0 1 0 0 0 1 0 1 0 0 0 1 1 0 0 0 0 1 0 0 0 1 0 1 0 0 0 1 1
 0 0 0 0 0 1 0 0 0 0 1 -54.920997883030836 1 0.041666666666666664
0 1 0 0 0 0 1 0 0 0 0 1 1 0 0 0 1 0 0 0 0 0 0 1 0 0 1 0 0 0 0 1 1 1 0 0 0
 0 1 0 0 0 1 0 0 0 0 1 -64.75872022286245 1 0.041666666666666664
0 0 0 1 0 0 1 0 0 0 0 0 0 1 0 0 0 0 1 0 0 0 0 1 1 1 0 0 0 1 0 1 0 0 1 0 1
 0 0 0 0 1 0 0 0 0 0 1 -53.75872022286246 1 0.10416666666666667
1 0 0 0 0 0 0 1 0 1 1 0 0 1 0 1 1 0 0 0 0 0 0 1 0 0 1 0 0 1 0 0 1 0 0 0 0
 0 0 0 0 0 1 0 0 1 0 1 -65.92099788303084 1 0.0625
0 0 0 1 0 0 1 1 0 0 0 0 0 1 0 0 1 0 1 0 0 0 0 1 1 0 0 0 0 1 0 0 0 0 1 0 1
 0 0 0 0 0 0 0 0 1 0 1 -50.75872022286246 1 0.14583333333333334
0 0 0 1 0 0 1 0 1 0 0 0 0 1 0 0 0 0 1 0 1 0 0 0 0 1 0 1 0 1 0 1 0 0 0 1 1
 0 0 0 0 0 1 0 0 1 0 0 -56.920997883030836 1 0.0625
0 0 0 1 0 0 1 0 0 0 0 0 0 1 0 0 0 0 1 0 1 0 0 1 1 0 0 1 0 1 0 0 0 0 1 0 1
 0 0 0 0 0 0 0 0 1 0 1 -48.75872022286246 1 0.10416666666666667
0 0 0 1 0 0 0 1 0 1 0 0 0 0 1 0 0 0 1 0 0 0 0 1 1 1 0 0 1 0 0 1 0 0 1 0 0
 0 0 1 0 1 0 0 0 0 0 1 -50.92099788303083 1 0.10416666666666667
0 0 0 1 0 0 1 0 0 0 0 0 0 1 0 0 0 0 1 0 1 0 0 1 1 0 0 0 0 1 0 1 0 1 0 0 0
 0 0 1 0 0 1 0 0 0 0 1 -48.75872022286246 1 0.08333333333333333
0 1 0 0 0 0 0 1 0 0 0 0 0 0 1 0 0 0 1 0 0 1 0 0 1 0 0 0 0 0 0 1 0 1 0 0 1
 0 1 0 0 0 0 0 1 0 0 1 -53.59644256269407 1 0.08333333333333333
1 0 0 0 0 0 1 1 0 0 0 0 0 1 0 0 0 0 1 0 0 0 0 1 1 0 0 0 0 0 0 1 1 0 0 0 0
 0 0 1 0 0 1 0 0 1 0 0 -60.59644256269407 1 0.0625
0 0 0 1 0 0 1 0 1 0 0 0 0 1 0 0 0 0 1 0 0 0 0 1 0 1 0 0 1 1 0 0 0 0 1 0 0
 0 0 1 0 0 0 0 1 1 0 0 -56.75872022286246 1 0.08333333333333333
0 0 0 0 0 0 1 1 0 0 0 0 0 1 0 0 0 0 1 0 0 0 0 1 1 0 0 0 0 1 0 1 0 1 1 0 0
 0 0 1 0 0 1 0 0 1 0 0 -47.75872022286245 1 0.0625
0 1 0 0 0 0 1 0 0 0 0 0 0 1 0 1 0 0 1 0 0 0 0 1 1 0 0 0 0 1 0 0 0 0 1 0 1
 0 0 0 0 0 0 0 0 1 0 1 -53.59644256269407 1 0.08333333333333333
0 0 0 1 0 0 1 0 0 0 0 0 0 1 0 0 0 0 1 0 0 0 0 1 0 1 0 0 1 0 0 0 0 0 0 1 1
 0 1 0 0 1 0 0 1 0 0 0 -56.59644256269407 1 0.041666666666666664
0 1 0 0 0 0 0 1 0 0 1 0 0 0 0 1 1 0 0 0 0 0 1 0 0 1 0 0 0 1 0 1 0 0 1 0 1
 0 0 0 0 0 0 0 0 1 0 1 -53.75872022286246 1 0.08333333333333333
1 0 0 0 0 0 1 0 0 0 0 0 0 1 0 1 0 0 0 1 1 0 0 0 0 1 0 0 0 0 1 0 1 0 0 0 0
 0 1 0 0 0 0 0 0 1 0 1 -56.59644256269407 1 0.0625
0 1 0 0 0 0 1 0 0 0 0 0 0 0 0 1 0 0 1 0 1 1 0 0 0 0 1 0 0 0 0 1 0 0 1 0 1
 0 0 0 0 0 0 0 0 0 0 1 -55.434164902525694 1 0.10416666666666667
0 0 1 0 0 0 0 1 0 0 0 0 0 1 0 0 0 0 1 0 0 0 0 0 1 0 0 1 0 1 0 1 0 0 1 0 1
 0 0 0 0 0 0 0 0 1 0 0 -50.4341649025257 1 0.125
0 0 0 1 0 0 1 0 0 0 0 0 0 1 0 0 0 0 1 0 0 0 0 1 0 0 0 1 1 1 0 0 0 0 0 1 1
 0 0 0 0 0 1 0 0 1 0 0 -58.59644256269407 1 0.0625
0 1 0 0 0 0 0 1 1 0 0 0 0 1 1 0 0 1 1 0 0 0 0 1 1 0 0 0 0 0 0 1 0 1 0 0 0
 0 0 1 1 0 1 0 0 0 0 0 -59.920997883030836 1 0.020833333333333332
0 1 0 0 1 0 0 0 0 0 0 1 0 0 0 1 1 0 0 0 1 0 0 0 0 1 1 0 0 0 0 1 0 0 1 0 1
 0 0 0 0 1 0 0 0 0 0 1 -62.75872022286246 1 0.041666666666666664
0 0 0 1 0 0 0 1 0 0 0 0 0 1 0 0 0 0 1 0 0 0 0 1 0 1 0 0 1 0 0 0 0 0 1 0 0
 0 0 1 0 1 0 0 0 0 0 1 -53.4341649025257 1 0.125
0 1 0 0 0 0 1 1 0 0 0 0 0 1 0 0 0 0 0 1 0 0 1 0 1 0 0 1 0 1 0 0 0 0 0 1 0
 0 1 0 1 0 0 0 0 1 0 0 -53.75872022286246 1 0.0625
0 1 0 1 0 0 1 0 0 0 0 0 1 0 0 0 0 0 1 0 0 0 0 1 0 1 0 0 1 0 0 0 0 0 1 1 1
 0 0 0 0 1 0 0 1 0 0 0 -56.75872022286245 1 0.0625
0 0 0 1 0 0 1 0 0 0 0 0 0 1 0 0 0 0 1 0 1 0 0 0 0 0 0 1 0 1 0 0 0 0 1 0 0
 0 0 1 0 0 0 0 0 1 0 0 -56.271887242357316 1 0.14583333333333334
0 1 0 0 0 0 0 1 0 0 0 0 0 0 1 0 0 0 1 0 1 1 0 0 1 0 0 0 0 0 0 1 0 0 1 0 1
 0 0 0 0 1 0 0 1 0 0 1 -51.75872022286246 1 0.041666666666666664
0 1 0 0 0 0 0 1 0 0 0 0 0 0 1 0 0 0 1 0 0 0 0 1 1 1 0 0 0 0 0 1 0 0 1 0 0
 0 0 1 0 1 0 0 0 0 0 1 -53.59644256269407 1 0.125
0 0 0 1 0 0 1 0 0 1 0 0 1 0 0 0 0 0 1 0 0 0 0 1 0 1 0 0 1 0 0 0 0 0 1 0 0
 0 1 0 0 1 0 1 1 0 0 1 -58.92099788303083 1 0.08333333333333333
0 0 1 0 0 0 0 1 0 0 0 0 0 1 0 0 1 0 1 0 0 0 0 1 1 0 0 0 0 1 0 0 0 1 1 0 0
 0 0 1 0 1 0 0 0 0 0 1 -48.75872022286246 1 0.125
0 1 0 0 0 0 1 0 0 0 0 0 0 1 0 0 0 0 1 0 1 0 0 1 1 0 0 0 0 0 0 1 0 1 0 0 0
 0 0 1 0 0 1 0 0 0 0 1 -43.59644256269408 1 0.08333333333333333
0 1 0 0 0 0 0 1 0 0 0 0 0 0 1 0 0 0 1 0 0 0 0 1 1 1 0 0 0 0 0 1 0 0 1 0 0
 0 0 1 0 1 0 0 0 0 1 0 -51.59644256269407 1 0.10416666666666667
0 0 0 1 0 0 1 0 1 0 0 0 0 1 0 0 0 0 1 0 1 0 0 0 0 1 0 0 0 0 0 1 0 0 1 0 1
 0 0 0 0 1 0 0 0 0 0 1 -68.59644256269407 1 0.0625
0 0 0 1 0 0 1 0 0 0 0 0 0 1 0 0 0 0 1 0 0 1 0 0 0 1 0 0 1 0 0 1 0 0 1 0 0
 0 0 1 0 0 0 0 0 1 0 0 -49.4341649025257 1 0.125
0 0 0 1 0 0 1 0 0 0 0 0 0 1 0 0 0 0 1 0 1 1 0 0 0 0 0 1 1 0 0 0 0 0 1 0 1
 0 0 0 0 1 0 0 0 0 0 1 -54.59644256269407 1 0.041666666666666664
0 0 1 0 1 0 0 0 0 1 0 0 0 1 0 1 0 0 1 1 1 0 0 0 0 1 0 0 1 0 0 1 0 0 1 0 1
 0 0 0 0 1 0 0 0 0 0 1 -60.083275543199214 1 0.08333333333333333
0 1 0 0 0 0 0 1 0 0 0 0 0 0 0 1 0 0 1 0 0 1 0 0 1 0 0 1 1 0 0 1 0 1 0 0 1
 0 0 0 0 0 1 0 0 0 0 1 -48.75872022286246 1 0.08333333333333333
0 0 1 0 0 0 0 1 0 0 0 0 0 1 0 0 0 0 1 0 1 0 0 0 1 0 0 0 0 1 0 1 0 0 1 0 1
 0 0 0 0 1 0 0 0 0 0 1 -60.59644256269407 1 0.08333333333333333
0 0 0 1 0 0 1 0 0 0 0 0 0 1 0 0 0 0 1 0 1 0 0 1 1 0 0 0 0 1 0 0 0 0 0 1 1
 0 1 0 0 0 1 0 0 1 0 0 -55.75872022286245 1 0.10416666666666667
0 0 0 1 1 0 1 0 0 0 0 0 0 1 0 0 0 0 1 0 1 0 0 0 1 0 0 0 0 1 0 1 0 0 1 0 1
 0 0 0 0 0 0 0 0 1 0 1 -59.75872022286246 1 0.125
0 0 0 1 0 0 1 0 0 0 0 0 0 1 0 0 0 0 1 0 0 0 0 1 0 1 0 0 1 0 0 1 0 0 1 0 0
 0 0 1 0 0 0 0 0 1 0 0 -51.434164902525694 1 0.10416666666666667
0 0 0 1 0 0 1 0 0 0 0 0 0 1 0 0 0 0 1 0 0 0 0 1 1 0 0 0 0 0 0 1 0 0 1 0 0
 0 0 1 0 0 0 0 0 0 0 1 -50.271887242357316 1 0.125
0 1 0 0 0 0 0 1 0 0 0 0 0 1 1 0 0 0 1 0 1 0 0 0 0 0 0 1 0 1 0 1 0 0 1 0 1
 0 0 0 0 0 0 0 0 1 0 1 -52.75872022286246 1 0.125
1 0 0 0 1 0 1 0 0 1 1 0 0 1 0 1 0 0 0 1 1 0 0 0 0 1 0 0 0 0 1 0 0 0 0 1 1
 0 0 0 0 1 1 0 1 0 0 0 -51.245553203367585 1 0.041666666666666664
0 1 0 0 0 0 1 1 0 0 0 0 0 1 0 0 0 0 1 0 0 0 0 1 0 1 0 0 1 0 0 0 0 0 1 0 0
 0 0 1 0 1 0 0 1 0 0 0 -56.59644256269407 1 0.125
0 0 0 1 0 0 1 1 0 1 0 0 1 0 0 0 0 0 1 0 0 0 0 1 0 1 0 0 1 0 0 0 0 0 1 0 0
 0 0 1 0 1 0 0 0 0 0 0 -60.59644256269407 1 0.125
1 0 0 0 0 0 1 0 0 1 0 1 0 1 0 1 0 0 0 0 0 0 1 0 0 1 0 0 0 0 0 1 1 0 0 0 0
 0 1 0 0 1 1 0 0 0 0 1 -52.920997883030836 1 0.041666666666666664
0 1 0 0 0 0 1 0 0 0 0 0 0 1 0 1 0 1 0 0 1 0 0 0 0 0 1 0 0 0 1 1 0 0 1 0 1
 0 0 0 0 1 0 0 0 0 0 1 -53.75872022286246 1 0.0625
0 0 0 1 0 0 1 0 1 0 0 0 0 1 0 0 0 0 1 0 1 0 0 0 1 0 0 0 0 1 0 1 0 0 1 0 1
 0 0 0 0 0 0 0 0 1 0 1 -62.75872022286246 1 0.08333333333333333
0 0 0 1 0 0 1 0 0 0 0 0 0 1 0 0 0 0 1 0 0 0 0 1 1 1 0 0 0 0 0 1 0 0 1 0 0
 0 0 1 0 0 0 0 0 1 0 0 -51.434164902525694 1 0.125
0 1 0 0 0 0 1 0 0 0 0 0 0 1 0 1 0 0 1 0 0 0 0 1 1 0 0 0 0 1 0 0 0 0 1 0 1
 0 0 0 0 0 0 0 0 1 0 1 -53.59644256269407 1 0.125
0 1 0 0 0 0 0 1 0 0 0 0 0 1 1 0 0 0 1 0 1 0 0 0 1 1 0 0 0 1 0 1 0 0 1 0 1
 0 0 0 0 1 0 0 0 0 0 1 -48.920997883030836 1 0.08333333333333333
1 0 0 0 0 0 1 1 0 0 0 0 0 1 0 0 0 0 1 0 1 0 0 1 1 0 0 0 0 1 0 0 0 0 1 0 0
 0 0 1 0 1 0 0 0 0 0 1 -51.75872022286246 1 0.125
0 0 1 0 0 0 0 1 0 0 0 0 0 1 0 0 0 0 1 1 0 0 1 0 1 0 0 0 0 1 0 0 0 0 1 0 1
 0 0 0 0 1 0 0 0 0 0 1 -58.59644256269407 1 0.08333333333333333
0 1 0 0 0 0 1 0 0 0 0 0 0 1 0 1 0 0 0 1 0 0 1 0 1 0 0 0 0 1 0 0 0 0 1 0 0
 0 0 1 0 0 0 0 0 1 0 0 -45.434164902525694 1 0.125
0 0 0 1 0 0 1 0 0 0 0 0 0 1 0 0 0 0 1 0 1 0 0 1 0 1 0 0 0 1 0 1 0 1 1 0 1
 0 0 0 0 1 0 0 0 0 0 1 -50.920997883030836 1 0.125
0 0 0 1 0 0 1 0 0 1 0 0 0 1 0 0 0 0 1 0 0 0 0 1 0 1 0 0 1 0 0 0 0 0 0 1 1
 0 0 0 0 0 0 0 0 1 0 0 -56.4341649025257 1 0.0625
0 0 0 0 0 0 1 0 0 1 0 0 0 0 0 1 0 0 1 0 1 0 0 1 1 1 0 0 0 0 0 1 0 0 1 0 0
 0 0 1 0 1 0 0 0 0 0 1 -48.75872022286246 1 0.08333333333333333
1 0 0 1 0 0 1 0 0 1 0 0 0 0 0 1 0 0 1 0 1 0 0 1 0 1 0 0 0 0 0 1 0 1 1 0 0
 0 0 1 0 1 0 0 0 0 0 1 -51.083275543199214 1 0.0625
0 1 0 0 0 0 0 1 0 0 0 0 0 0 1 0 0 0 1 0 0 0 0 1 0 1 0 0 1 0 0 1 0 0 1 0 0
 0 0 1 0 1 0 0 1 0 0 0 -56.59644256269407 1 0.125
0 0 0 1 0 0 1 0 0 0 0 0 0 1 1 0 0 0 1 0 0 0 0 1 1 0 0 0 0 1 0 0 0 0 1 0 0
 0 0 1 0 1 0 0 0 1 0 0 -51.59644256269407 1 0.10416666666666667
0 0 0 1 0 0 1 0 0 0 0 0 0 1 0 0 0 0 1 0 1 0 0 1 1 0 0 0 0 1 0 0 0 0 1 0 0
 1 0 0 0 0 1 0 1 0 0 1 -47.75872022286245 1 0.08333333333333333
0 0 0 1 1 0 1 0 0 0 0 0 0 1 0 0 0 1 0 0 1 0 0 0 0 0 1 0 0 0 1 1 0 0 0 1 1
 0 0 0 0 0 1 0 0 1 0 1 -57.92099788303084 1 0.020833333333333332
0 0 1 0 0 0 0 1 0 0 0 0 0 1 0 0 0 0 1 1 0 1 0 0 0 0 0 1 1 1 0 0 0 0 1 0 1
 0 0 0 0 0 0 0 0 1 0 1 -50.75872022286246 1 0.16666666666666666
0 0 0 0 0 0 0 1 0 0 0 0 0 1 1 0 0 0 1 0 0 0 0 1 1 0 0 0 0 1 0 1 0 0 1 0 0
 0 0 1 1 0 0 0 0 1 0 1 -54.75872022286246 1 0.10416666666666667
0 0 1 0 0 0 0 1 0 0 0 0 0 1 0 0 0 0 1 1 1 1 0 0 1 0 1 0 0 0 0 1 0 0 1 0 1
 0 0 0 0 1 0 0 0 0 0 1 -50.920997883030836 1 0.0625
0 0 0 1 0 0 0 1 0 1 0 0 0 0 1 0 1 0 0 0 0 0 1 1 0 1 0 0 0 0 0 1 0 0 1 0 1
 0 0 0 0 1 0 0 0 0 0 1 -60.75872022286246 1 0.08333333333333333
0 1 0 1 0 0 1 0 0 0 0 0 0 1 0 0 0 0 1 0 0 0 0 1 1 0 0 0 0 1 0 1 0 0 1 0 0
 1 0 0 1 0 0 0 0 0 0 1 -51.75872022286246 1 0.10416666666666667
0 1 0 0 0 0 1 0 1 0 0 0 0 1 0 1 0 0 1 0 1 0 0 0 1 0 0 0 0 1 0 1 0 1 0 0 0
 0 1 0 1 0 0 0 0 0 0 1 -60.920997883030836 1 0.041666666666666664
0 0 0 1 0 0 1 0 0 0 0 0 0 1 0 0 0 0 1 0 0 0 1 1 1 0 0 0 1 0 0 1 0 0 0 1 1
 0 1 0 0 0 0 0 0 1 0 0 -41.75872022286245 1 0.0625
0 1 0 0 0 0 1 0 0 0 0 0 0 1 0 0 0 0 1 0 0 1 0 0 1 0 0 0 0 0 0 1 0 0 1 0 1
 0 0 0 0 0 0 0 0 1 0 1 -53.4341649025257 1 0.125
1 0 0 0 0 1 0 1 0 0 0 0 0 0 1 0 1 0 0 0 1 1 0 0 0 1 0 0 0 0 1 1 1 0 0 0 0
 1 0 0 0 1 1 0 0 0 0 1 -57.083275543199214 1 0.041666666666666664
0 0 0 1 0 0 1 0 0 0 0 0 1 1 0 0 0 0 1 0 0 0 0 1 0 1 0 0 0 0 0 1 0 1 1 0 0
 0 0 1 0 0 0 0 0 1 0 0 -46.59644256269408 1 0.14583333333333334
1 0 0 0 0 0 1 1 0 1 0 0 0 1 0 1 1 0 0 0 0 0 1 1 0 1 0 0 0 1 0 1 1 0 0 0 0
 0 1 1 0 1 1 0 1 0 0 1 -46.73238618387271 1 0.0625
0 1 0 0 0 0 0 1 0 0 0 0 0 0 1 0 0 0 0 1 0 1 1 0 1 0 0 0 0 0 1 0 0 0 1 0 1
 0 0 0 0 0 0 0 0 1 0 0 -45.434164902525694 1 0.08333333333333333
0 1 0 0 0 0 1 1 0 1 0 0 1 0 0 0 0 0 1 0 0 0 0 1 1 1 0 0 0 0 0 1 0 0 1 0 0
 0 0 1 0 1 0 0 1 0 0 0 -56.920997883030836 1 0.08333333333333333
0 0 0 1 0 0 1 0 1 0 0 0 0 1 0 0 0 0 1 0 0 0 0 1 1 1 0 0 0 1 0 1 0 0 1 0 1
 0 0 0 0 1 0 0 0 0 0 1 -58.920997883030836 1 0.10416666666666667
1 0 0 0 0 0 1 0 0 1 0 1 0 0 1 0 1 0 0 0 1 0 0 1 0 1 0 0 0 0 1 1 0 0 1 0 1
 0 0 0 0 1 0 0 0 0 0 1 -56.083275543199214 1 0.10416666666666667
0 0 0 1 0 0 1 0 0 0 0 0 0 1 0 0 0 0 1 0 0 0 0 1 0 1 0 0 1 0 0 0 0 1 0 1 0
 0 1 0 0 0 1 0 1 0 0 0 -56.59644256269407 1 0.10416666666666667
0 0 0 1 0 0 1 0 0 1 0 0 1 0 0 0 0 0 1 0 0 1 0 0 0 0 0 1 1 0 0 0 0 0 1 0 1
 0 0 0 0 1 0 0 0 0 0 1 -64.59644256269407 1 0.125
0 0 0 1 0 0 1 0 0 0 0 0 0 1 0 0 0 0 1 0 0 0 1 0 1 1 0 0 0 1 0 1 1 0 0 1 0
 0 1 0 0 1 0 0 0 0 0 1 -46.920997883030836 1 0.0625
0 0 0 1 0 0 1 0 1 0 0 0 0 1 0 0 0 1 1 0 0 0 0 1 1 0 0 0 0 0 0 1 0 1 0 0 0
 0 0 1 0 0 1 0 0 0 0 0 -58.59644256269407 1 0.125
1 0 0 0 0 0 1 1 0 1 0 0 0 0 0 0 0 0 1 0 0 0 0 1 0 1 0 0 1 0 0 0 1 0 1 0 0
 0 0 1 0 1 0 0 0 0 0 1 -60.75872022286246 1 0.0625
1 0 0 0 0 0 1 0 0 1 0 1 0 0 0 0 1 0 0 0 0 0 0 1 0 1 0 0 1 0 0 0 0 0 0 0 1
 0 0 0 0 1 1 0 0 0 0 1 -55.59644256269407 1 0.020833333333333332
1 0 1 0 0 0 0 1 0 0 0 1 0 1 0 0 1 0 0 0 0 1 0 0 0 0 1 0 0 0 1 1 0 0 0 1 0
 0 1 0 0 0 1 0 1 1 0 0 -54.08327554319922 1 0.041666666666666664
0 1 0 0 0 0 1 0 0 0 0 1 0 1 0 0 0 0 1 0 0 1 0 1 1 0 1 0 0 0 0 1 0 1 0 0 0
 0 0 1 0 0 1 0 1 0 0 0 -53.92099788303084 1 0.08333333333333333
0 1 0 0 0 0 1 1 1 0 0 0 0 1 0 0 0 0 1 0 1 0 0 1 0 1 0 0 0 1 0 0 0 0 1 0 1
 0 0 0 0 1 0 0 0 0 0 1 -54.920997883030836 1 0.041666666666666664
0 1 0 0 0 0 1 0 0 0 0 0 0 1 0 0 0 0 1 0 1 0 0 1 1 0 0 0 0 0 0 1 0 1 1 0 0
 0 0 1 1 0 0 0 0 0 0 1 -43.75872022286246 1 0.08333333333333333
0 0 0 1 0 0 0 1 0 1 0 0 0 0 1 0 1 0 1 0 0 1 0 0 1 0 0 0 0 0 0 1 0 0 1 0 0
 1 0 0 0 1 0 0 1 0 0 1 -53.920997883030836 1 0.08333333333333333
0 1 0 0 0 0 1 1 0 0 0 0 0 1 0 0 0 0 1 0 0 0 0 1 0 1 0 0 1 0 0 1 0 0 1 0 0
 0 0 1 0 0 0 0 0 1 0 0 -46.59644256269408 1 0.16666666666666666
0 1 0 0 0 0 0 1 0 0 0 0 0 1 0 0 0 0 1 0 0 0 0 1 1 0 0 0 0 1 0 0 0 0 1 0 0
 0 0 1 0 0 0 0 0 1 0 0 -55.271887242357316 1 0.20833333333333334
0 0 0 1 0 1 1 0 0 1 0 0 0 0 1 0 0 0 1 0 0 0 0 1 1 0 0 0 0 0 0 1 0 0 1 0 0
 0 0 1 0 1 0 0 0 0 0 1 -46.75872022286246 1 0.0625
0 0 0 0 0 0 1 1 0 1 0 0 1 0 0 0 0 0 1 1 0 0 0 1 0 1 0 0 1 0 0 0 0 0 1 0 0
 1 0 0 0 1 0 0 1 0 0 1 -51.920997883030836 1 0.08333333333333333
1 0 0 0 0 0 0 1 0 1 0 0 0 1 1 0 1 0 0 0 0 0 0 1 0 1 1 0 0 0 0 1 0 0 1 0 0
 0 0 1 0 1 0 0 0 1 0 0 -59.920997883030836 1 0.16666666666666666
0 1 0 0 0 0 0 1 0 0 0 0 1 0 0 0 0 1 0 0 1 0 1 0 0 1 0 0 0 0 0 1 0 1 0 1 1
 0 0 0 0 0 1 0 0 0 0 1 -57.75872022286246 1 0.08333333333333333
0 0 0 1 0 0 1 0 0 1 0 0 1 0 0 0 0 0 1 0 0 1 0 0 0 0 0 1 1 0 0 1 0 0 1 0 1
 1 0 0 0 0 0 1 1 0 0 0 -56.92099788303083 1 0.08333333333333333
0 0 0 1 0 0 1 1 0 0 0 0 0 1 0 0 0 0 1 0 0 0 0 1 1 1 0 0 0 0 0 1 0 1 1 0 0
 0 0 1 0 1 0 0 0 1 0 0 -38.920997883030836 1 0.14583333333333334
0 1 0 0 0 0 0 1 0 0 1 0 0 1 0 0 1 0 0 0 1 0 1 0 0 0 0 1 0 1 0 1 0 1 0 0 1
 0 0 0 0 1 1 0 0 0 0 1 -57.083275543199214 1 0.10416666666666667
0 1 0 0 0 0 1 1 0 0 0 0 0 1 0 0 0 1 1 0 0 0 0 1 1 0 0 0 1 0 0 0 0 0 1 0 1
 0 0 0 0 1 0 0 0 0 0 1 -47.75872022286246 1 0.08333333333333333
0 1 0 0 0 0 1 0 0 0 0 0 0 1 0 0 0 0 1 0 0 0 0 1 1 0 0 0 0 0 0 1 0 1 0 0 0
 0 1 0 0 0 1 0 1 0 0 1 -48.59644256269407 1 0.041666666666666664
1 0 0 0 1 0 1 0 0 1 0 0 0 0 0 1 0 0 0 1 1 0 0 0 0 1 0 0 0 0 1 0 0 1 0 0 1
 0 1 0 0 1 0 0 0 0 0 1 -62.92099788303083 1 0.041666666666666664
1 0 0 0 0 0 0 1 1 0 0 0 0 1 0 0 0 0 1 0 0 0 0 1 1 0 0 0 0 0 0 1 1 0 0 0 0
 0 0 0 0 0 1 1 0 1 0 0 -51.59644256269408 1 0.10416666666666667
0 1 0 0 0 0 1 0 0 0 0 1 0 1 0 0 0 0 1 0 1 0 0 1 0 1 0 0 0 1 0 0 0 0 1 0 1
 0 0 0 0 0 0 0 0 1 0 1 -51.75872022286246 1 0.0625
0 1 0 0 0 0 1 1 0 0 0 0 0 1 0 0 0 0 1 0 0 1 0 0 0 1 0 0 0 0 0 1 0 0 1 0 0
 1 0 0 0 0 1 0 1 0 0 1 -46.75872022286245 1 0.08333333333333333
0 0 0 0 0 0 0 1 0 0 1 0 0 1 0 0 1 0 0 0 0 1 0 0 1 0 0 1 0 0 1 0 0 0 1 0 1
 0 0 0 0 0 0 0 0 0 0 1 -53.434164902525694 1 0.16666666666666666
