0 0 0 1 0 1 0 0 0 0 1 0 1 0 0 0 0 0 0 1 0 1 0 0 0 0 1 0 1 0 0 0 1 0 0 0 0
 1 0 0 0 0 1 0 0 0 0 1 -92.59644256269408 3 0.041666666666666664
0 0 0 1 0 1 0 0 0 0 1 0 1 0 0 0 0 0 0 1 0 1 0 0 0 0 1 0 1 0 0 0 1 0 0 0 0
 1 0 0 0 0 1 0 0 0 0 1 -92.59644256269408 23 0.0625
0 0 0 1 1 1 0 0 0 0 1 0 1 0 0 0 0 0 0 1 0 1 0 0 0 0 1 0 1 0 0 0 1 0 0 0 0
 1 0 0 0 0 1 0 0 0 0 1 -85.75872022286245 4 0.0625
0 0 0 1 0 1 0 0 0 0 1 0 1 0 0 0 0 0 0 1 0 1 0 0 0 0 1 0 1 0 0 0 1 0 0 0 0
 1 0 0 0 0 1 0 0 0 0 1 -92.59644256269408 2 0.041666666666666664
0 0 0 1 0 1 0 0 0 0 1 0 1 0 0 0 0 0 0 1 0 1 0 0 0 0 1 0 1 0 0 0 1 0 0 0 0
 1 0 0 0 0 1 0 0 0 0 1 -92.59644256269408 3 0.0625
0 0 0 1 0 1 0 0 0 0 1 0 1 0 0 0 0 0 0 1 0 1 0 0 0 0 1 0 1 0 0 0 1 0 0 0 0
 1 0 0 0 0 1 0 0 0 0 1 -92.59644256269408 1 0.0625
0 0 0 1 0 1 0 0 0 0 1 0 1 0 0 0 0 0 0 1 0 1 0 0 0 0 1 0 1 0 0 0 1 0 0 0 0
 1 0 0 0 0 1 0 0 0 0 1 -92.59644256269408 3 0.0625
0 0 0 1 0 1 0 0 0 0 1 0 1 0 0 0 0 0 0 1 0 1 0 0 0 0 1 0 1 0 0 0 1 0 0 0 0
 1 0 0 0 0 1 0 0 0 0 1 -92.59644256269408 1 0.041666666666666664
0 0 0 1 1 1 0 0 0 0 1 0 1 0 0 0 0 0 0 1 0 1 0 0 0 0 1 0 1 0 0 0 1 0 0 0 0
 1 0 0 0 0 1 0 0 0 0 1 -85.75872022286245 1 0.0625
0 0 0 1 0 1 0 0 0 0 1 0 1 0 0 0 0 0 0 1 0 1 0 0 0 0 1 0 1 0 0 0 1 0 0 0 0
 1 0 0 0 0 1 0 0 0 0 1 -92.59644256269408 1 0.08333333333333333
0 0 0 1 1 1 0 0 0 0 1 0 1 0 0 0 0 0 0 1 0 1 0 0 0 0 1 0 1 0 0 0 1 0 0 0 0
 1 0 0 0 0 1 0 0 0 0 1 -85.75872022286245 1 0.0625
0 0 0 1 0 1 0 0 0 0 1 0 1 0 0 0 0 0 0 1 0 1 0 0 0 0 1 0 1 0 0 0 1 0 0 0 0
 1 0 0 0 0 1 0 0 0 0 1 -92.59644256269408 1 0.0
0 0 0 1 0 1 0 0 0 0 1 0 1 0 0 0 0 0 0 1 0 1 0 0 0 0 1 0 1 0 0 0 1 0 0 0 0
 1 0 0 0 0 1 0 0 0 0 1 -92.59644256269408 2 0.08333333333333333
0 0 0 1 0 1 0 0 0 0 1 0 1 0 0 0 0 0 0 1 0 1 0 0 0 0 1 0 1 0 0 0 1 0 0 0 0
 1 0 0 0 0 1 0 0 0 0 1 -92.59644256269408 1 0.08333333333333333
0 0 0 1 0 1 0 0 0 0 1 0 1 0 0 0 0 0 0 1 0 1 0 0 0 0 1 0 1 0 0 0 1 0 0 0 0
 1 0 0 0 0 1 0 0 0 0 1 -92.59644256269408 1 0.08333333333333333
0 0 0 1 0 1 0 0 0 0 1 0 1 0 0 0 0 0 0 1 0 1 0 0 0 0 1 0 1 0 0 0 1 0 0 0 0
 1 0 0 0 0 1 0 0 0 0 1 -92.59644256269408 5 0.08333333333333333
0 0 0 1 0 1 0 0 0 0 1 0 1 0 0 0 0 0 0 1 1 1 0 0 0 0 1 0 1 0 0 0 1 0 0 0 0
 1 0 0 0 0 1 0 0 0 0 1 -85.75872022286245 1 0.0625
0 0 0 1 0 1 0 0 0 0 1 0 1 0 0 0 1 0 0 1 0 1 0 0 0 0 1 0 0 0 0 0 1 0 0 0 0
 1 0 0 0 0 1 0 0 0 0 1 -85.59644256269408 1 0.0625
0 0 0 1 1 1 0 0 0 0 1 0 1 0 0 0 0 0 0 1 0 1 0 0 0 0 1 0 1 0 0 0 1 0 0 0 0
 1 0 0 0 0 1 0 0 0 0 1 -85.75872022286245 3 0.08333333333333333
0 0 0 1 0 1 0 0 0 0 1 0 1 0 0 0 0 0 0 1 1 1 0 0 0 0 1 0 1 0 0 0 1 0 0 0 0
 1 0 0 0 0 1 0 0 0 0 1 -85.75872022286245 1 0.08333333333333333
0 0 0 1 0 1 0 0 0 0 1 0 1 0 0 0 0 0 0 1 0 1 0 0 0 0 1 0 1 0 0 0 1 0 0 0 0
 1 0 0 0 0 1 0 0 0 0 1 -92.59644256269408 5 0.08333333333333333
0 0 0 1 1 1 0 0 0 0 1 0 1 0 0 0 0 0 0 1 0 1 0 0 0 0 1 0 1 0 0 0 1 0 0 0 0
 1 0 0 0 0 1 0 0 0 0 1 -85.75872022286245 1 0.0625
0 0 0 1 0 1 0 0 0 0 1 0 1 0 0 0 0 0 0 1 0 1 0 0 0 0 1 0 1 0 0 0 1 0 0 0 0
 1 0 0 0 0 1 0 0 0 0 1 -92.59644256269408 1 0.08333333333333333
0 0 0 1 1 1 0 0 0 0 1 0 1 0 0 0 0 0 0 1 0 1 0 0 0 0 1 0 1 0 0 0 1 0 0 0 0
 1 0 0 0 0 1 0 0 0 0 1 -85.75872022286245 2 0.08333333333333333
0 0 0 1 1 1 0 0 0 0 1 0 1 0 0 0 0 0 0 1 0 1 0 0 0 0 1 0 1 0 0 0 1 0 0 0 0
 1 0 0 0 0 1 0 0 0 0 1 -85.75872022286245 1 0.08333333333333333
0 0 0 1 0 1 0 0 0 0 1 0 1 0 0 0 0 0 0 1 0 1 0 0 0 0 1 0 1 0 0 0 1 0 0 0 0
 1 0 0 0 0 1 0 0 0 0 1 -92.59644256269407 1 0.08333333333333333
0 0 0 1 1 1 0 0 0 0 1 0 1 0 0 0 0 0 0 1 0 1 0 0 0 0 1 0 1 0 0 0 1 0 0 0 0
 1 0 0 0 0 1 0 0 0 0 1 -85.75872022286245 1 0.08333333333333333
0 0 0 1 0 1 0 0 0 0 1 0 1 0 0 0 0 0 0 1 0 1 0 0 0 0 1 0 1 0 0 0 1 0 0 0 0
 1 0 0 0 0 1 0 0 0 0 1 -92.59644256269408 1 0.08333333333333333
0 0 0 1 1 1 0 0 0 0 1 0 1 0 0 0 0 0 0 1 0 1 0 0 0 0 1 0 1 0 0 0 1 0 0 0 0
 1 0 0 0 0 1 0 0 0 0 1 -85.75872022286245 1 0.08333333333333333
0 0 0 1 1 1 0 0 0 0 1 0 1 0 0 0 1 0 0 1 0 1 0 0 0 0 1 0 0 0 0 0 1 0 0 0 0
 1 0 0 0 0 1 0 0 0 0 1 -78.75872022286245 1 0.08333333333333333
0 0 0 1 0 1 0 0 0 0 1 0 1 0 0 0 0 0 0 1 0 1 0 0 0 0 1 0 1 0 0 0 1 0 0 0 0
 1 0 0 0 0 1 0 0 0 0 1 -92.59644256269408 1 0.08333333333333333
0 0 0 1 0 1 0 0 0 0 1 0 1 0 0 0 0 0 0 1 0 1 0 0 0 0 1 0 1 0 0 0 1 0 0 0 0
 1 1 0 0 0 1 0 0 0 0 1 -85.75872022286245 1 0.0625
0 0 0 1 0 1 0 0 0 0 1 0 1 0 0 0 0 0 0 1 0 1 1 0 0 0 1 0 1 0 0 0 1 0 0 0 0
 1 0 0 0 0 1 0 0 0 0 1 -85.75872022286245 1 0.08333333333333333
0 0 0 1 0 1 0 0 0 0 1 0 1 0 0 0 0 0 0 1 0 1 0 0 0 0 1 0 1 0 0 0 1 0 0 0 0
 1 1 0 0 0 1 0 0 0 0 1 -85.75872022286245 2 0.08333333333333333
0 0 0 1 0 1 0 0 0 0 1 0 1 0 0 0 0 0 0 1 0 1 0 0 0 0 1 0 1 0 0 0 1 0 0 0 0
 1 0 0 0 0 1 0 0 0 0 1 -92.59644256269408 1 0.08333333333333333
0 0 0 1 0 1 0 0 0 0 1 1 1 0 0 0 0 0 0 1 0 1 0 0 0 0 1 0 1 0 0 0 1 0 0 0 0
 1 0 0 0 0 1 0 0 0 0 1 -85.75872022286245 1 0.08333333333333333
0 0 0 1 0 1 0 0 0 0 1 0 1 0 0 0 0 0 0 1 0 1 0 0 0 0 1 0 1 0 1 0 1 0 0 0 0
 1 0 0 0 0 1 0 0 0 0 1 -87.75872022286245 7 0.0625
0 0 0 1 0 1 0 0 0 0 1 0 1 0 0 0 0 0 0 1 0 1 0 0 0 0 1 0 1 0 0 0 1 0 1 0 0
 1 0 0 0 0 1 0 0 0 0 1 -87.75872022286245 4 0.0625
0 0 0 1 0 1 0 0 0 0 1 0 1 0 0 0 1 0 0 1 0 1 0 0 0 0 1 0 1 0 0 0 1 0 0 0 0
 1 0 0 0 0 1 0 0 0 0 1 -87.75872022286245 1 0.0625
0 0 0 1 0 1 0 0 0 0 1 0 1 0 0 0 0 0 0 1 0 1 0 0 0 0 1 0 1 0 0 0 1 0 0 0 0
 1 0 0 0 0 1 1 0 0 0 1 -87.75872022286245 1 0.0625
0 0 0 1 0 1 0 0 0 0 1 0 1 0 0 0 1 0 0 1 0 1 0 0 0 0 1 0 0 0 0 0 1 0 0 0 0
 1 0 0 0 0 1 0 0 0 0 1 -85.59644256269408 1 0.0625
0 0 0 1 0 1 0 0 0 0 1 0 1 0 0 0 0 0 0 1 0 1 0 0 0 0 1 0 1 0 0 0 1 0 0 1 0
 1 0 0 0 0 1 0 0 0 0 1 -85.75872022286245 1 0.08333333333333333
0 0 0 1 0 1 0 0 0 0 1 0 1 0 0 0 0 0 0 1 0 1 0 0 0 0 1 0 1 0 0 0 1 0 0 0 0
 1 0 0 0 0 1 0 0 0 0 1 -92.59644256269408 1 0.08333333333333333
0 0 0 1 0 1 0 0 0 0 1 0 1 0 0 0 0 0 0 1 0 1 0 0 0 0 1 0 1 0 0 0 1 0 0 0 0
 1 0 0 0 0 1 1 0 0 0 1 -87.75872022286245 1 0.08333333333333333
0 0 0 1 1 1 0 0 0 0 1 0 1 0 0 0 0 0 0 1 0 1 0 0 0 0 1 0 1 0 0 0 1 0 1 0 0
 1 0 0 0 0 1 0 0 0 0 1 -80.92099788303084 2 0.0625
0 0 0 1 1 1 0 0 0 0 1 0 1 0 0 0 0 0 0 1 0 1 0 0 0 0 1 0 1 0 1 0 1 0 0 0 0
 1 0 0 0 0 1 0 0 0 0 1 -80.92099788303084 6 0.0625
0 0 0 1 0 1 0 0 0 0 1 0 1 0 0 0 0 0 0 1 0 1 0 0 0 0 1 0 1 0 0 0 1 0 0 0 0
 1 0 0 0 0 1 0 0 0 0 1 -92.59644256269408 2 0.08333333333333333
0 0 0 1 0 1 0 0 0 0 1 1 1 0 0 0 0 0 0 1 0 1 0 0 0 0 1 0 1 0 0 0 1 0 0 0 0
 1 0 0 0 0 1 0 0 0 0 1 -85.75872022286245 1 0.08333333333333333
0 0 0 1 0 1 0 0 0 0 1 0 1 0 0 0 0 0 0 1 0 1 0 0 0 0 1 0 1 0 0 0 1 0 0 0 0
 1 0 0 0 0 1 0 0 0 0 1 -92.59644256269408 1 0.10416666666666667
0 0 0 1 0 1 0 0 0 0 1 0 1 0 0 0 1 0 0 1 0 1 0 0 0 0 1 0 1 0 0 0 1 0 0 0 0
 1 0 0 0 0 1 0 0 0 0 1 -87.75872022286245 1 0.08333333333333333
0 0 0 1 0 1 0 0 0 0 1 0 1 0 0 0 0 0 0 1 0 1 0 0 0 0 1 0 1 0 0 0 1 0 0 0 0
 1 0 0 0 0 1 0 0 0 0 1 -92.59644256269407 1 0.10416666666666667
0 0 0 1 0 1 0 0 0 0 1 0 1 0 0 0 0 0 0 1 0 1 0 0 0 0 1 0 1 0 1 0 1 0 0 0 0
 1 0 0 0 0 1 0 0 0 0 1 -87.75872022286245 2 0.0625
0 0 0 1 0 1 0 0 0 0 1 0 1 0 0 0 1 0 0 1 0 1 0 0 0 0 1 0 1 0 0 0 1 0 0 0 0
 1 0 0 0 0 1 0 0 0 0 1 -87.75872022286245 1 0.0625
0 0 0 1 0 1 0 0 0 0 1 0 1 0 0 0 0 0 0 1 0 1 0 0 0 0 1 0 1 0 0 0 1 0 0 0 0
 1 0 0 0 0 1 0 0 0 0 1 -92.59644256269408 1 0.08333333333333333
0 0 0 1 0 1 0 0 0 0 1 0 1 0 0 0 0 0 0 1 0 1 0 0 0 0 1 0 1 0 0 0 0 0 0 1 0
 1 0 0 0 0 1 0 1 0 0 0 -86.59644256269408 1 0.0625
0 0 0 1 0 1 0 0 0 0 1 0 1 0 0 0 0 0 0 1 0 1 0 0 0 0 1 0 1 0 0 0 1 0 0 0 0
 1 0 0 0 0 1 0 0 0 0 1 -92.59644256269408 2 0.10416666666666667
0 0 0 1 0 1 0 0 0 0 1 0 1 0 0 0 0 0 0 1 0 1 0 0 0 0 1 0 1 0 0 0 1 0 0 0 0
 1 1 0 0 0 1 0 0 0 0 1 -85.75872022286245 1 0.0625
0 0 0 1 0 1 0 0 0 0 1 0 1 0 0 0 0 0 0 1 0 1 0 0 0 0 1 0 1 0 1 0 1 0 0 0 0
 1 0 0 0 0 1 0 0 0 0 1 -87.75872022286245 1 0.0625
0 0 0 1 1 1 0 0 0 0 1 0 1 0 0 0 1 0 0 1 0 1 0 0 0 0 1 0 0 0 0 0 1 0 0 0 0
 1 0 0 0 0 1 0 0 0 0 1 -78.75872022286245 1 0.10416666666666667
0 0 0 1 0 1 0 0 0 0 1 0 1 0 0 0 0 0 0 1 0 1 0 0 0 0 1 0 1 0 1 0 1 0 0 0 0
 1 0 0 0 0 1 0 0 0 0 1 -87.75872022286245 4 0.08333333333333333
0 0 0 1 0 1 0 0 0 0 1 0 1 0 0 0 1 0 0 1 0 1 0 0 0 0 1 0 0 0 1 0 1 0 0 0 0
 1 0 0 0 0 1 0 0 0 0 1 -85.75872022286245 1 0.0625
0 0 0 1 0 1 0 0 0 0 1 0 1 0 0 0 0 0 0 1 0 1 0 0 0 0 1 0 1 0 0 0 1 0 0 0 0
 1 0 0 0 0 1 0 0 0 0 1 -92.59644256269408 1 0.10416666666666667
0 0 0 1 0 1 0 0 0 0 1 0 1 0 0 0 1 0 0 1 0 1 0 0 0 0 1 0 0 0 1 0 1 0 0 0 0
 1 0 0 0 0 1 0 0 0 0 1 -85.75872022286245 1 0.041666666666666664
0 0 0 1 0 1 0 0 0 0 1 0 1 0 0 0 1 0 0 1 0 1 0 0 0 0 1 0 0 0 1 0 1 0 0 0 0
 1 0 0 0 0 1 0 0 0 0 1 -85.75872022286245 6 0.08333333333333333
0 0 0 1 1 1 0 0 0 0 1 0 1 0 0 0 0 0 0 1 0 1 0 0 0 0 1 0 1 0 0 0 0 0 0 1 0
 1 0 0 0 0 1 0 1 0 0 0 -79.75872022286245 1 0.0625
0 0 0 1 0 1 0 0 0 0 1 0 1 0 0 0 0 0 0 1 0 1 0 0 0 0 1 0 1 0 1 0 1 0 0 0 0
 1 0 0 0 0 1 0 0 0 0 1 -87.75872022286245 1 0.08333333333333333
0 0 0 1 0 1 0 0 0 0 1 0 1 0 0 0 0 0 0 1 0 1 0 0 0 0 1 0 1 0 0 0 1 0 1 0 0
 1 0 0 0 0 1 0 0 0 0 1 -87.75872022286245 1 0.08333333333333333
0 0 0 1 0 1 0 0 0 0 1 0 1 0 0 0 0 0 0 1 0 1 0 0 0 0 1 0 0 0 1 0 1 0 0 0 0
 1 0 0 0 0 1 0 0 0 0 1 -85.59644256269408 1 0.08333333333333333
0 0 0 1 0 1 0 0 0 0 1 0 1 0 0 0 1 0 0 1 0 1 0 0 0 0 1 0 0 0 0 0 1 0 0 0 0
 1 0 0 0 0 1 0 0 0 0 1 -85.59644256269408 1 0.10416666666666667
0 0 0 1 0 1 0 0 0 0 1 0 1 0 0 0 1 0 0 1 0 1 0 0 0 0 1 0 0 0 1 0 1 0 0 0 0
 1 0 0 0 0 1 0 0 0 0 1 -85.75872022286245 1 0.0625
0 0 0 1 0 1 0 0 0 0 1 0 1 0 0 0 0 0 0 1 0 1 0 0 0 0 1 0 1 0 0 0 0 0 1 0 0
 1 0 0 0 0 1 0 1 0 0 1 -85.75872022286245 4 0.0625
0 0 0 1 0 1 0 0 0 0 1 0 1 0 0 0 0 0 0 1 0 1 0 0 0 0 1 0 1 0 0 0 1 0 0 0 0
 1 1 0 0 0 1 0 0 0 0 1 -85.75872022286245 1 0.0625
0 0 0 1 0 1 0 0 0 0 1 0 1 0 0 0 0 0 0 1 0 1 0 0 0 0 1 0 1 0 0 0 1 0 0 0 0
 1 0 1 0 0 1 0 0 0 0 1 -85.75872022286245 1 0.0625
0 0 0 1 1 1 0 0 0 0 1 0 1 0 0 0 0 0 0 1 0 1 0 0 0 0 1 0 1 0 0 0 1 0 0 0 0
 1 0 0 0 0 1 0 0 0 0 1 -85.75872022286245 1 0.10416666666666667
0 0 0 1 0 1 0 0 0 0 1 0 1 0 0 0 0 0 0 1 1 1 0 0 0 0 1 0 1 0 1 0 1 0 0 0 0
 1 0 0 0 0 1 0 0 0 0 1 -80.92099788303084 1 0.08333333333333333
0 0 0 1 0 1 0 0 0 0 1 0 1 0 0 0 0 0 0 1 0 1 0 0 0 0 1 0 1 0 0 0 0 0 0 0 0
 1 0 0 0 0 1 0 1 0 0 1 -85.59644256269408 1 0.0625
0 0 0 1 0 1 0 0 0 0 1 0 1 0 0 0 0 0 0 1 0 1 0 0 0 0 1 0 1 0 0 0 0 0 1 0 0
 1 0 0 0 0 1 0 0 0 0 1 -85.59644256269407 2 0.0625
0 0 0 1 0 1 0 0 0 0 1 0 1 0 0 0 0 0 0 1 1 1 0 0 0 0 1 0 1 0 0 0 1 0 0 0 0
 1 0 0 0 0 1 0 0 0 0 1 -85.75872022286245 1 0.10416666666666667
0 0 0 1 1 1 0 0 0 0 1 0 1 0 0 0 1 0 0 1 0 1 0 0 0 0 1 0 0 0 1 0 1 0 0 0 0
 1 0 0 0 0 1 0 0 0 0 1 -78.92099788303084 2 0.08333333333333333
0 0 0 1 0 1 0 0 0 0 1 0 1 0 0 0 1 0 0 1 0 1 0 0 0 0 1 0 0 0 1 0 1 0 0 0 0
 1 0 0 0 0 1 0 0 0 0 1 -85.75872022286245 1 0.0625
0 0 0 1 0 1 0 0 0 0 1 0 1 0 0 0 0 0 0 1 0 1 0 0 0 0 1 0 1 0 0 0 1 0 1 0 0
 1 0 0 0 0 1 0 0 0 0 1 -87.75872022286245 1 0.08333333333333333
0 0 0 1 0 1 0 0 0 0 1 0 1 0 0 0 0 0 0 1 0 1 0 0 0 0 1 0 1 0 1 0 1 0 0 0 0
 1 0 0 0 0 1 0 0 0 0 1 -87.75872022286245 1 0.08333333333333333
0 0 0 1 0 1 0 0 0 0 1 0 1 0 0 0 1 0 0 1 0 1 0 0 0 0 1 0 0 0 1 0 1 0 0 0 0
 1 0 0 0 0 1 0 0 0 0 1 -85.75872022286245 1 0.10416666666666667
0 0 0 1 0 1 0 0 0 0 1 0 1 0 0 0 1 0 0 0 0 1 0 0 0 0 0 1 0 0 1 0 1 0 0 0 0
 1 0 0 0 0 1 0 0 0 0 1 -86.59644256269408 2 0.041666666666666664
0 0 0 1 0 1 0 0 0 0 1 0 1 0 0 0 0 0 0 1 0 1 0 0 0 0 1 0 1 0 0 0 0 0 1 0 0
 1 0 0 0 0 1 0 0 0 0 1 -85.59644256269408 1 0.08333333333333333
0 0 0 1 1 1 0 0 0 0 1 0 1 0 0 0 1 0 0 1 0 1 0 0 0 0 1 0 0 0 1 0 1 0 0 0 0
 1 0 0 0 0 1 0 0 0 0 1 -78.92099788303084 1 0.0625
0 0 0 1 1 1 0 0 0 0 1 0 1 0 0 0 0 1 0 1 0 1 0 0 0 0 1 0 1 0 0 0 1 0 0 0 0
 1 0 0 0 0 1 0 0 0 0 1 -78.92099788303084 1 0.0625
0 0 0 1 1 1 0 0 0 0 1 0 1 0 0 0 0 0 0 1 0 1 0 0 0 0 1 0 1 0 0 0 1 0 0 0 0
 1 0 1 0 0 1 0 0 0 0 1 -80.92099788303084 1 0.0625
0 0 0 1 0 1 0 0 0 0 1 0 1 0 0 0 1 0 0 1 0 1 0 0 0 0 1 0 0 0 1 0 1 0 0 0 0
 1 0 0 0 0 1 0 0 0 0 1 -85.75872022286245 2 0.08333333333333333
0 0 0 1 0 1 0 0 0 0 1 0 1 0 0 0 0 0 0 1 0 1 0 0 0 0 1 0 1 0 1 0 1 0 0 0 0
 1 0 0 0 0 1 0 0 0 0 1 -87.75872022286245 1 0.0625
0 0 0 1 0 1 0 0 0 0 1 0 1 0 0 0 0 0 0 1 0 1 0 0 0 0 1 0 1 0 1 0 1 0 0 0 0
 1 0 0 0 0 1 0 0 0 0 1 -87.75872022286245 2 0.0625
0 0 0 1 0 1 0 0 0 0 1 0 1 0 0 0 0 0 0 1 0 1 0 0 0 0 1 0 1 0 1 0 1 0 0 0 0
 1 0 0 0 0 1 0 0 0 0 1 -87.75872022286245 1 0.08333333333333333
0 0 0 1 0 1 0 0 0 0 1 0 1 0 0 0 1 0 0 1 0 1 0 0 0 0 1 0 0 0 1 0 1 0 0 0 0
 1 0 0 0 0 1 0 0 0 0 1 -85.75872022286245 1 0.0625
0 0 0 1 0 1 0 0 0 0 1 0 1 0 0 0 0 1 0 1 0 1 0 0 0 0 1 0 1 0 0 0 1 0 0 0 0
 1 0 0 0 0 1 0 0 0 0 1 -85.75872022286245 1 0.0625
0 0 0 1 0 1 0 0 0 0 1 0 1 0 0 0 0 0 0 1 0 1 0 0 0 0 1 0 1 0 1 0 1 0 0 0 0
 1 0 0 0 0 1 0 0 0 0 1 -87.75872022286245 2 0.08333333333333333
0 0 0 1 0 1 0 0 0 0 1 0 1 0 0 0 0 0 0 1 0 1 0 0 0 0 1 0 1 0 0 0 1 0 0 0 0
 1 0 0 1 0 1 0 0 0 0 1 -85.75872022286245 1 0.08333333333333333
0 0 0 1 0 1 0 0 0 0 1 0 1 0 0 0 0 0 0 1 0 1 0 0 0 0 1 0 1 0 0 0 1 0 1 0 0
 1 0 0 0 0 1 0 0 0 0 1 -87.75872022286245 1 0.08333333333333333
0 0 0 1 0 1 0 0 0 0 1 0 1 0 0 0 0 0 0 1 0 1 0 0 0 0 1 0 1 0 0 0 0 0 1 0 0
 1 0 0 0 0 1 0 0 0 0 1 -85.59644256269408 1 0.0625
0 0 0 1 0 1 0 0 0 0 1 0 1 0 0 0 0 0 0 1 0 1 0 0 0 0 1 0 1 0 0 0 0 0 1 0 0
 1 0 0 1 0 0 0 0 0 0 1 -86.59644256269408 2 0.0625
0 0 0 1 0 1 0 0 0 0 1 0 1 0 0 0 1 0 0 1 0 1 0 0 0 0 1 0 0 0 1 0 1 0 0 0 0
 1 0 0 0 0 1 0 0 0 0 1 -85.75872022286245 1 0.0625
0 0 0 1 0 1 0 0 0 0 1 0 1 0 0 0 1 0 0 1 0 1 0 0 0 0 1 0 0 0 1 0 1 0 0 0 0
 1 0 0 0 0 1 0 0 0 0 1 -85.75872022286245 1 0.10416666666666667
0 0 0 1 0 1 0 0 0 0 1 0 1 0 0 0 0 0 0 1 0 1 0 0 0 0 1 0 1 0 0 0 0 0 1 0 0
 1 0 0 0 0 1 0 1 0 0 1 -85.75872022286245 1 0.0625
0 0 0 1 0 1 0 0 0 0 1 0 1 0 0 0 1 0 0 1 0 1 0 0 0 0 1 0 0 0 0 0 1 0 1 0 0
 1 0 0 0 0 1 0 0 0 0 1 -80.75872022286245 1 0.0625
0 0 0 1 0 1 0 0 0 0 1 0 1 0 0 0 0 0 0 1 0 1 0 0 0 0 1 0 1 0 0 0 1 0 0 0 0
 1 0 0 0 0 1 0 0 0 1 1 -85.75872022286245 1 0.08333333333333333
0 0 0 1 0 1 0 0 0 0 1 0 1 0 0 0 1 0 0 1 0 1 0 0 0 0 1 0 0 0 1 0 1 0 0 0 0
 1 0 0 0 0 1 0 0 0 0 1 -85.75872022286245 1 0.0625
0 0 0 1 0 1 0 0 0 0 1 0 1 0 0 0 0 0 0 1 0 1 0 0 0 0 1 0 1 0 1 0 1 0 0 0 0
 1 0 0 0 0 1 0 0 0 0 1 -87.75872022286245 2 0.08333333333333333
0 0 0 1 0 1 0 0 0 0 1 0 1 0 0 0 0 0 0 1 0 1 0 0 0 0 1 0 1 0 1 0 1 0 0 0 0
 1 0 0 0 0 1 0 0 0 0 1 -87.75872022286245 1 0.10416666666666667
0 0 0 1 0 1 0 0 0 0 1 1 1 0 0 0 0 0 0 1 0 1 0 0 0 0 1 0 1 0 0 0 1 0 0 0 0
 1 0 0 0 0 1 0 0 0 0 1 -85.75872022286245 1 0.10416666666666667
0 0 0 1 0 1 0 0 0 0 1 0 1 0 0 0 0 0 0 1 0 1 0 0 0 0 1 0 1 0 0 0 0 0 1 0 0
 1 0 0 1 0 0 0 0 0 0 1 -86.59644256269408 2 0.08333333333333333
0 0 0 1 0 1 0 0 0 0 1 0 1 0 0 0 0 0 0 1 0 1 0 0 0 0 1 0 1 0 1 0 1 0 0 0 0
 1 0 0 0 0 1 0 0 0 0 1 -87.75872022286245 1 0.08333333333333333
0 0 0 1 0 1 0 0 0 0 1 0 1 0 0 0 0 0 0 1 0 1 0 0 0 0 1 0 1 0 0 0 1 0 0 0 0
 1 0 0 0 0 1 1 1 0 0 0 -85.75872022286245 1 0.08333333333333333
0 0 0 1 0 1 0 0 0 0 1 0 1 0 0 0 0 0 0 1 0 1 0 0 0 0 0 1 1 0 1 0 1 0 0 0 0
 1 0 0 0 0 1 0 0 0 0 1 -85.75872022286245 1 0.041666666666666664
0 0 0 1 0 1 0 0 0 0 1 0 1 0 0 0 0 0 0 1 0 1 0 0 0 0 1 0 1 0 0 0 1 0 0 0 0
 1 0 0 0 0 1 0 0 1 0 1 -85.75872022286245 1 0.041666666666666664
0 0 0 1 0 1 0 0 0 0 1 0 1 0 0 0 1 0 0 1 0 1 0 0 0 0 1 0 0 0 0 0 1 0 0 0 0
 1 0 0 0 0 1 0 0 0 0 1 -85.59644256269408 1 0.10416666666666667
0 0 0 1 0 1 0 0 0 0 1 0 1 0 0 0 1 0 0 1 0 1 0 0 0 0 1 0 0 0 1 0 1 0 0 0 0
 1 0 0 0 0 1 0 0 0 0 1 -85.75872022286245 1 0.08333333333333333
0 0 0 1 1 1 0 0 0 0 1 0 1 0 0 0 0 0 0 1 0 1 0 0 0 0 1 0 1 0 1 0 1 0 0 0 0
 1 0 0 0 0 1 0 0 0 0 1 -80.92099788303084 1 0.08333333333333333
0 0 0 1 0 1 0 0 0 0 1 0 1 0 0 0 0 0 0 1 0 1 0 0 0 0 1 0 1 0 0 0 1 0 0 0 0
 1 0 0 0 0 1 0 0 0 0 1 -92.59644256269408 1 0.08333333333333333
0 0 0 1 0 1 0 0 0 0 1 0 1 0 0 0 1 0 0 1 0 1 0 0 0 0 1 0 0 0 1 0 1 0 0 0 0
 1 0 0 0 0 1 0 0 0 0 1 -85.75872022286245 2 0.10416666666666667
0 0 0 1 0 1 0 0 0 0 1 0 1 0 0 0 0 0 0 1 0 1 0 0 0 0 1 0 1 0 0 0 1 0 1 0 0
 1 0 0 0 0 1 0 0 0 0 1 -87.75872022286245 1 0.08333333333333333
0 0 0 1 0 1 0 0 0 0 1 0 1 0 0 0 0 0 0 1 0 1 0 0 0 0 1 0 1 0 0 0 0 0 0 1 0
 1 0 0 0 0 1 0 1 0 0 1 -83.75872022286245 1 0.08333333333333333
0 0 0 1 0 1 0 0 0 0 1 0 1 0 0 0 0 0 0 1 0 1 0 0 0 0 1 0 1 0 0 0 0 0 1 0 0
 1 0 0 0 0 1 0 0 0 0 1 -85.59644256269408 1 0.08333333333333333
0 0 0 1 0 1 0 0 0 0 1 0 1 0 0 0 0 0 0 1 0 1 0 0 0 0 1 0 1 0 0 0 0 0 1 0 0
 1 0 0 1 0 1 0 0 0 0 1 -83.75872022286245 1 0.0625
0 0 0 1 0 1 0 0 0 0 1 0 1 0 0 0 0 0 0 1 0 1 0 0 0 0 1 0 1 0 1 0 1 0 0 0 0
 1 0 0 0 0 1 0 0 0 0 1 -87.75872022286245 1 0.08333333333333333
0 0 0 1 0 1 0 0 0 0 1 0 1 0 0 0 1 0 0 1 0 1 0 0 0 0 1 0 0 0 1 0 1 0 0 0 0
 1 0 0 0 0 1 0 0 0 0 1 -85.75872022286245 1 0.08333333333333333
0 0 0 1 1 1 0 0 0 0 1 0 1 0 0 0 0 0 0 1 0 1 0 0 0 0 1 0 1 0 0 0 1 0 1 0 0
 1 0 0 0 0 1 0 0 0 0 1 -80.92099788303084 1 0.08333333333333333
0 0 0 1 0 1 0 0 0 0 1 0 1 0 0 0 0 0 0 1 0 1 0 0 0 0 1 0 1 0 0 0 1 0 0 0 0
 1 0 0 0 0 1 0 1 0 0 0 -85.59644256269408 1 0.08333333333333333
0 0 0 1 0 1 0 0 0 0 1 0 1 0 0 0 0 0 0 1 0 1 0 0 0 0 1 0 1 0 1 0 1 0 0 0 0
 1 0 0 0 0 1 0 0 0 0 1 -87.75872022286245 1 0.08333333333333333
0 0 0 1 0 1 0 0 0 0 1 0 1 0 0 0 0 0 0 1 0 1 0 0 0 0 1 0 1 0 0 0 1 0 0 0 0
 1 0 0 0 0 1 0 1 0 0 1 -87.75872022286245 1 0.08333333333333333
0 0 0 1 0 1 0 0 0 0 1 0 1 0 0 0 1 0 0 1 0 1 0 0 0 0 1 0 0 0 1 0 1 0 0 0 0
 1 0 0 0 0 1 0 0 0 0 1 -85.75872022286245 1 0.10416666666666667
0 0 0 1 0 1 0 0 0 0 1 0 1 0 0 0 1 0 0 1 0 1 0 0 0 0 1 0 0 0 1 0 1 0 0 0 0
 1 0 0 0 0 1 0 0 0 0 1 -85.75872022286245 1 0.08333333333333333
0 0 0 1 0 1 0 0 0 0 1 0 1 0 0 0 1 0 0 1 0 1 0 0 0 0 1 0 0 0 1 0 1 0 0 0 0
 1 0 0 0 0 1 0 0 0 0 1 -85.75872022286245 1 0.08333333333333333
0 0 0 1 0 1 0 0 0 0 1 0 1 0 0 0 0 0 0 1 0 1 0 0 0 0 1 0 1 0 0 0 1 0 0 0 0
 1 0 0 0 1 1 0 0 0 0 1 -85.75872022286245 1 0.10416666666666667
0 0 0 1 0 1 0 0 0 0 1 0 1 0 0 0 0 0 0 1 0 1 0 0 0 0 1 0 1 0 1 0 1 0 0 0 0
 1 1 0 0 0 1 0 0 0 0 1 -80.92099788303084 2 0.08333333333333333
0 0 0 1 1 1 0 0 0 0 1 0 1 0 0 0 0 0 0 1 0 1 0 0 0 0 1 0 1 0 1 0 1 0 0 0 0
 1 0 0 0 0 1 0 0 0 0 1 -80.92099788303084 1 0.08333333333333333
0 1 0 1 0 1 0 0 0 0 1 0 1 0 0 0 1 0 0 1 0 1 0 0 0 0 1 0 0 0 1 0 1 0 0 0 0
 1 0 0 0 0 1 0 0 0 0 1 -78.92099788303084 1 0.0625
0 0 0 1 0 1 0 0 0 0 1 0 1 0 0 0 1 0 0 1 0 1 0 0 0 0 0 0 0 0 1 0 1 0 0 0 0
 1 0 0 0 0 1 0 0 0 0 1 -83.59644256269408 1 0.0625
0 0 0 1 0 1 0 0 0 0 1 0 1 0 0 0 1 0 0 1 0 1 0 0 0 0 1 0 0 0 1 0 1 0 0 0 0
 1 0 0 0 0 1 0 0 0 0 1 -85.75872022286245 1 0.10416666666666667
0 0 0 1 0 1 0 0 0 0 1 0 1 0 0 0 0 0 0 1 0 1 0 0 0 0 1 0 1 0 1 0 1 0 1 0 0
 1 0 0 0 0 1 0 0 0 0 1 -82.92099788303084 1 0.0625
0 0 0 1 0 1 0 0 0 0 1 0 1 0 0 0 0 0 0 1 0 1 0 0 0 0 1 0 1 0 1 0 1 0 0 0 0
 1 0 0 0 0 1 0 1 0 0 1 -82.92099788303084 1 0.0625
0 0 0 1 0 1 0 0 0 0 1 0 1 0 0 0 1 0 0 1 0 1 0 0 0 0 1 0 0 0 1 0 1 0 0 0 0
 1 0 0 0 0 1 0 0 0 0 1 -85.75872022286245 1 0.10416666666666667
0 0 0 1 0 1 0 0 0 0 1 0 1 0 0 0 0 0 0 1 0 1 0 0 0 0 1 0 1 0 0 0 1 0 0 1 0
 1 0 0 0 0 1 0 0 0 0 1 -85.75872022286245 1 0.10416666666666667
0 0 0 1 0 1 0 0 0 0 1 0 1 0 0 0 0 0 0 1 0 1 0 0 0 0 1 0 1 0 0 0 0 0 1 0 0
 1 0 0 0 0 1 0 1 0 0 1 -85.75872022286245 1 0.08333333333333333
0 0 0 1 0 1 0 0 0 0 1 0 1 0 0 0 0 1 0 1 0 1 0 0 0 0 1 0 1 0 0 0 1 0 0 0 0
 1 0 0 0 0 1 0 0 0 0 1 -85.75872022286245 1 0.08333333333333333
0 0 0 1 0 1 0 0 0 0 1 0 1 0 0 0 1 0 0 0 0 1 0 0 0 0 1 1 0 0 1 0 1 0 0 0 0
 1 0 0 0 0 1 0 0 0 0 1 -83.75872022286245 1 0.041666666666666664
0 0 0 1 0 1 0 0 0 0 1 0 1 0 0 0 1 0 0 1 0 1 0 0 0 0 1 0 0 0 1 0 1 0 0 0 0
 1 0 0 0 0 1 0 0 0 0 1 -85.75872022286245 1 0.08333333333333333
0 0 0 1 0 1 0 0 0 0 1 0 1 0 0 0 1 0 0 1 0 1 0 0 0 0 1 0 0 0 1 0 1 0 0 0 0
 1 0 0 0 0 1 0 0 0 0 1 -85.75872022286245 1 0.10416666666666667
0 0 0 1 1 1 0 0 0 0 1 0 1 0 0 0 0 0 0 1 0 1 0 0 0 0 1 0 1 0 0 0 0 0 1 0 0
 1 0 0 0 0 1 0 1 0 0 1 -78.92099788303084 1 0.08333333333333333
0 0 0 1 0 1 0 0 0 0 1 0 1 0 0 0 0 0 0 0 0 1 0 0 0 0 1 0 1 0 0 0 1 0 0 0 0
 1 0 0 0 0 1 0 0 0 0 1 -85.4341649025257 1 0.08333333333333333
0 0 0 1 0 1 0 0 0 0 1 0 1 0 0 0 1 0 0 1 0 1 0 0 0 0 0 1 0 0 1 0 1 0 0 0 0
 1 0 0 0 0 1 0 0 0 0 1 -83.75872022286245 1 0.0625
0 0 0 1 0 1 0 0 0 0 1 0 1 0 0 0 1 0 0 0 0 1 0 0 0 0 1 1 0 0 1 0 1 0 0 0 0
 1 0 0 0 0 1 0 0 0 0 1 -83.75872022286245 1 0.0625
0 0 0 1 0 1 0 0 0 0 1 0 1 0 0 0 0 0 0 1 0 1 0 0 0 0 1 0 1 0 0 0 0 0 1 0 0
 1 0 0 0 0 1 0 1 0 0 1 -85.75872022286245 1 0.08333333333333333
0 0 0 1 1 1 0 0 0 0 1 0 1 0 0 0 0 0 0 1 0 1 0 0 0 0 1 0 1 0 0 0 1 0 0 0 0
 1 0 0 0 0 1 1 0 0 0 1 -80.92099788303084 1 0.10416666666666667
0 0 0 1 0 1 0 0 0 0 1 0 1 0 0 0 0 0 0 1 0 1 0 0 0 0 1 0 1 0 0 0 1 0 0 0 0
 1 0 0 0 0 1 1 0 1 0 0 -83.75872022286245 1 0.08333333333333333
0 0 0 1 0 1 0 0 0 0 1 0 1 0 0 0 0 1 0 0 0 1 0 0 0 0 1 1 1 0 0 0 1 0 0 0 0
 1 0 0 0 0 1 0 0 0 0 1 -83.75872022286245 2 0.041666666666666664
0 0 0 1 1 1 0 0 0 0 1 0 1 0 0 0 0 0 0 1 0 1 0 0 0 0 1 0 1 0 1 0 1 0 1 0 0
 1 0 0 0 0 1 0 0 0 0 1 -76.08327554319919 2 0.0625
0 0 0 1 0 1 0 0 0 0 1 0 1 0 0 0 1 0 0 0 0 1 0 0 0 0 1 1 0 0 1 0 1 0 0 0 0
 1 0 0 0 0 1 0 0 0 0 1 -83.75872022286245 1 0.08333333333333333
0 0 0 1 0 1 0 0 0 0 1 0 1 0 0 1 0 0 0 1 0 1 0 0 0 0 1 0 1 0 0 0 0 0 0 1 0
 1 0 0 0 0 1 0 1 0 0 0 -81.75872022286245 1 0.041666666666666664
0 0 0 1 0 1 0 0 0 0 1 0 1 0 0 0 0 0 0 1 0 1 0 0 0 0 1 0 1 0 1 0 1 0 1 0 0
 1 0 0 0 0 1 0 0 0 0 1 -82.92099788303084 1 0.0625
0 0 0 1 0 1 0 0 0 0 1 0 1 0 0 0 1 0 0 1 0 1 0 0 0 0 1 0 0 0 1 0 1 0 0 0 0
 1 0 0 0 0 1 0 0 0 0 1 -85.75872022286245 1 0.10416666666666667
0 0 0 1 0 1 0 0 0 0 1 0 1 0 0 0 0 0 0 1 0 1 0 0 0 0 1 0 1 0 0 0 1 0 0 0 0
 0 0 0 0 0 1 0 0 1 0 1 -81.59644256269408 1 0.041666666666666664
0 0 0 1 0 1 0 0 0 0 1 0 1 0 0 0 0 0 0 1 0 1 0 0 0 0 1 0 1 0 0 0 1 0 0 0 0
 1 0 1 0 0 1 0 0 1 0 0 -81.75872022286245 1 0.0625
0 0 0 1 0 1 0 0 0 0 1 0 1 0 0 0 0 0 0 1 0 1 0 0 0 0 1 0 1 0 0 0 1 0 0 0 0
 0 1 0 0 1 0 0 0 0 0 1 -82.59644256269408 1 0.08333333333333333
0 0 0 1 1 1 0 0 0 0 1 0 1 0 0 0 1 0 0 1 0 1 0 0 0 0 0 1 0 0 1 0 1 0 0 0 0
 1 0 0 0 0 1 0 0 0 0 1 -76.92099788303084 1 0.0625
0 0 0 1 1 1 0 0 0 0 1 0 1 0 0 0 0 0 0 1 0 1 0 0 0 0 1 0 1 0 0 0 1 0 0 1 0
 1 0 0 0 0 1 0 0 0 0 0 -76.75872022286245 1 0.0625
0 0 0 1 0 1 0 0 0 0 1 0 1 0 0 0 0 0 0 1 0 1 0 0 0 0 1 0 1 0 0 0 1 0 0 0 0
 0 0 1 0 0 1 0 0 1 0 0 -82.59644256269408 1 0.0625
0 0 0 1 0 1 0 0 0 0 1 0 1 1 0 0 1 0 0 1 0 1 0 0 0 0 1 0 0 0 1 0 1 0 0 0 0
 1 0 0 0 0 1 0 0 0 0 1 -78.92099788303084 1 0.10416666666666667
0 0 0 1 1 1 0 0 0 0 1 0 1 0 0 0 0 0 0 1 0 1 0 0 0 0 1 0 1 0 0 0 0 0 1 0 0
 1 0 0 0 0 0 1 1 0 0 1 -76.92099788303084 1 0.041666666666666664
0 0 0 1 1 1 0 0 0 0 1 0 1 0 0 0 0 1 0 0 0 1 0 0 0 0 1 1 1 0 0 0 1 0 0 0 0
 1 0 0 0 0 1 0 0 0 0 1 -76.92099788303084 1 0.041666666666666664
0 0 0 1 0 1 0 0 0 0 1 0 1 0 0 0 1 0 0 1 0 1 0 0 0 0 1 0 0 0 1 0 1 0 0 0 0
 1 0 0 0 0 1 0 0 0 0 1 -85.75872022286245 1 0.08333333333333333
0 0 0 1 0 1 0 0 0 0 1 0 1 0 0 0 0 0 0 1 0 1 0 0 0 0 1 0 1 0 0 0 1 0 0 0 0
 0 1 0 0 1 0 0 0 0 0 1 -82.59644256269408 1 0.0625
0 0 0 1 1 1 0 0 0 0 1 0 1 0 0 0 0 0 0 1 1 1 0 0 0 0 1 0 1 0 0 0 1 0 1 0 0
 1 0 0 0 0 1 0 0 0 0 1 -76.0832755431992 1 0.10416666666666667
0 0 0 1 0 1 0 0 0 0 1 0 1 0 0 0 1 0 0 1 0 1 0 0 0 0 1 0 0 0 1 0 1 0 0 0 0
 1 0 0 0 0 1 0 0 0 0 1 -85.75872022286245 1 0.10416666666666667
0 0 1 1 0 1 0 0 0 0 0 1 1 0 0 0 0 0 0 1 0 1 0 0 0 0 1 0 1 0 0 0 1 0 0 0 0
 1 0 0 0 0 1 0 0 0 0 1 -79.75872022286245 1 0.0625
0 0 0 1 0 1 0 0 0 0 1 0 1 0 0 0 0 0 0 1 0 1 0 0 0 0 1 0 1 0 1 0 1 0 0 0 0
 1 0 0 0 0 1 0 0 0 0 1 -87.75872022286245 1 0.10416666666666667
0 0 0 1 1 1 0 0 0 0 1 0 1 0 0 0 0 0 0 1 0 1 0 0 0 0 1 0 1 0 0 0 0 0 1 0 0
 1 0 0 0 0 1 0 1 0 0 1 -78.92099788303084 1 0.10416666666666667
0 0 0 1 1 1 0 0 0 0 1 0 1 0 0 0 0 1 0 0 0 1 0 0 0 0 1 1 1 0 0 0 1 0 0 0 0
 1 0 0 0 0 1 0 0 0 0 1 -76.92099788303084 1 0.0625
0 0 0 1 0 1 0 0 0 0 1 0 1 0 0 0 0 0 0 1 0 1 0 0 0 0 1 0 1 0 1 0 1 0 0 0 0
 1 0 0 0 0 1 0 0 0 0 1 -87.75872022286245 1 0.10416666666666667
0 0 0 1 0 1 0 0 0 0 1 0 1 0 0 0 0 0 0 1 0 1 0 0 0 0 1 0 1 0 0 0 0 0 1 0 0
 1 0 0 1 0 0 0 0 0 0 1 -86.59644256269408 1 0.041666666666666664
0 0 0 1 0 1 0 0 0 0 1 0 1 0 0 0 0 0 0 1 0 1 0 0 0 0 1 0 1 0 0 0 0 0 1 0 0
 1 0 0 0 0 1 0 1 0 0 0 -83.59644256269408 1 0.08333333333333333
0 0 0 1 0 1 0 0 0 0 1 0 1 0 0 0 0 0 0 1 0 1 0 0 0 0 1 0 1 0 0 0 0 0 1 0 0
 1 0 1 0 0 1 0 1 0 0 0 -81.75872022286245 1 0.08333333333333333
0 0 0 1 0 1 0 0 0 0 1 0 1 0 0 0 1 0 0 1 0 1 0 0 0 0 1 0 0 0 1 0 1 0 1 0 0
 1 0 0 0 0 1 0 0 0 0 1 -80.92099788303082 1 0.0625
0 0 0 1 0 1 0 0 0 0 1 0 1 0 0 0 0 0 0 1 0 1 0 0 0 0 1 0 1 0 1 0 0 0 1 0 0
 1 0 0 0 0 1 0 1 0 0 1 -80.92099788303082 2 0.0625
0 0 0 1 0 1 0 0 0 0 1 0 1 0 0 0 0 0 0 1 0 1 0 0 0 0 1 0 1 0 0 0 1 0 0 0 0
 1 0 0 0 0 1 0 0 0 0 1 -92.59644256269408 1 0.10416666666666667
0 0 0 1 1 1 0 0 0 0 1 0 1 0 0 0 0 0 0 1 1 1 0 0 0 0 1 0 0 0 1 0 1 0 0 0 0
 1 0 0 0 0 1 0 0 0 0 1 -78.92099788303084 1 0.08333333333333333
0 0 0 1 0 1 0 0 0 0 1 0 1 0 0 0 0 0 0 1 0 1 0 0 0 0 1 0 1 0 0 0 0 0 0 1 0
 1 0 0 0 0 1 0 1 0 0 1 -83.75872022286245 1 0.10416666666666667
0 0 0 1 0 1 0 0 0 0 1 0 1 0 0 0 0 0 0 1 0 1 0 0 0 0 1 0 1 0 0 0 0 0 1 0 0
 1 0 0 0 0 1 0 1 0 0 0 -83.59644256269408 1 0.10416666666666667
0 0 0 1 1 1 0 0 0 0 1 0 1 0 0 0 1 0 0 1 0 1 0 0 0 0 1 0 0 0 1 0 1 0 0 0 0
 1 1 0 0 0 1 0 0 0 0 1 -72.0832755431992 1 0.10416666666666667
0 0 0 1 1 1 0 0 0 0 1 0 1 0 0 0 1 0 0 1 0 1 0 0 0 0 1 0 0 0 1 0 1 0 0 0 0
 1 0 0 0 0 1 0 0 0 0 1 -78.92099788303084 1 0.10416666666666667
0 0 0 1 0 1 0 0 0 0 1 1 1 0 0 0 1 0 0 1 0 1 0 0 0 0 1 0 0 0 1 0 1 0 0 0 0
 1 0 0 0 0 1 0 0 0 0 1 -78.92099788303084 1 0.08333333333333333
0 0 0 1 0 1 0 0 0 0 1 0 1 0 0 0 0 0 0 1 0 1 0 0 0 0 1 0 1 0 0 0 1 0 0 0 0
 1 0 0 0 0 1 0 0 0 1 1 -85.75872022286245 1 0.10416666666666667
0 0 0 1 0 1 0 0 0 0 1 0 1 0 0 0 0 0 0 1 0 1 0 0 0 0 1 0 1 0 0 0 0 0 1 0 0
 1 0 1 0 0 1 0 1 0 0 0 -81.75872022286245 1 0.0625
0 0 0 1 0 1 0 0 0 0 1 0 1 0 0 0 0 0 0 1 0 1 0 0 0 0 1 0 1 0 1 0 0 0 1 0 0
 1 0 0 0 0 1 0 1 0 0 1 -80.92099788303084 1 0.020833333333333332
0 0 0 1 1 1 0 0 0 0 1 0 1 0 0 0 1 0 0 1 0 1 0 0 0 0 1 0 0 0 1 0 1 0 1 0 0
 1 0 0 0 0 1 0 0 0 0 1 -74.0832755431992 1 0.08333333333333333
0 0 0 1 0 1 0 0 0 0 1 0 1 0 0 0 0 0 0 1 0 1 0 0 0 0 1 0 1 0 1 0 1 0 0 0 0
 1 0 0 0 0 1 0 0 0 0 1 -87.75872022286245 1 0.0625
0 0 0 1 0 1 0 0 0 0 1 0 1 0 0 0 1 0 0 1 0 1 0 0 0 0 1 0 0 0 1 0 1 0 0 0 0
 1 0 0 0 0 1 0 0 0 0 1 -85.75872022286245 1 0.08333333333333333
0 0 0 1 0 1 0 0 0 0 1 0 1 0 0 0 0 0 0 1 0 1 0 0 0 0 1 0 1 0 1 0 1 0 1 0 0
 1 0 0 0 0 1 0 0 0 0 1 -82.92099788303084 1 0.10416666666666667
0 0 0 1 0 1 0 0 0 0 1 0 1 0 0 0 0 0 0 1 0 1 0 0 0 0 1 0 1 0 0 0 0 0 1 0 0
 1 0 0 0 0 1 0 1 0 0 0 -83.59644256269408 1 0.08333333333333333
0 0 0 1 0 1 0 0 0 0 1 0 1 0 0 0 0 0 0 1 0 1 0 0 0 0 1 0 1 0 1 0 0 0 1 0 0
 1 0 0 1 0 0 0 0 0 0 1 -81.75872022286245 1 0.041666666666666664
0 0 0 1 1 1 0 0 0 0 1 0 1 0 0 0 0 0 0 1 0 1 0 0 0 0 1 0 1 0 1 0 0 0 1 0 0
 1 0 0 0 0 1 0 1 0 0 1 -74.0832755431992 1 0.0625
0 0 0 1 0 1 0 0 0 0 1 0 0 0 0 0 1 0 0 1 0 1 0 0 0 0 0 0 0 0 1 0 1 0 0 0 0
 1 0 0 0 0 1 0 0 0 0 1 -76.4341649025257 1 0.10416666666666667
0 0 0 1 0 1 0 0 0 0 1 0 1 0 0 0 0 0 0 1 0 1 0 0 0 0 1 0 1 0 0 0 1 0 0 0 0
 0 1 0 0 1 0 0 0 0 0 1 -82.59644256269408 1 0.041666666666666664
0 0 0 1 0 1 0 0 0 0 1 0 1 0 0 0 0 0 0 1 0 1 0 0 0 0 1 0 1 0 0 0 0 0 1 0 0
 1 0 0 0 0 1 1 1 0 0 0 -83.75872022286245 2 0.10416666666666667
0 0 0 1 1 1 0 0 0 0 1 0 1 0 0 0 0 0 0 1 0 1 0 0 0 0 1 0 1 0 1 0 0 0 1 0 0
 1 0 0 0 0 1 0 0 0 0 1 -73.92099788303084 1 0.0625
0 0 0 1 0 1 0 0 0 0 1 0 1 1 0 0 0 0 0 1 0 1 0 0 0 0 1 0 1 0 0 0 1 0 0 0 0
 1 0 0 0 0 1 0 0 1 0 1 -80.92099788303084 1 0.10416666666666667
0 0 0 1 0 1 0 0 0 0 1 0 1 0 0 0 0 0 0 1 0 1 0 0 0 0 1 0 1 0 0 0 0 0 1 0 0
 1 0 0 0 1 0 0 1 0 0 1 -81.75872022286245 1 0.0625
0 0 0 1 0 1 0 0 0 0 1 0 1 0 0 0 0 0 0 1 0 1 0 0 0 0 1 1 1 0 0 0 1 0 1 0 0
 1 0 0 0 0 1 0 0 0 0 1 -82.92099788303084 1 0.0625
0 0 0 1 1 1 0 0 0 0 1 0 1 0 0 0 0 0 0 1 0 1 0 0 0 0 1 0 1 0 1 0 1 0 0 0 0
 1 0 0 0 0 1 0 0 0 0 1 -80.92099788303082 1 0.10416666666666667
0 0 0 1 0 1 0 0 0 0 1 0 1 0 0 0 0 0 0 1 0 1 0 0 0 0 1 0 1 0 0 0 1 0 0 0 0
 1 0 1 0 0 1 0 1 0 0 0 -83.75872022286245 1 0.10416666666666667
0 0 0 1 0 1 0 0 0 0 1 0 1 0 0 0 1 0 0 0 0 1 0 0 0 0 1 1 0 0 1 0 1 0 0 0 0
 1 0 0 0 0 1 0 0 0 0 1 -83.75872022286245 1 0.0625
0 0 0 1 0 1 0 0 0 0 1 0 1 0 0 0 0 0 0 1 0 1 0 0 0 0 1 0 1 0 0 0 0 0 1 0 0
 1 0 0 0 0 1 0 0 0 0 1 -85.59644256269408 1 0.10416666666666667
0 0 0 1 0 1 0 0 0 0 1 0 1 0 0 0 0 0 0 1 0 1 0 0 0 0 1 0 1 0 0 0 1 0 0 0 0
 1 0 1 0 0 1 0 0 0 1 0 -81.75872022286245 1 0.0625
0 0 0 1 0 1 0 0 0 0 1 0 1 0 0 0 1 0 0 1 0 1 0 0 0 0 1 0 0 0 1 0 1 0 0 0 0
 1 1 0 0 0 1 0 0 0 0 1 -78.92099788303084 1 0.125
0 0 1 0 0 1 0 0 0 0 0 1 1 0 0 0 0 0 0 1 0 1 0 0 0 0 1 0 1 0 0 0 0 0 1 0 0
 1 0 0 1 0 0 0 0 0 0 1 -82.59644256269408 1 0.0625
1 0 0 0 0 1 0 0 0 0 1 0 0 0 0 1 1 0 0 1 0 1 0 0 0 0 1 0 0 0 0 0 0 0 0 1 0
 1 0 0 0 0 1 0 1 0 0 0 -75.59644256269407 1 0.041666666666666664
0 0 0 1 0 1 0 0 0 0 1 0 1 0 0 0 1 0 0 0 0 1 0 0 0 0 1 1 0 0 1 0 1 0 0 0 0
 1 0 0 0 0 1 0 0 0 0 1 -83.75872022286245 1 0.08333333333333333
0 0 0 1 0 1 0 0 0 0 1 1 1 0 0 0 0 0 0 1 0 1 0 0 0 0 1 0 1 0 0 0 0 0 1 0 0
 1 0 0 1 0 0 0 0 0 0 1 -81.75872022286245 1 0.10416666666666667
0 0 0 1 0 1 0 0 0 0 1 0 1 0 0 0 0 0 0 1 0 1 0 0 0 0 1 0 1 0 1 0 0 0 1 0 0
 1 0 0 1 0 0 0 0 0 0 1 -81.75872022286245 1 0.0625
0 0 0 1 0 1 0 0 0 0 1 0 1 0 0 0 0 1 0 1 0 1 0 0 0 0 1 0 1 0 0 0 1 0 0 0 0
 1 0 0 0 0 1 0 0 1 0 1 -78.92099788303084 1 0.041666666666666664
0 0 0 1 0 1 0 0 0 0 1 0 1 0 0 1 1 0 0 1 0 1 0 0 0 0 1 0 0 0 1 0 1 0 0 0 0
 1 0 0 0 0 1 0 0 0 0 1 -78.92099788303084 1 0.08333333333333333
0 0 0 1 0 1 0 0 0 0 1 0 1 0 0 0 0 0 0 1 0 1 0 0 0 0 1 0 1 0 0 0 0 0 1 0 0
 1 0 0 0 0 1 1 1 0 0 0 -83.75872022286245 1 0.10416666666666667
0 0 0 1 0 1 0 0 0 0 1 0 1 0 0 0 1 0 0 0 0 1 0 0 0 0 0 1 1 0 1 0 1 0 0 0 0
 1 0 0 0 0 1 0 0 0 0 1 -83.75872022286245 1 0.0625
0 0 0 1 0 1 0 0 0 0 1 0 1 0 0 0 0 0 0 1 0 1 0 0 0 0 1 0 1 0 1 0 1 0 1 0 0
 1 0 0 0 0 1 0 0 0 0 1 -82.92099788303084 1 0.08333333333333333
0 0 0 0 0 1 0 0 0 0 1 0 1 0 0 1 0 0 0 1 0 1 0 0 0 0 1 0 1 0 0 0 0 0 1 0 0
 1 0 0 0 0 1 0 1 0 0 1 -78.75872022286245 1 0.0625
0 0 1 0 0 1 0 0 0 0 0 1 1 0 0 0 1 0 0 0 0 1 0 0 0 0 0 1 0 0 1 0 1 0 0 0 0
 1 0 0 0 0 1 0 0 0 0 1 -80.59644256269407 1 0.041666666666666664
0 0 0 1 0 1 0 0 0 0 1 0 1 0 0 0 0 0 0 1 0 1 0 0 0 0 1 0 1 0 0 0 1 0 0 0 1
 0 0 0 0 0 1 0 0 1 0 1 -79.75872022286245 1 0.0625
0 0 0 1 0 1 0 0 0 0 1 0 1 0 0 0 0 0 0 1 0 1 0 0 0 0 1 0 1 0 1 0 0 0 1 0 0
 1 0 0 0 0 1 0 1 0 0 1 -80.92099788303084 1 0.08333333333333333
0 0 0 1 1 1 0 0 0 0 1 0 1 0 0 1 0 0 0 1 0 1 0 0 0 0 1 0 1 0 0 0 1 0 0 0 0
 1 1 0 0 0 1 0 0 0 0 1 -72.08327554319922 1 0.10416666666666667
0 0 0 1 0 1 0 0 0 0 1 0 1 0 0 0 0 0 0 1 0 1 0 0 0 0 1 0 1 0 0 0 1 0 0 0 0
 1 0 0 0 0 1 0 0 1 0 0 -83.59644256269408 1 0.10416666666666667
0 0 0 1 0 1 0 0 0 0 1 0 1 0 0 0 0 0 0 1 0 1 0 0 0 0 1 0 1 0 1 0 1 0 0 0 0
 1 0 0 0 1 1 0 0 0 0 1 -80.92099788303084 1 0.125
0 0 0 1 0 1 0 0 0 0 1 0 1 0 0 0 1 0 0 1 0 1 0 0 0 0 1 0 1 0 0 0 1 0 0 0 0
 1 0 0 0 0 1 0 0 0 0 1 -87.75872022286245 1 0.10416666666666667
0 0 0 1 0 1 0 0 0 0 1 0 1 0 0 0 0 0 0 1 0 1 0 0 0 0 1 0 1 0 0 0 1 0 0 0 0
 0 1 0 0 1 0 0 0 0 0 1 -82.59644256269408 1 0.08333333333333333
0 0 0 1 0 1 0 0 0 0 1 0 1 0 0 0 0 0 0 1 0 1 0 0 0 0 1 0 1 0 1 0 1 0 1 0 0
 1 0 0 0 0 1 0 0 0 0 1 -82.92099788303084 1 0.10416666666666667
0 0 0 1 0 1 0 0 0 0 1 0 1 0 0 0 0 0 0 1 0 1 0 0 0 0 1 0 1 0 1 0 0 0 1 0 0
 1 0 0 0 0 1 0 0 0 0 1 -80.75872022286245 1 0.08333333333333333
0 0 0 1 0 1 0 0 0 0 1 0 1 0 0 0 0 0 0 1 0 1 0 0 0 0 1 0 1 0 0 0 0 0 1 0 0
 1 0 1 0 0 1 0 1 0 0 0 -81.75872022286245 1 0.10416666666666667
0 0 0 1 0 1 0 0 0 0 1 0 1 0 0 0 0 0 0 1 0 1 0 0 0 0 1 0 1 0 0 0 0 0 1 0 0
 1 0 1 0 0 1 0 1 0 0 0 -81.75872022286245 1 0.10416666666666667
0 0 0 1 0 1 0 0 0 0 1 0 1 0 0 0 1 0 0 1 0 1 0 0 0 0 1 0 0 0 1 0 1 0 0 0 0
 1 0 0 0 0 1 1 0 0 0 1 -80.92099788303084 1 0.08333333333333333
0 0 0 1 0 1 0 0 0 0 1 0 1 0 0 0 0 0 0 1 0 1 0 0 0 0 1 0 1 0 1 0 0 0 1 0 0
 1 0 0 0 0 0 1 1 0 0 0 -79.75872022286245 1 0.0625
0 0 0 1 0 1 0 0 0 0 1 0 1 0 0 0 0 0 0 1 0 1 0 0 0 0 1 0 1 0 0 0 1 0 1 0 0
 0 0 1 0 0 1 0 0 1 0 0 -77.75872022286245 1 0.0625
0 0 0 1 0 1 0 0 0 0 1 0 1 0 0 0 0 1 0 1 0 1 0 0 0 0 1 0 1 0 0 0 0 0 1 0 0
 1 0 0 0 0 0 1 1 0 0 0 -79.75872022286245 1 0.0625
0 0 0 1 0 1 0 0 0 0 1 1 1 0 0 0 0 0 0 1 0 1 0 0 0 0 1 0 1 0 0 0 1 0 0 0 0
 1 0 0 0 0 1 0 0 0 0 1 -85.75872022286245 1 0.14583333333333334
0 0 0 1 0 1 0 0 0 0 1 0 1 0 0 0 0 0 0 1 0 1 0 0 0 0 1 0 1 0 0 0 1 0 1 0 0
 1 0 0 0 0 1 0 0 0 0 1 -87.75872022286245 1 0.0625
0 0 0 1 1 1 0 0 0 0 1 0 1 0 0 0 1 0 0 0 0 1 0 0 0 0 1 1 0 0 1 0 1 0 0 0 0
 1 0 0 0 0 1 0 0 0 0 1 -76.92099788303084 1 0.08333333333333333
0 0 0 1 0 1 0 0 0 0 1 0 1 0 0 0 0 0 0 1 0 1 0 0 0 0 1 0 1 0 1 0 0 0 1 0 0
 1 0 0 0 0 1 0 0 0 0 1 -80.75872022286245 1 0.08333333333333333
0 1 0 1 0 1 0 0 0 0 1 0 1 0 0 0 0 0 0 1 0 1 0 0 0 0 1 0 1 0 0 0 0 0 1 0 0
 1 0 0 0 0 1 0 1 0 0 0 -76.75872022286245 1 0.08333333333333333
0 0 0 1 0 1 0 0 0 0 1 0 1 0 0 0 1 0 0 0 0 1 0 0 0 0 1 1 0 0 1 0 1 0 0 0 0
 1 0 0 0 0 1 0 0 0 0 1 -83.75872022286245 1 0.0625
0 0 0 1 0 1 0 0 0 0 1 0 1 0 0 0 0 0 0 1 0 1 0 0 0 0 1 0 1 0 0 0 1 0 0 0 0
 0 1 0 0 1 0 0 0 0 0 1 -82.59644256269408 1 0.08333333333333333
0 0 0 1 0 1 0 0 0 0 1 0 1 0 0 0 1 0 0 1 0 1 0 0 0 0 0 1 0 0 1 0 1 0 1 0 0
 1 0 0 0 0 1 0 0 0 0 1 -78.92099788303084 1 0.0625
1 0 0 0 0 1 0 0 0 0 1 0 0 0 0 1 1 0 0 1 0 1 0 0 0 0 1 0 0 0 1 0 1 0 0 0 0
 1 0 0 0 0 1 0 0 0 0 1 -77.75872022286245 1 0.041666666666666664
0 0 0 1 0 1 0 0 0 0 1 0 1 0 0 0 1 0 0 1 0 1 0 0 0 0 1 0 0 0 1 0 1 0 0 0 0
 1 0 0 0 0 1 0 0 0 0 1 -85.75872022286245 1 0.10416666666666667
0 0 0 1 0 1 0 0 0 0 1 0 1 0 0 0 0 0 0 1 0 1 0 0 0 0 1 0 1 0 0 0 1 0 0 0 0
 0 0 1 0 0 1 0 0 1 0 0 -82.59644256269408 1 0.10416666666666667
0 0 0 1 0 1 0 0 0 0 1 0 1 0 0 0 0 0 0 1 0 1 0 0 0 0 1 0 1 0 1 0 1 0 1 0 0
 1 0 0 0 1 0 0 0 0 0 1 -78.92099788303084 1 0.041666666666666664
0 0 0 1 0 1 0 0 0 0 1 1 1 0 0 0 0 0 0 1 0 1 0 0 0 0 1 0 1 0 1 0 1 0 0 0 0
 1 0 0 0 0 1 0 0 0 0 1 -80.92099788303084 1 0.08333333333333333
0 0 0 1 0 1 0 0 0 0 1 0 1 0 0 0 0 0 0 1 0 1 0 0 0 0 1 0 1 0 0 0 0 0 1 0 0
 1 0 1 0 0 1 0 1 0 0 0 -81.75872022286245 1 0.10416666666666667
0 0 0 1 0 1 0 0 0 0 1 0 1 0 0 0 0 0 0 1 0 1 0 0 0 0 1 0 1 0 1 0 0 0 1 0 0
 1 0 0 0 0 1 0 0 0 0 1 -80.75872022286245 1 0.08333333333333333
0 0 0 1 0 1 0 0 0 0 1 0 1 0 0 0 1 0 0 1 0 1 0 0 0 0 1 0 0 0 1 0 1 0 0 0 0
 1 0 1 0 0 1 0 0 0 0 1 -78.92099788303084 1 0.10416666666666667
0 0 0 1 0 1 0 0 0 0 1 0 1 0 0 0 1 0 0 0 0 1 0 0 0 0 1 1 0 0 0 0 1 0 0 0 0
 1 0 0 0 0 1 1 0 0 0 1 -78.75872022286245 1 0.10416666666666667
0 0 0 1 0 1 0 0 1 0 0 0 0 0 1 0 1 0 0 1 0 1 0 0 0 0 0 0 0 0 1 0 1 0 0 0 0
 1 0 0 0 0 1 0 0 0 0 1 -77.59644256269407 1 0.08333333333333333
0 0 0 1 0 1 0 0 0 0 1 0 1 0 0 0 0 0 0 1 0 1 0 0 0 0 1 1 1 0 0 0 0 0 0 0 0
 1 0 0 0 0 1 0 1 0 0 0 -78.59644256269408 1 0.041666666666666664
0 0 0 1 0 1 0 0 0 0 1 1 1 0 0 0 0 0 0 1 0 1 0 0 0 0 1 0 1 0 0 0 0 0 1 0 0
 1 0 0 1 0 0 0 0 0 0 1 -81.75872022286245 1 0.08333333333333333
0 0 0 1 0 1 0 0 0 0 1 0 1 0 0 0 0 0 0 1 0 1 0 0 0 0 1 0 1 0 0 0 1 0 1 0 0
 1 0 0 0 0 1 1 1 0 0 0 -80.92099788303082 1 0.10416666666666667
0 0 0 1 0 1 0 0 0 0 1 0 1 0 0 0 0 0 0 1 0 1 0 0 0 0 1 0 1 0 0 0 1 0 1 0 0
 1 0 0 0 0 1 0 0 0 0 1 -87.75872022286245 1 0.125
0 0 0 1 1 1 0 0 0 0 1 0 1 0 0 0 0 0 0 1 0 1 0 0 0 0 1 0 1 0 0 0 1 0 1 0 0
 1 0 0 0 0 1 1 1 0 0 0 -74.0832755431992 1 0.125
0 0 0 1 0 1 0 0 0 0 1 0 1 0 0 0 0 0 0 1 0 1 0 0 0 0 1 0 1 0 1 0 0 0 1 0 0
 1 0 0 0 0 1 0 0 0 0 1 -80.75872022286245 1 0.10416666666666667
0 0 0 1 0 1 0 0 0 0 1 0 1 0 0 0 0 0 0 1 0 1 0 0 0 0 1 0 1 0 0 0 1 0 0 0 0
 0 0 1 0 0 1 0 0 1 0 1 -79.75872022286245 1 0.08333333333333333
0 0 0 1 0 1 0 0 0 0 1 0 1 0 0 0 1 0 0 1 0 1 0 0 0 0 1 0 0 0 0 0 1 0 1 0 0
 1 0 0 0 1 1 0 0 0 0 1 -73.92099788303084 1 0.10416666666666667
0 0 0 1 0 1 0 0 0 0 1 0 0 0 0 1 0 0 0 1 0 1 0 0 0 0 1 0 1 0 0 0 0 0 1 0 0
 1 0 0 0 0 1 0 1 0 0 0 -76.59644256269408 1 0.0625
0 0 0 1 0 1 0 0 0 0 1 0 1 0 0 1 0 0 0 1 0 1 0 0 0 0 1 0 1 0 0 0 0 0 1 0 0
 1 0 0 0 0 1 0 0 0 0 1 -78.75872022286245 1 0.10416666666666667
0 0 0 1 0 1 0 0 0 0 1 0 1 0 0 0 0 0 0 1 0 1 0 0 0 0 1 0 1 0 0 0 1 0 0 0 0
 1 0 0 0 0 1 0 0 1 0 1 -85.75872022286245 1 0.125
0 0 0 1 0 1 0 0 0 0 1 0 1 0 0 0 0 0 0 1 0 1 0 0 0 0 1 0 0 0 1 0 0 0 1 0 0
 1 0 0 1 0 0 0 0 0 0 1 -79.59644256269408 1 0.020833333333333332
0 1 0 0 0 1 0 0 0 0 1 0 1 0 0 0 0 0 0 1 0 1 1 0 0 0 1 0 1 0 0 0 1 0 0 0 0
 1 0 0 0 0 1 0 0 0 0 1 -74.75872022286245 1 0.0625
0 0 0 1 1 1 0 0 0 0 1 1 1 0 0 0 0 0 0 1 0 1 0 0 0 0 1 0 1 0 1 0 0 0 1 0 0
 1 0 0 1 0 0 0 0 0 0 1 -70.08327554319922 1 0.0625
0 0 0 1 0 1 0 0 0 0 1 0 1 0 0 1 0 0 0 1 0 1 0 0 0 0 1 0 1 0 1 0 0 0 1 0 0
 1 0 0 0 0 1 0 1 0 0 1 -76.08327554319922 1 0.0625
0 0 0 1 0 1 0 0 0 0 1 0 1 0 1 0 0 0 0 1 0 1 0 0 0 0 1 0 1 0 1 0 1 0 0 0 0
 1 0 1 0 0 1 0 0 0 0 1 -76.08327554319922 1 0.0625
0 0 0 1 0 1 0 0 0 0 1 0 1 0 0 0 0 0 0 1 0 1 0 0 0 0 1 0 1 0 1 0 1 0 0 0 0
 1 0 0 0 0 1 0 0 0 0 1 -87.75872022286245 1 0.125
0 0 0 1 0 1 0 0 0 0 1 0 1 0 0 0 1 0 0 1 0 1 0 0 0 0 1 0 0 0 1 0 1 0 0 0 0
 1 0 0 0 0 1 0 0 0 1 1 -78.92099788303084 1 0.10416666666666667
0 0 0 1 1 1 0 0 0 0 1 0 1 0 0 0 0 0 0 1 0 1 0 0 0 0 1 0 1 0 0 0 0 0 1 0 0
 1 0 1 0 0 1 0 1 0 0 0 -76.92099788303084 1 0.10416666666666667
0 0 0 1 0 1 0 0 0 0 1 0 1 1 0 0 1 0 0 1 0 1 0 0 0 0 1 0 0 0 0 0 1 0 0 0 0
 0 0 1 0 0 1 0 0 1 0 0 -70.75872022286245 1 0.10416666666666667
0 0 0 1 0 1 0 0 0 0 1 0 1 0 0 0 0 0 0 1 0 1 0 0 0 0 1 0 1 0 1 0 1 0 0 0 0
 1 1 0 0 0 1 1 0 0 0 1 -76.08327554319922 1 0.10416666666666667
0 0 0 1 0 1 0 0 0 0 0 1 1 0 1 0 1 0 0 0 0 1 0 0 0 0 0 1 0 0 1 0 1 0 0 0 0
 1 0 0 0 0 1 0 0 0 0 1 -79.75872022286245 1 0.10416666666666667
0 0 0 1 0 1 0 0 1 0 0 0 0 0 1 0 0 0 0 1 0 1 0 0 1 0 0 0 1 0 1 0 1 0 0 0 0
 1 0 0 0 0 1 0 0 0 0 1 -77.75872022286245 1 0.041666666666666664
0 0 0 1 1 1 0 0 0 0 1 0 1 0 0 0 0 1 0 1 0 1 0 0 0 0 1 0 1 0 0 0 0 1 0 0 0
 1 0 0 1 0 1 0 0 0 0 1 -70.08327554319922 1 0.041666666666666664
0 0 0 1 0 1 0 0 0 0 1 0 1 0 0 0 0 0 0 1 0 1 0 0 0 0 1 0 1 0 0 0 1 0 1 0 0
 0 0 1 0 0 1 0 0 1 0 0 -77.75872022286245 1 0.08333333333333333
0 0 0 1 0 1 0 0 0 0 1 0 1 0 0 0 0 0 0 1 0 1 0 0 0 0 1 0 1 0 0 0 0 0 0 1 0
 1 0 0 0 0 1 0 1 0 0 0 -86.59644256269408 1 0.14583333333333334
0 0 0 1 0 1 0 0 0 0 1 0 1 0 0 0 0 1 0 0 0 1 0 0 0 0 1 1 1 0 0 0 1 0 0 0 0
 1 0 0 0 0 1 0 0 0 0 1 -83.75872022286245 1 0.10416666666666667
0 0 0 1 0 1 0 0 0 0 1 1 1 0 0 0 0 0 0 1 0 1 0 0 0 0 1 0 1 0 0 0 1 0 1 0 0
 1 0 0 1 0 0 0 0 0 0 1 -78.92099788303082 1 0.10416666666666667
0 0 0 1 1 1 0 0 0 0 1 0 1 0 0 0 1 0 0 1 0 1 0 0 0 0 1 0 0 0 1 0 0 0 1 0 0
 1 0 0 1 0 0 0 0 0 0 1 -70.92099788303082 1 0.08333333333333333
0 0 0 1 1 1 0 0 0 0 1 0 1 0 0 0 0 0 0 1 0 1 0 0 0 0 1 0 1 0 0 0 0 0 1 0 0
 0 0 1 0 0 1 0 1 1 0 0 -70.92099788303084 1 0.0625
0 0 0 1 1 1 0 0 0 0 1 0 1 0 0 0 0 1 0 1 0 1 0 0 0 0 1 0 1 0 0 0 0 1 0 0 0
 0 0 1 0 0 1 0 1 0 0 0 -70.92099788303084 1 0.0625
0 0 0 1 0 1 0 0 0 0 1 0 1 0 0 0 0 0 0 1 0 1 0 0 0 0 1 0 1 0 1 0 1 0 0 1 0
 1 0 0 0 0 1 0 0 0 1 0 -74.92099788303084 1 0.0625
0 0 0 1 0 1 0 0 0 0 1 0 1 0 0 0 1 0 0 1 0 1 0 0 0 0 1 0 0 0 0 0 1 0 0 0 0
 0 0 1 0 0 1 0 0 1 0 0 -75.59644256269408 1 0.125
0 0 0 1 0 1 0 0 0 0 1 0 1 0 0 0 1 0 0 1 0 1 0 0 0 0 1 0 0 0 1 0 1 0 0 0 0
 1 0 0 0 0 1 0 1 0 0 1 -78.92099788303084 1 0.08333333333333333
0 0 0 1 0 1 0 0 0 0 1 0 1 0 0 0 0 0 0 1 0 1 0 0 0 0 1 0 1 0 0 0 0 0 1 0 0
 1 0 1 0 1 0 0 1 0 0 0 -77.75872022286245 1 0.0625
0 0 0 1 0 1 0 0 0 0 1 0 1 0 0 0 1 0 0 1 0 1 0 0 0 0 1 0 0 0 0 0 1 0 0 0 0
 0 0 1 0 0 1 0 0 1 0 0 -75.59644256269408 1 0.125
0 0 0 1 0 1 0 0 0 0 1 0 1 0 0 0 0 0 0 1 0 1 0 0 0 0 1 0 1 0 1 0 0 0 1 0 0
 1 0 0 0 1 0 0 0 0 0 1 -76.75872022286245 1 0.0625
0 0 0 1 0 1 0 0 0 0 1 0 1 0 0 0 0 0 0 1 0 1 0 0 0 0 1 0 1 1 0 0 1 0 0 0 0
 0 0 1 0 0 1 0 0 1 0 0 -77.75872022286245 1 0.08333333333333333
0 0 0 1 1 1 0 0 0 0 1 0 1 0 0 0 0 0 0 1 0 1 0 0 0 0 1 0 1 0 0 0 0 1 0 0 0
 0 0 1 0 0 1 0 1 0 0 0 -75.75872022286245 1 0.10416666666666667
0 0 0 1 1 1 0 0 0 0 1 0 1 0 0 0 0 0 0 1 0 1 0 0 0 0 1 0 1 0 0 0 0 0 1 0 0
 1 0 1 1 0 0 0 1 0 0 0 -72.92099788303084 1 0.0625
0 0 0 1 1 1 0 0 0 0 1 0 1 0 0 0 0 1 0 0 0 1 0 0 0 0 1 0 1 0 1 0 1 0 0 0 0
 1 0 0 0 0 1 0 0 0 0 1 -71.92099788303084 1 0.08333333333333333
0 0 0 1 0 1 0 0 0 0 1 0 1 0 0 0 0 0 0 1 1 1 0 0 0 0 1 0 1 0 0 0 0 0 1 0 0
 1 0 0 0 1 0 0 1 0 0 1 -74.92099788303084 1 0.10416666666666667
0 0 0 1 0 1 0 0 0 0 1 0 1 0 0 0 0 0 0 1 0 1 0 0 0 0 1 0 1 0 0 0 0 0 1 0 1
 1 0 0 0 0 1 0 0 0 0 1 -83.75872022286245 1 0.10416666666666667
0 0 1 0 0 1 0 0 0 0 0 1 1 0 0 0 0 0 0 1 0 1 0 0 0 0 0 0 1 0 1 0 0 0 1 0 0
 1 0 0 1 0 0 0 0 0 0 1 -77.59644256269407 1 0.0625
0 0 0 1 0 1 0 0 0 0 1 0 1 0 0 0 0 0 0 1 0 1 0 0 0 0 1 0 1 0 0 0 0 0 1 0 0
 1 0 1 0 0 1 0 1 0 0 0 -81.75872022286245 1 0.125
0 0 0 1 1 0 0 0 0 0 1 0 0 1 0 0 1 0 0 1 0 0 0 0 0 0 1 0 0 1 0 0 1 0 0 0 0
 0 0 1 0 0 1 0 0 1 0 0 -75.59644256269407 1 0.0625
0 0 0 1 1 1 0 0 0 0 1 0 0 0 1 0 0 0 0 1 0 1 0 0 0 0 1 0 0 0 0 0 1 0 0 0 0
 1 0 0 0 0 1 0 0 0 1 0 -69.59644256269407 1 0.08333333333333333
0 0 0 1 0 1 0 0 0 0 1 0 1 0 0 0 0 0 0 1 0 1 0 0 0 1 0 0 1 0 1 0 1 0 1 0 0
 1 0 0 0 0 1 0 0 0 0 1 -78.92099788303084 1 0.0625
0 0 0 1 0 1 0 0 0 0 1 0 1 0 0 0 0 1 0 1 0 1 0 0 0 0 1 0 1 0 1 0 0 0 1 0 0
 1 0 0 0 0 1 0 1 0 0 1 -74.08327554319922 1 0.0625
0 1 0 0 0 0 0 1 0 0 1 0 1 0 0 0 0 0 0 1 0 1 0 0 0 0 1 0 1 0 0 0 0 1 0 0 0
 1 0 0 0 0 1 0 1 0 0 1 -75.75872022286245 1 0.020833333333333332
0 0 0 1 0 1 0 0 1 0 1 0 1 0 0 0 0 0 0 1 0 1 0 0 0 0 1 0 1 0 0 0 0 0 1 0 0
 1 0 0 0 0 1 0 1 0 0 1 -78.92099788303084 1 0.08333333333333333
0 0 0 1 0 1 0 0 0 0 1 0 1 0 0 0 0 0 0 1 0 1 0 0 0 0 1 0 1 0 0 0 1 0 0 0 0
 0 1 0 0 1 0 0 0 0 0 1 -82.59644256269408 1 0.10416666666666667
0 0 0 1 0 1 0 0 0 0 1 0 1 0 0 0 0 0 0 1 0 1 0 0 0 0 1 0 1 0 0 0 0 0 1 0 0
 1 0 1 0 1 0 0 1 0 0 0 -77.75872022286245 1 0.0625
0 0 0 1 0 1 0 0 0 0 1 0 1 0 0 0 1 0 0 1 0 1 0 0 0 0 1 0 0 0 1 0 0 0 1 0 0
 1 0 0 1 0 1 0 0 0 0 1 -74.92099788303084 1 0.08333333333333333
0 0 0 1 0 1 0 0 0 0 1 0 1 0 0 0 1 0 0 1 0 1 0 0 0 0 1 0 0 0 0 0 1 0 0 0 0
 0 0 1 0 1 0 0 0 0 1 0 -71.59644256269408 1 0.0625
0 0 0 1 0 1 0 0 0 0 1 0 1 0 0 0 0 0 0 1 0 1 0 0 0 0 1 0 1 0 1 0 0 0 1 0 0
 1 0 0 0 0 1 0 0 0 0 1 -80.75872022286245 1 0.125
0 0 0 1 0 1 0 0 0 0 1 0 1 0 0 0 1 0 0 1 0 1 0 0 0 0 1 0 0 0 1 0 1 0 0 0 0
 1 1 0 0 0 1 0 0 0 0 1 -78.92099788303084 1 0.14583333333333334
0 0 0 1 0 1 0 0 0 0 1 0 1 0 0 0 1 0 0 1 0 1 0 0 0 0 1 0 0 0 1 0 1 0 0 0 0
 1 0 0 0 0 1 0 0 0 0 1 -85.75872022286245 1 0.14583333333333334
0 0 1 0 0 1 0 0 1 0 0 0 0 0 0 1 0 0 0 1 0 1 0 0 0 0 1 0 1 0 0 0 0 0 1 0 0
 1 0 0 0 0 1 1 1 0 0 0 -75.75872022286245 1 0.041666666666666664
0 0 0 1 1 1 0 0 0 0 1 0 1 0 1 0 0 1 0 0 0 1 0 0 0 0 1 0 1 0 1 0 1 0 0 0 0
 1 0 0 0 0 1 0 0 0 0 1 -67.0832755431992 1 0.0625
1 0 0 1 0 1 0 0 0 0 1 0 1 0 0 0 1 0 0 0 0 1 0 0 0 0 0 1 0 0 1 0 1 0 0 0 0
 1 0 0 0 0 1 0 0 0 0 1 -81.75872022286245 1 0.0625
0 0 0 1 0 1 0 0 0 0 1 0 1 0 0 0 0 1 0 1 0 1 0 0 0 0 1 0 1 0 0 0 0 0 1 0 0
 1 0 1 0 0 1 0 1 0 0 0 -74.92099788303084 1 0.08333333333333333
0 0 0 1 0 1 0 0 0 0 1 0 1 0 0 0 0 0 0 1 0 1 0 0 0 0 1 0 1 0 0 0 1 0 1 0 0
 1 0 0 0 1 0 0 0 0 0 1 -83.75872022286245 1 0.14583333333333334
0 0 0 1 0 1 0 0 0 0 1 0 1 0 0 0 1 0 0 1 0 1 0 0 0 0 1 0 0 0 1 0 1 0 0 0 0
 0 1 0 0 0 1 0 0 0 0 1 -74.75872022286245 1 0.08333333333333333
0 0 0 1 0 1 0 0 0 0 1 0 1 0 0 0 0 0 0 1 0 1 0 0 0 0 1 0 1 0 0 0 1 0 1 0 0
 1 0 1 0 0 0 0 0 1 0 0 -74.75872022286245 1 0.08333333333333333
0 0 0 1 0 1 0 0 0 0 1 0 1 0 0 0 0 0 0 1 0 1 0 0 0 0 1 0 1 0 0 0 0 0 1 0 0
 1 0 0 0 0 1 0 1 0 0 1 -85.75872022286245 1 0.125
0 0 0 1 1 1 0 0 0 0 1 0 1 0 0 0 0 0 0 1 0 1 0 0 0 0 1 0 1 0 0 0 1 0 0 0 0
 0 1 1 0 0 1 0 0 1 0 0 -70.92099788303084 1 0.08333333333333333
0 0 0 1 0 1 0 0 1 0 0 0 0 0 1 0 1 0 0 0 0 1 0 0 0 0 0 1 0 0 1 0 1 0 0 0 0
 1 0 0 1 0 1 0 0 0 0 1 -73.75872022286245 1 0.041666666666666664
0 0 0 1 0 1 0 0 0 0 1 0 1 1 0 0 0 0 0 1 0 1 0 0 0 0 1 0 1 0 0 0 1 0 1 0 1
 0 0 0 0 0 1 0 0 1 0 1 -70.08327554319922 1 0.08333333333333333
0 0 0 1 0 1 0 0 0 0 1 0 1 0 0 0 0 0 0 1 0 1 0 0 0 0 1 0 1 0 0 0 1 0 0 0 0
 1 0 0 0 0 1 0 0 1 0 0 -83.59644256269408 1 0.125
1 0 0 0 0 1 0 0 0 0 1 0 0 0 0 1 1 0 0 1 0 1 0 0 0 0 1 0 0 0 0 0 0 0 0 1 0
 1 0 0 0 0 1 0 1 0 0 0 -75.59644256269407 1 0.0625
0 0 0 1 0 1 0 0 0 0 1 0 1 0 0 0 0 0 0 1 0 1 0 0 0 0 1 0 1 0 0 0 0 0 1 0 0
 1 0 1 0 1 0 0 1 0 0 0 -77.75872022286245 1 0.08333333333333333
0 0 0 1 0 1 0 0 0 0 1 0 1 0 0 0 0 0 0 1 0 1 0 0 0 0 1 0 1 0 0 0 0 0 1 0 1
 0 0 0 0 1 0 0 0 0 0 1 -80.59644256269408 1 0.08333333333333333
0 0 0 1 0 1 0 0 0 0 1 0 0 1 0 0 1 0 0 1 0 1 0 0 0 0 1 0 0 1 0 0 1 0 0 0 0
 1 0 1 0 0 1 0 0 1 0 0 -71.92099788303084 1 0.10416666666666667
0 0 0 1 0 1 0 0 0 0 1 0 1 0 0 0 0 0 0 1 0 1 0 0 0 0 1 0 1 0 0 0 0 1 1 0 0
 0 0 1 0 0 1 0 1 0 0 0 -75.75872022286245 1 0.041666666666666664
0 0 0 1 1 1 0 0 0 0 1 0 1 0 0 0 0 0 0 1 1 1 0 0 0 0 1 0 1 0 0 0 0 0 1 0 0
 1 0 0 0 0 1 0 1 0 0 1 -74.0832755431992 1 0.125
0 0 0 1 0 1 0 0 0 0 1 0 1 0 0 0 1 0 0 1 0 1 0 0 0 0 1 0 0 0 1 0 1 0 0 0 0
 0 1 0 0 1 1 0 0 0 0 1 -72.92099788303084 1 0.08333333333333333
0 0 0 1 0 1 0 0 0 0 1 0 1 0 0 0 1 0 0 1 0 1 0 0 0 0 1 0 0 0 1 0 1 0 0 1 0
 1 0 0 0 0 1 0 0 0 0 1 -78.92099788303084 1 0.14583333333333334
0 0 0 1 1 1 0 0 0 0 1 0 1 0 0 0 0 1 0 1 1 1 0 0 0 0 1 0 1 0 1 0 1 0 1 0 0
 1 0 0 0 0 1 0 0 0 0 1 -64.40783086353596 1 0.0625
0 0 0 1 0 1 0 0 0 0 1 0 1 0 0 0 1 0 0 1 0 1 0 0 0 0 1 0 0 0 1 0 1 0 1 0 0
 1 0 0 0 0 1 0 0 1 0 1 -74.08327554319922 1 0.125
0 0 0 1 0 1 0 0 1 0 0 0 0 0 1 0 1 0 0 1 0 1 0 0 0 0 1 0 0 0 1 0 1 0 0 0 0
 1 1 0 0 0 1 0 0 0 0 1 -70.92099788303084 1 0.10416666666666667
0 0 0 1 0 1 0 0 0 0 1 0 1 0 0 0 1 0 0 1 0 1 0 0 0 0 1 0 0 0 0 0 1 0 0 0 0
 1 0 1 0 0 1 0 0 0 1 0 -74.75872022286245 1 0.10416666666666667
0 0 0 1 0 1 0 0 0 0 1 0 1 0 0 0 0 0 0 1 0 1 0 0 0 0 1 0 1 0 1 0 1 0 0 0 0
 1 0 0 0 0 1 0 0 0 0 1 -87.75872022286245 1 0.08333333333333333
0 0 0 1 1 1 0 0 0 0 1 0 0 0 0 1 0 0 0 1 0 1 0 0 0 0 1 0 1 0 0 0 0 0 1 0 0
 1 0 0 1 0 0 0 1 0 0 0 -70.75872022286245 1 0.0625
0 0 0 1 0 1 0 0 1 0 0 0 0 0 1 0 0 0 0 1 0 1 0 0 0 0 1 0 1 0 0 0 0 0 1 0 0
 1 0 0 0 1 0 0 1 0 0 1 -71.75872022286245 1 0.041666666666666664
0 0 0 1 0 1 0 0 0 0 1 0 1 1 0 0 0 0 0 1 0 1 0 0 0 0 1 0 1 0 1 0 1 0 1 0 0
 1 0 0 0 0 1 0 0 0 0 1 -76.08327554319922 1 0.14583333333333334
1 0 0 1 1 0 0 0 0 0 1 0 0 1 0 0 1 0 0 1 0 1 0 0 0 0 1 0 0 1 0 0 1 0 0 0 0
 0 0 1 0 0 1 0 0 1 0 0 -70.92099788303084 1 0.041666666666666664
0 0 0 1 0 1 0 0 1 0 0 1 1 0 1 0 1 0 0 1 0 1 0 0 0 0 1 0 0 0 1 0 1 0 1 0 0
 1 0 0 0 0 1 0 0 0 0 1 -63.2455532033676 1 0.10416666666666667
0 0 0 1 0 1 0 0 0 0 1 0 1 0 0 0 0 0 0 1 0 1 0 0 0 0 1 0 1 0 1 0 1 0 0 0 0
 1 1 0 0 0 1 0 0 0 0 1 -80.92099788303084 1 0.16666666666666666
0 0 0 1 0 1 0 0 0 0 1 0 1 0 0 0 0 0 0 1 0 1 0 0 0 0 1 0 1 0 0 0 0 0 1 1 0
 1 0 0 1 0 1 0 0 1 0 0 -72.92099788303084 1 0.08333333333333333
0 0 0 1 1 1 0 0 0 0 1 0 0 0 0 1 0 0 0 1 1 1 0 0 0 0 1 0 1 0 0 0 1 0 0 1 0
 1 0 0 0 0 1 0 1 0 0 0 -70.08327554319922 1 0.125
0 0 1 0 0 1 0 0 1 0 0 0 0 0 0 1 0 0 0 1 0 1 0 0 0 0 1 0 1 0 0 0 0 0 1 0 0
 1 0 0 0 0 0 1 1 0 0 1 -75.75872022286245 1 0.020833333333333332
0 0 0 1 0 1 0 0 1 0 1 0 0 0 0 1 0 0 0 1 0 1 0 0 0 0 1 0 1 0 0 0 0 0 1 0 0
 1 0 1 0 0 1 0 1 0 0 0 -72.92099788303084 1 0.08333333333333333
0 1 0 0 1 0 0 0 0 0 1 0 0 0 0 1 0 0 0 1 0 1 0 0 0 0 1 0 1 0 0 0 0 0 1 0 0
 1 0 0 0 0 1 0 1 0 0 0 -71.59644256269408 1 0.0625
0 0 0 1 0 1 0 0 0 0 1 0 1 0 0 0 0 0 0 1 0 1 0 0 0 0 1 0 1 0 0 0 1 0 1 0 0
 1 0 0 0 1 0 0 0 0 0 1 -83.75872022286245 1 0.125
0 0 0 0 1 1 0 0 0 0 1 0 0 0 0 1 0 0 0 1 0 1 0 0 0 0 1 0 1 0 0 0 0 0 1 0 0
 1 0 0 0 0 1 0 1 0 0 0 -72.59644256269408 1 0.08333333333333333
0 0 0 1 1 1 0 0 0 0 1 0 1 0 0 0 0 0 0 1 0 1 0 0 0 0 1 0 1 0 1 0 1 0 0 0 1
 1 0 0 0 0 1 0 0 0 0 1 -74.0832755431992 1 0.10416666666666667
0 0 0 0 0 1 0 0 0 0 1 1 1 0 0 0 1 0 0 0 0 1 0 0 0 0 0 1 0 0 1 0 0 0 1 0 0
 1 0 0 1 0 1 0 0 0 0 1 -70.75872022286245 1 0.0625
1 0 0 1 0 1 0 0 0 0 1 0 0 1 0 0 1 0 0 1 0 1 0 0 0 0 1 0 0 1 0 0 1 0 0 0 0
 0 0 1 0 0 1 0 0 1 0 0 -72.92099788303084 1 0.0625
0 0 0 1 0 1 0 0 0 0 1 0 1 0 0 0 1 0 0 0 0 1 0 0 0 0 0 1 0 0 1 0 1 0 0 0 0
 0 0 0 0 0 1 0 0 1 0 1 -75.59644256269408 1 0.08333333333333333
0 0 0 1 0 1 0 0 0 0 1 0 1 0 0 0 0 0 0 1 0 1 0 0 0 0 1 0 1 0 1 0 1 0 1 0 0
 1 0 1 0 0 1 0 1 0 0 0 -72.0832755431992 1 0.10416666666666667
0 0 0 1 0 1 0 0 0 0 1 0 1 0 0 1 0 0 0 1 0 1 0 0 0 0 1 0 1 0 0 0 1 0 0 0 0
 0 1 0 0 1 0 0 0 0 0 1 -75.75872022286245 1 0.10416666666666667
0 0 1 0 0 1 0 0 1 0 0 0 0 0 0 1 0 0 0 1 0 1 0 0 0 0 1 0 1 0 1 0 0 0 1 0 0
 1 0 0 0 0 1 0 1 0 0 1 -68.92099788303084 1 0.020833333333333332
0 0 0 1 0 1 0 0 1 0 0 0 0 0 1 0 1 0 0 1 0 1 0 0 0 1 0 0 0 0 1 0 1 0 0 0 0
 0 1 0 0 1 0 0 0 0 0 1 -69.75872022286245 1 0.08333333333333333
0 1 0 0 0 1 0 0 0 0 1 1 1 0 0 0 0 0 0 1 0 1 0 0 0 0 1 0 1 0 1 0 0 0 1 0 0
 1 0 0 1 0 0 0 0 0 0 1 -72.92099788303084 1 0.10416666666666667
0 0 0 1 1 1 0 0 0 0 1 0 1 0 0 0 0 1 0 1 0 1 0 0 0 0 1 0 1 0 0 0 1 0 1 0 0
 1 0 0 1 1 0 0 0 0 0 1 -63.2455532033676 1 0.041666666666666664
0 1 0 0 1 0 0 0 0 0 1 0 0 0 0 1 0 0 0 1 0 1 0 0 0 0 1 0 1 0 0 0 0 0 1 0 0
 1 0 1 0 1 0 0 1 0 0 0 -67.75872022286245 1 0.041666666666666664
0 0 0 1 1 1 0 0 0 0 1 0 1 0 0 0 0 0 0 1 0 1 0 0 0 0 1 0 1 0 1 0 0 0 1 0 0
 0 0 1 1 0 0 0 0 1 0 0 -64.92099788303084 1 0.041666666666666664
0 0 0 1 1 1 0 0 0 0 1 0 1 0 0 1 1 0 0 1 0 1 0 0 0 0 1 0 0 0 1 0 0 0 1 0 0
 1 0 0 0 0 1 0 1 0 0 1 -63.2455532033676 1 0.08333333333333333
0 0 0 1 1 0 0 0 0 0 1 0 0 1 0 0 1 0 0 1 0 1 0 0 0 0 1 0 0 1 0 0 1 0 0 0 0
 0 0 1 0 0 1 0 0 1 0 0 -75.75872022286245 1 0.10416666666666667
0 0 0 1 0 1 0 0 0 0 1 0 1 0 0 0 0 0 0 1 0 1 0 0 0 0 1 0 1 0 0 0 1 0 0 1 0
 0 0 1 0 1 0 0 0 0 1 0 -71.75872022286245 1 0.08333333333333333
0 0 0 1 0 1 0 0 1 0 0 0 0 0 1 0 1 0 0 0 0 1 0 0 0 0 0 1 0 0 1 0 1 0 0 0 0
 1 0 1 0 1 0 0 0 0 1 0 -67.75872022286245 1 0.08333333333333333
0 0 0 1 0 1 0 0 1 0 0 0 0 0 1 0 1 0 0 1 0 1 0 0 0 0 1 0 0 0 1 0 1 0 0 0 0
 0 0 1 0 0 1 0 0 1 0 0 -67.75872022286245 1 0.08333333333333333
0 0 0 1 1 1 0 0 0 0 1 0 0 0 0 0 1 0 0 0 0 1 0 0 0 0 1 0 0 0 1 0 1 0 0 0 0
 1 0 1 0 0 1 0 0 0 0 1 -69.75872022286245 1 0.08333333333333333
0 0 0 1 0 1 0 0 0 0 1 0 1 0 0 0 1 0 0 1 0 1 0 0 0 0 1 0 0 1 0 0 1 0 1 0 0
 1 0 1 0 0 1 0 0 1 0 0 -70.08327554319922 1 0.125
0 0 0 1 0 1 0 0 0 0 1 0 1 0 0 1 0 0 0 1 0 1 0 0 0 0 1 0 1 0 0 0 1 0 0 0 0
 1 1 0 0 0 1 0 1 0 0 0 -73.92099788303084 1 0.10416666666666667
0 0 0 1 0 1 0 0 1 0 0 0 0 0 1 0 1 0 0 1 0 1 0 0 0 0 0 0 0 0 1 0 1 0 0 0 0
 0 0 1 0 0 1 0 0 1 0 0 -67.59644256269407 1 0.0625
0 0 0 1 0 1 0 0 1 0 0 0 0 0 1 0 1 0 0 1 0 1 0 0 0 0 1 0 0 0 1 0 1 0 0 1 0
 1 0 0 0 0 1 0 0 0 1 0 -68.92099788303084 1 0.125
0 0 1 1 1 0 0 0 1 0 0 0 0 1 0 0 0 0 0 1 1 0 0 0 0 0 1 0 0 1 0 0 1 0 0 0 0
 0 0 1 0 0 1 0 0 1 0 0 -67.75872022286245 1 0.020833333333333332
0 0 0 1 1 1 0 0 0 0 1 0 1 0 0 0 1 0 0 0 0 1 0 0 0 0 1 1 0 1 0 0 1 0 0 0 0
 1 0 1 0 0 1 0 0 0 1 0 -66.08327554319922 1 0.125
0 0 0 1 0 1 0 0 1 0 0 0 0 0 1 0 0 0 0 1 0 1 0 0 0 0 1 0 1 0 1 0 0 0 1 0 0
 1 0 0 1 0 0 0 0 0 0 1 -73.75872022286245 1 0.08333333333333333
0 0 0 1 0 1 0 0 0 0 1 0 1 1 0 0 1 0 0 1 0 1 0 0 0 0 1 0 0 0 1 0 1 0 0 0 0
 0 1 0 0 0 1 1 0 1 0 0 -64.08327554319922 1 0.125
0 1 0 0 1 0 0 0 0 0 1 0 0 0 0 1 1 0 0 1 0 1 0 0 0 0 1 0 0 1 0 0 1 0 0 0 0
 0 0 1 0 0 1 0 0 1 0 0 -65.75872022286245 1 0.020833333333333332
0 0 0 1 1 0 0 0 0 0 1 0 0 1 0 0 1 0 0 1 0 1 0 0 0 0 1 0 0 1 0 0 1 0 0 0 0
 0 0 1 0 0 1 0 0 1 0 0 -75.75872022286245 1 0.0625
0 0 0 1 0 1 0 0 1 0 0 0 0 0 1 0 0 0 0 1 0 1 0 0 0 0 1 0 1 0 0 0 0 1 0 0 0
 1 0 1 1 0 0 0 0 0 1 0 -67.75872022286245 1 0.0625
0 1 1 0 1 0 0 0 0 0 1 0 0 0 0 1 0 0 0 1 0 1 0 0 0 0 1 0 1 0 0 0 0 1 0 0 0
 0 0 1 0 0 1 0 1 0 0 0 -67.75872022286245 1 0.041666666666666664
0 0 1 0 0 1 0 0 1 0 0 0 0 0 0 1 1 0 0 1 0 1 0 0 0 0 1 0 0 0 1 0 0 0 1 0 0
 1 0 0 0 0 1 0 1 0 0 1 -64.92099788303084 1 0.041666666666666664
0 0 0 1 0 1 0 0 0 0 1 0 1 0 0 0 1 0 0 1 0 1 0 0 0 0 1 0 0 1 1 0 1 0 0 0 0
 0 0 1 0 0 1 0 0 1 0 0 -68.92099788303084 1 0.10416666666666667
0 0 1 0 0 1 0 0 1 0 0 0 0 0 0 1 0 0 0 1 0 1 0 0 1 0 0 0 0 0 1 0 1 0 1 0 0
 1 0 0 0 0 0 1 0 0 0 1 -71.75872022286245 1 0.041666666666666664
0 0 1 0 0 1 0 0 1 0 0 0 0 0 0 1 0 1 0 1 0 1 0 0 0 0 1 0 1 0 0 0 0 0 1 0 0
 1 0 1 0 0 1 0 1 0 0 0 -64.92099788303084 1 0.020833333333333332
0 0 0 1 0 1 0 0 0 0 0 1 1 0 1 0 0 0 0 1 0 1 0 0 0 0 1 0 1 0 1 0 1 0 1 0 0
 1 0 0 0 1 1 0 0 0 0 1 -65.24555320336759 1 0.125
0 0 0 1 0 0 1 0 1 0 0 0 0 1 0 0 1 0 0 0 0 0 1 0 0 0 1 1 0 1 0 0 1 0 0 0 0
 0 0 1 0 0 1 0 0 1 0 0 -67.75872022286245 1 0.020833333333333332
0 1 0 0 0 0 0 1 0 0 1 0 0 1 0 0 1 0 0 0 0 1 0 0 0 0 1 0 0 1 0 0 1 0 0 0 0
 0 0 1 0 0 1 0 0 1 0 0 -62.59644256269407 1 0.041666666666666664
0 0 0 1 0 1 0 0 1 0 0 1 1 0 0 0 1 0 0 1 0 1 0 0 0 0 1 0 0 1 1 0 1 0 0 0 0
 1 0 0 0 0 1 0 0 0 0 1 -61.08327554319923 1 0.0625
0 0 0 1 1 1 0 0 0 0 1 0 0 1 0 0 0 0 0 1 1 1 0 0 0 0 1 0 1 0 0 0 0 0 1 0 0
 0 0 1 1 0 1 0 0 1 0 0 -62.08327554319922 1 0.10416666666666667
0 0 0 1 0 1 0 0 0 0 1 0 1 0 0 1 0 0 0 1 0 1 0 0 0 0 1 0 0 1 0 0 0 0 1 0 0
 1 0 0 0 0 0 1 1 0 0 0 -70.75872022286245 1 0.10416666666666667
0 0 1 1 0 1 0 0 0 0 0 0 1 1 0 0 0 0 0 1 1 1 0 0 0 0 1 0 1 0 1 0 1 0 1 0 0
 1 0 0 0 1 0 0 0 0 0 1 -58.2455532033676 1 0.10416666666666667
0 1 0 0 0 0 0 1 0 0 1 0 1 0 0 0 0 1 0 1 0 1 0 0 0 0 1 0 1 0 0 0 0 0 1 0 1
 0 0 1 0 0 1 0 0 1 0 0 -62.92099788303084 1 0.041666666666666664
0 0 0 1 0 1 0 0 0 0 1 0 1 0 0 0 1 1 0 0 0 1 0 0 0 0 1 1 0 0 0 0 1 0 0 0 0
 1 0 1 0 0 1 0 0 0 1 0 -65.92099788303084 1 0.125
0 0 0 1 0 1 0 0 0 0 1 0 1 0 0 0 0 0 0 1 1 1 0 0 0 0 1 0 1 1 0 0 0 0 1 0 0
 0 0 1 1 0 0 0 0 1 0 0 -64.92099788303084 1 0.10416666666666667
0 0 0 1 1 1 0 0 1 0 0 0 0 0 1 0 0 0 0 1 0 1 0 0 0 0 0 0 1 0 1 0 0 0 1 0 0
 1 0 0 1 0 0 0 0 0 0 1 -66.75872022286245 1 0.0625
0 0 1 0 0 1 0 0 1 0 0 0 0 0 0 1 0 0 0 1 0 1 0 0 0 0 1 0 1 0 0 0 0 0 1 0 0
 1 0 1 0 1 0 0 1 0 0 0 -69.75872022286245 1 0.08333333333333333
0 0 0 1 0 1 0 0 1 0 0 0 0 0 1 0 1 0 0 1 0 1 0 0 0 0 1 1 0 0 1 0 1 0 0 0 0
 1 0 0 0 0 1 0 1 0 0 0 -63.92099788303084 1 0.08333333333333333
0 0 0 1 0 1 0 0 0 0 1 0 1 0 0 0 1 0 0 1 0 1 0 0 0 0 1 0 0 0 1 0 1 0 0 0 0
 1 1 0 0 0 1 1 0 1 0 1 -67.24555320336759 1 0.16666666666666666
0 0 1 0 0 1 0 0 1 0 0 0 0 0 0 1 0 0 0 1 0 1 0 0 0 0 1 0 0 0 1 0 0 0 1 0 0
 1 0 1 0 1 0 0 1 0 0 0 -60.75872022286246 1 0.020833333333333332
0 0 0 1 0 1 0 0 1 0 0 0 1 0 1 0 0 1 0 1 0 1 0 0 1 0 0 0 1 0 1 0 1 0 1 0 0
 1 0 0 0 1 1 0 0 0 0 1 -58.40783086353597 1 0.08333333333333333
0 0 1 0 0 1 0 0 1 0 0 0 0 0 0 1 0 0 0 1 1 0 0 0 0 0 1 0 0 1 0 0 0 0 1 0 0
 0 0 1 0 0 1 0 1 1 0 0 -59.75872022286246 1 0.020833333333333332
1 0 0 0 0 1 0 0 0 0 1 0 0 0 0 1 1 0 0 1 0 1 0 0 0 0 1 0 0 0 1 0 0 1 1 0 0
 1 0 0 0 0 1 0 1 0 0 1 -64.0832755431992 1 0.0625
0 1 1 0 1 0 0 0 0 0 0 1 1 0 0 0 0 1 0 1 0 1 0 0 0 0 1 0 1 0 0 0 0 0 1 0 0
 0 0 1 1 0 0 0 0 1 0 0 -58.92099788303084 1 0.041666666666666664
1 0 0 0 1 0 0 0 0 0 1 1 0 1 0 0 1 0 0 1 0 0 0 0 0 0 1 0 0 1 0 0 0 0 1 0 0
 0 0 1 1 0 1 0 0 1 0 0 -57.920997883030836 1 0.0625
0 0 1 0 0 1 0 0 1 0 0 0 0 1 0 1 0 0 0 1 1 1 0 0 0 0 0 1 1 0 1 0 0 0 1 0 0
 1 0 0 0 0 1 0 1 0 0 1 -55.2455532033676 1 0.041666666666666664
0 1 0 1 1 0 0 0 0 0 1 1 1 0 0 0 1 0 0 1 0 0 0 0 0 0 1 0 0 1 1 0 1 0 0 0 0
 0 0 1 0 0 1 0 0 1 0 1 -52.2455532033676 1 0.041666666666666664
0 1 0 0 1 1 0 0 1 0 0 0 0 0 0 1 1 0 0 1 0 1 0 0 0 0 1 0 0 0 1 0 0 0 0 1 0
 1 0 0 0 0 1 0 1 0 0 0 -51.92099788303084 1 0.125
0 0 1 0 1 1 0 0 1 0 0 0 0 0 0 1 0 0 0 1 0 1 0 0 0 0 1 0 1 0 1 0 0 0 1 0 0
 1 0 1 0 1 0 0 1 0 0 0 -58.08327554319922 1 0.08333333333333333
