0 1 0 0 0 0 1 0 1 0 0 0 0 0 0 1 1 0 0 0 0 0 1 0 0 1 0 0 0 0 0 1 1 0 0 0 0
 0 1 0 0 0 0 1 0 1 0 0 -82.59644256269407 32 0.020833333333333332
0 1 0 0 0 0 1 0 1 0 0 0 0 0 0 1 1 0 0 0 0 0 1 0 0 1 0 0 0 0 0 1 1 0 0 0 0
 0 1 0 0 0 0 1 0 1 0 0 -82.59644256269407 15 0.041666666666666664
0 1 0 0 0 0 1 0 1 0 0 0 0 0 0 1 1 0 0 0 0 0 1 0 0 1 0 0 0 0 0 1 1 0 0 0 0
 0 1 0 0 0 0 1 0 1 0 0 -82.59644256269407 6 0.041666666666666664
0 1 0 0 0 0 1 0 1 0 0 0 0 0 0 1 1 0 0 0 0 0 1 0 0 1 0 0 0 0 0 1 1 0 0 0 0
 0 1 0 0 0 0 1 0 1 0 0 -82.59644256269407 1 0.0625
0 1 0 0 0 0 1 0 1 0 0 0 0 0 0 1 1 0 0 0 0 0 1 0 0 1 0 0 0 0 0 1 1 0 0 0 0
 0 1 0 0 0 0 1 0 1 0 0 -82.59644256269407 2 0.0
0 1 0 1 0 0 1 0 1 0 0 0 0 0 0 1 1 0 0 0 0 0 1 0 0 1 0 0 0 0 0 1 1 0 0 0 0
 0 1 0 0 0 0 1 0 1 0 0 -77.75872022286245 1 0.020833333333333332
0 1 0 0 0 0 1 0 1 0 0 0 0 0 0 1 1 0 0 0 0 0 1 0 0 1 0 0 0 0 0 1 1 0 0 0 0
 0 1 0 0 0 0 1 0 1 0 0 -82.59644256269407 2 0.020833333333333332
0 1 0 1 0 0 1 0 1 0 0 0 0 0 0 1 1 0 0 0 0 0 1 0 0 1 0 0 0 0 0 1 1 0 0 0 0
 0 1 0 0 0 0 1 0 1 0 0 -77.75872022286245 1 0.041666666666666664
0 1 0 0 0 0 1 0 1 0 0 0 0 0 0 1 1 0 0 0 0 0 1 0 0 1 0 0 0 0 0 1 1 0 0 0 0
 1 0 0 0 0 0 1 0 0 1 0 -80.59644256269407 2 0.020833333333333332
0 1 0 0 1 0 0 0 0 0 1 0 0 0 0 1 1 0 0 0 0 1 0 0 0 0 1 0 0 0 0 1 1 0 0 0 0
 0 0 1 0 0 1 0 0 1 0 0 -82.59644256269408 1 0.041666666666666664
0 1 0 0 0 0 1 0 1 0 0 0 0 0 0 1 1 0 0 0 0 0 1 0 0 1 0 0 0 0 0 1 1 0 0 0 0
 1 0 0 0 0 0 1 0 0 1 0 -80.59644256269407 3 0.041666666666666664
0 1 0 0 0 0 1 0 1 0 0 0 0 0 0 1 1 0 0 0 0 0 1 0 0 1 0 0 0 0 0 1 1 0 0 0 1
 0 1 0 0 0 0 1 0 1 0 0 -75.75872022286245 1 0.041666666666666664
0 1 0 0 0 0 1 0 1 0 0 0 0 0 0 1 1 0 0 0 0 0 1 0 0 1 0 0 0 0 0 1 1 0 0 0 0
 0 1 0 0 0 0 1 0 1 0 0 -82.59644256269407 1 0.041666666666666664
0 1 0 0 0 0 1 0 1 0 0 0 0 0 0 1 1 0 0 0 0 0 1 0 0 1 0 0 0 0 0 1 1 0 0 0 1
 0 1 0 0 0 0 1 0 1 0 0 -75.75872022286245 1 0.0625
0 1 0 0 0 0 1 0 1 0 0 0 0 0 0 1 1 0 0 0 0 0 1 0 0 1 0 0 0 0 0 1 1 0 0 0 0
 0 1 0 0 0 0 1 0 1 0 0 -82.59644256269407 1 0.0625
0 1 0 0 0 0 1 0 1 0 0 0 0 0 0 1 1 0 0 0 0 0 1 0 0 1 0 0 0 0 0 1 1 0 0 0 0
 0 1 0 0 0 0 1 0 1 0 0 -82.59644256269407 1 0.041666666666666664
0 1 0 0 0 0 1 0 1 0 0 0 0 0 0 1 1 0 0 0 0 0 1 0 0 1 0 0 0 0 0 1 1 0 0 0 0
 1 1 0 0 0 0 1 0 0 0 0 -77.59644256269407 1 0.041666666666666664
0 1 0 0 0 0 1 0 1 0 0 0 0 0 0 1 1 0 0 0 0 0 1 0 0 1 1 0 0 0 0 1 1 0 0 0 0
 0 1 0 0 0 0 1 0 1 0 0 -77.75872022286245 1 0.0625
1 0 0 0 0 0 1 0 0 1 0 0 0 0 0 1 0 1 0 0 0 0 1 0 1 0 0 0 0 0 0 1 0 0 0 1 0
 0 1 0 1 0 0 0 0 1 0 0 -80.59644256269408 1 0.020833333333333332
0 1 0 0 0 0 1 0 1 0 0 0 0 0 0 1 1 0 0 0 0 0 1 0 0 1 0 0 0 0 0 1 1 0 0 0 0
 1 1 0 0 0 0 1 0 0 0 0 -77.59644256269407 1 0.0625
0 1 0 0 0 0 1 0 1 0 0 0 0 0 0 1 1 0 0 0 0 0 1 0 0 1 0 0 0 0 0 1 1 0 0 0 0
 1 0 0 0 0 0 1 0 0 1 0 -80.59644256269407 1 0.041666666666666664
0 1 0 0 0 0 1 0 1 0 0 0 0 0 0 1 1 0 0 0 0 0 1 0 0 1 0 0 0 0 0 1 1 0 0 0 0
 0 1 0 0 0 0 1 0 0 0 0 -77.4341649025257 2 0.0625
0 1 0 0 0 0 1 0 1 0 0 0 0 0 0 1 1 0 0 0 0 0 1 0 0 1 0 0 0 0 0 1 1 0 0 0 0
 0 1 0 0 0 0 1 0 1 0 0 -82.59644256269407 1 0.041666666666666664
0 1 0 0 0 0 1 0 1 0 0 0 0 0 0 1 1 0 0 0 0 0 1 0 0 1 0 0 0 0 0 1 1 0 0 0 1
 0 1 0 0 0 0 1 0 1 0 0 -75.75872022286245 1 0.0625
0 0 0 1 1 0 0 0 0 1 0 0 0 0 1 0 1 0 0 0 0 1 0 0 0 0 0 1 0 0 1 0 1 0 0 0 0
 0 0 1 0 1 0 0 0 0 1 0 -80.59644256269407 3 0.0
0 0 0 1 0 0 1 0 1 0 0 0 0 1 0 0 1 0 0 0 0 0 1 0 0 1 0 0 0 0 0 1 1 0 0 0 0
 0 1 0 0 0 0 1 0 1 0 0 -80.59644256269407 3 0.0
0 1 0 0 0 0 1 0 1 0 0 0 0 0 0 1 1 0 0 0 0 0 1 0 0 1 0 0 0 0 0 1 0 1 0 0 0
 0 1 0 0 0 0 1 1 0 0 0 -80.59644256269407 1 0.041666666666666664
0 1 0 0 0 0 1 0 1 0 0 0 0 0 0 1 1 0 0 0 0 0 1 0 0 1 0 0 0 0 0 1 1 0 0 0 0
 0 1 0 0 0 0 1 0 1 0 0 -82.59644256269407 1 0.041666666666666664
0 1 0 0 0 0 1 0 1 0 0 0 0 0 0 1 1 0 0 0 0 0 1 0 0 1 0 0 0 0 0 1 0 1 0 0 0
 0 1 0 0 0 0 1 1 0 0 0 -80.59644256269407 1 0.041666666666666664
0 1 0 0 0 0 1 0 1 0 0 0 0 0 0 1 1 0 0 0 0 0 0 1 0 1 0 0 0 0 1 0 1 0 0 0 0
 1 0 0 0 0 0 1 0 0 1 0 -78.59644256269407 1 0.0625
0 1 0 0 0 0 1 0 1 0 0 0 0 0 0 1 1 0 0 0 0 0 1 0 0 1 0 0 0 0 0 1 1 0 0 0 0
 0 1 0 0 0 0 1 0 1 1 0 -77.75872022286245 7 0.041666666666666664
0 1 0 0 0 0 1 0 1 0 0 0 0 0 0 1 1 0 0 0 0 0 1 0 0 1 0 0 0 0 0 1 1 1 0 0 0
 0 1 0 0 0 0 1 0 0 1 0 -77.75872022286245 1 0.041666666666666664
0 1 0 0 0 0 1 0 1 0 0 0 0 0 0 1 1 0 0 0 0 0 1 0 0 1 0 0 0 0 0 1 1 0 0 0 0
 0 1 0 0 0 0 1 0 1 0 0 -82.59644256269407 1 0.0625
0 1 0 0 0 0 1 0 1 0 0 0 0 0 0 1 1 0 0 0 0 0 0 1 0 1 0 0 0 0 1 0 1 0 0 0 0
 1 0 0 0 0 0 1 0 0 1 0 -78.59644256269407 1 0.08333333333333333
0 1 0 0 0 0 1 0 1 0 0 0 0 0 0 1 1 0 0 0 0 0 1 0 0 1 0 0 0 0 0 1 1 0 0 0 0
 0 1 0 0 0 0 1 0 1 1 0 -77.75872022286245 3 0.0625
0 1 0 0 0 0 1 0 1 0 0 0 0 0 0 1 1 0 0 0 0 0 1 0 0 1 0 0 0 0 0 1 1 1 0 0 0
 0 1 0 0 0 0 1 0 0 1 0 -77.75872022286245 3 0.0625
0 1 0 0 0 0 1 0 1 0 0 0 0 0 0 1 1 0 0 0 0 0 1 0 0 1 1 0 0 0 0 1 1 0 0 0 0
 0 1 0 0 0 0 1 0 1 0 0 -77.75872022286245 1 0.020833333333333332
0 1 0 0 0 0 1 0 1 0 0 0 0 0 0 1 1 0 0 0 0 0 1 0 0 1 0 0 0 0 0 1 1 0 0 0 0
 0 1 0 0 0 0 1 0 0 0 0 -77.4341649025257 1 0.0625
0 1 0 0 0 0 1 0 1 1 0 0 0 0 0 1 1 0 0 0 0 0 1 0 0 1 0 0 0 0 0 1 1 0 0 0 0
 0 1 0 0 0 0 1 0 1 0 0 -77.75872022286245 1 0.0625
0 1 0 0 0 0 1 0 1 0 0 0 0 0 0 1 1 0 0 0 0 0 1 0 0 1 0 0 0 0 0 1 1 0 0 0 0
 0 1 0 0 0 0 1 0 0 1 0 -77.59644256269408 2 0.0625
0 1 0 0 0 0 1 0 1 0 0 0 0 0 0 1 1 0 0 0 0 0 1 0 0 1 0 0 0 0 0 1 1 0 0 0 1
 0 1 0 0 0 0 1 0 1 0 0 -75.75872022286245 1 0.08333333333333333
0 1 0 0 0 0 1 0 1 0 0 0 0 0 0 1 1 0 0 0 0 0 1 0 0 1 0 0 0 0 0 1 1 0 0 0 1
 0 1 0 0 0 0 1 0 1 0 0 -75.75872022286245 1 0.0625
0 1 0 0 0 0 1 0 1 0 0 0 0 0 0 1 1 0 0 0 0 0 1 0 0 1 0 0 0 0 0 1 1 0 0 0 0
 0 1 0 0 0 0 1 0 1 0 0 -82.59644256269407 1 0.041666666666666664
0 1 0 0 0 0 1 0 1 0 0 0 0 0 0 1 1 0 0 0 0 0 1 0 0 1 0 0 0 0 0 1 1 0 0 0 0
 1 1 0 0 0 0 1 1 0 0 0 -77.75872022286245 1 0.0625
0 1 0 0 0 0 1 0 1 0 0 0 0 0 0 1 1 0 0 0 0 0 1 0 0 1 0 0 0 0 0 1 1 0 0 0 0
 0 1 0 0 0 0 1 0 1 0 0 -82.59644256269407 1 0.0625
0 1 0 0 0 0 1 0 1 0 0 0 0 1 0 1 1 0 0 0 0 0 1 0 0 1 0 0 0 0 0 1 1 0 0 0 0
 0 1 0 0 0 0 1 0 1 0 0 -77.75872022286245 2 0.020833333333333332
0 1 0 0 0 0 1 0 1 0 0 0 0 0 0 1 1 0 0 0 0 0 1 0 0 1 0 0 0 0 0 1 1 0 0 0 0
 0 1 0 0 0 0 1 0 1 1 0 -77.75872022286245 1 0.020833333333333332
0 1 0 0 0 0 1 0 1 0 0 0 0 0 0 1 1 0 0 0 0 0 1 0 0 1 0 0 0 0 0 1 1 1 0 0 0
 0 1 0 0 0 0 1 0 0 1 0 -77.75872022286245 1 0.020833333333333332
0 1 0 0 0 0 1 0 1 0 0 0 0 0 0 1 1 0 0 0 0 0 1 0 0 1 0 0 0 0 0 1 1 0 0 0 0
 1 1 0 0 0 0 1 0 1 0 0 -77.75872022286245 1 0.020833333333333332
0 1 0 0 0 0 1 0 1 0 0 0 0 0 0 1 1 0 0 0 0 1 1 0 0 1 0 0 0 0 0 1 1 0 0 0 0
 0 1 0 0 0 0 1 0 1 0 0 -77.75872022286245 1 0.08333333333333333
0 1 0 0 0 0 1 0 1 0 0 0 0 0 0 1 1 0 0 0 0 0 1 0 0 1 0 0 0 0 0 1 1 0 0 0 0
 0 1 0 0 0 0 1 0 1 0 0 -82.59644256269407 1 0.0625
0 1 0 0 0 0 1 0 1 1 0 0 0 0 0 1 1 0 0 0 0 0 1 0 0 1 0 0 0 0 0 1 1 0 0 0 0
 0 1 0 0 0 0 1 0 1 0 0 -77.75872022286245 1 0.041666666666666664
0 1 0 0 0 0 1 0 1 0 0 0 0 1 0 1 1 0 0 0 0 0 1 0 0 1 0 0 0 0 0 1 1 0 0 0 0
 0 1 0 0 0 0 1 0 1 0 0 -77.75872022286245 1 0.041666666666666664
0 1 0 0 0 0 1 0 1 0 0 0 0 0 0 1 1 0 0 0 0 0 1 0 0 1 0 0 0 0 0 1 1 0 0 0 0
 1 1 0 0 0 0 1 0 1 0 0 -77.75872022286245 1 0.041666666666666664
0 1 0 0 0 0 1 0 1 0 0 0 0 0 0 1 1 0 0 0 0 0 1 0 0 1 0 0 0 0 0 1 1 0 0 0 0
 0 1 0 0 0 0 1 0 1 1 0 -77.75872022286245 4 0.041666666666666664
0 0 0 0 0 0 1 0 1 0 0 0 0 1 0 1 1 0 0 0 0 0 1 0 0 1 0 0 0 0 0 1 1 0 0 0 0
 0 1 0 0 0 0 1 0 1 0 0 -77.59644256269407 1 0.020833333333333332
0 0 0 1 0 0 1 0 1 0 0 0 0 1 0 0 1 0 0 0 0 0 1 0 0 1 0 0 0 0 0 1 1 0 0 0 0
 0 1 0 0 0 0 1 0 1 0 0 -80.59644256269407 1 0.020833333333333332
0 0 0 0 0 0 1 0 1 0 0 0 0 1 0 1 1 0 0 0 0 0 1 0 0 1 0 0 0 0 0 1 1 0 0 0 0
 0 1 0 0 0 0 1 0 1 0 0 -77.59644256269407 1 0.041666666666666664
0 1 0 0 0 1 0 0 1 0 0 0 0 0 1 1 1 0 0 0 0 0 0 1 0 1 0 0 0 0 1 0 1 0 0 0 0
 1 0 0 0 0 0 1 0 0 1 0 -75.75872022286245 1 0.0625
0 1 0 0 0 0 1 0 1 0 0 0 0 0 0 1 1 0 0 0 0 0 1 0 0 1 0 0 0 0 0 1 1 0 0 0 0
 0 1 0 0 0 0 1 0 1 1 0 -77.75872022286245 1 0.0625
0 1 0 0 0 0 1 0 1 0 0 0 0 0 0 1 1 0 0 0 0 0 1 0 0 1 0 0 0 0 0 1 1 0 0 0 0
 0 1 0 0 0 0 1 0 0 0 0 -77.4341649025257 1 0.08333333333333333
0 1 0 0 0 1 0 0 1 0 0 0 0 0 1 0 1 0 0 0 0 0 0 1 0 1 0 0 0 0 1 0 1 0 0 0 0
 1 0 0 0 0 0 1 0 0 1 0 -75.59644256269407 1 0.0625
0 1 0 0 0 0 1 0 1 0 0 0 0 0 0 1 1 0 0 0 0 0 1 0 0 1 0 0 0 0 0 1 1 0 0 0 0
 0 1 0 0 0 0 1 0 1 1 0 -77.75872022286245 2 0.08333333333333333
0 1 0 0 0 0 1 0 1 0 0 0 0 0 0 1 1 0 0 0 0 0 1 0 0 1 0 0 0 0 0 1 1 0 0 0 1
 0 1 0 0 0 0 1 0 1 0 0 -75.75872022286245 1 0.08333333333333333
0 1 0 0 0 0 1 0 1 0 0 0 0 0 0 1 1 0 0 0 0 1 1 0 0 1 0 0 0 0 0 1 1 0 0 0 0
 0 1 0 0 0 0 1 0 1 0 0 -77.75872022286245 1 0.08333333333333333
0 1 0 0 0 0 1 0 1 0 0 0 0 1 0 0 1 0 0 0 0 0 1 0 0 1 0 0 0 0 0 1 1 0 0 0 0
 0 1 0 0 0 0 1 0 1 0 0 -75.59644256269407 2 0.041666666666666664
0 0 0 1 0 0 1 0 1 0 0 0 0 1 0 0 1 0 0 0 0 0 1 0 0 1 0 0 0 0 0 1 1 0 0 0 1
 0 1 0 0 0 0 1 0 1 0 0 -73.75872022286245 1 0.020833333333333332
0 1 0 0 0 0 1 0 1 0 0 0 0 1 0 1 1 0 0 0 0 0 1 0 0 1 0 0 0 0 0 1 1 0 0 0 0
 0 1 0 0 0 0 1 0 1 0 0 -77.75872022286245 1 0.041666666666666664
0 0 0 0 0 0 1 0 1 0 0 0 0 1 0 0 1 0 0 0 0 0 1 0 0 1 0 0 0 0 0 1 1 0 0 0 0
 0 1 0 0 0 0 1 0 1 0 0 -75.4341649025257 1 0.041666666666666664
0 0 0 1 0 0 1 0 1 0 0 0 0 1 0 0 1 0 0 0 0 0 1 0 0 1 0 0 0 0 0 1 1 0 0 0 1
 0 1 0 0 0 0 1 0 1 0 0 -73.75872022286245 2 0.041666666666666664
0 1 0 0 0 0 1 0 1 0 0 0 0 0 0 1 1 0 0 0 0 0 1 0 0 1 0 0 0 0 0 1 1 1 0 0 0
 0 1 0 0 0 0 1 1 0 0 0 -77.75872022286245 1 0.0625
0 1 0 0 0 0 1 0 1 0 0 0 0 0 0 1 1 0 0 0 0 0 0 1 0 1 0 0 0 0 1 0 1 0 0 0 0
 1 0 0 0 0 0 1 0 0 1 0 -78.59644256269407 1 0.0625
0 1 0 1 0 0 1 0 1 0 0 0 0 0 0 1 1 0 0 0 0 0 1 0 0 1 0 0 0 0 0 1 1 0 0 0 0
 0 1 0 0 0 0 1 0 1 1 0 -72.92099788303084 1 0.041666666666666664
0 1 0 0 0 0 1 0 1 0 0 0 0 0 0 1 1 0 0 0 0 1 1 0 0 1 0 0 0 0 0 1 1 0 0 0 0
 0 1 0 0 0 0 1 0 1 0 0 -77.75872022286245 1 0.0625
0 1 0 0 0 0 1 0 1 0 0 0 0 0 0 1 1 0 0 0 0 0 1 0 0 1 0 0 0 0 0 1 1 0 0 0 0
 0 1 0 0 1 0 1 0 0 1 0 -75.75872022286245 1 0.041666666666666664
0 1 0 0 0 1 0 0 1 0 0 0 0 0 1 1 1 0 0 0 0 0 0 1 0 1 0 0 0 0 1 0 1 0 0 0 0
 1 0 0 0 0 0 1 0 0 1 0 -75.75872022286245 2 0.08333333333333333
0 1 0 0 0 0 1 0 1 0 0 0 0 0 0 1 1 0 0 0 0 0 1 0 0 1 0 0 0 0 0 1 1 1 0 0 1
 0 1 0 0 0 0 1 0 0 1 0 -70.92099788303084 1 0.0625
1 0 0 0 0 0 1 0 0 1 0 0 0 0 0 1 1 0 0 0 0 0 1 0 0 1 0 0 0 0 0 1 1 0 0 0 0
 1 1 0 0 0 0 1 1 0 0 0 -75.75872022286245 1 0.041666666666666664
0 1 0 1 0 0 1 0 1 0 0 0 0 0 0 1 1 0 0 0 0 0 1 0 0 1 0 0 0 0 0 1 1 0 0 0 0
 0 1 0 0 0 0 1 0 1 0 0 -77.75872022286245 1 0.0
0 1 0 0 0 0 1 0 1 0 0 0 0 0 0 1 1 0 0 0 0 0 1 0 0 1 0 0 0 0 0 1 1 0 0 0 1
 0 1 0 0 0 0 1 0 1 1 0 -70.92099788303082 1 0.08333333333333333
0 1 0 0 0 0 1 0 1 0 0 0 0 1 0 0 1 0 0 0 0 0 1 0 0 1 0 0 0 0 0 1 1 0 0 0 0
 0 1 0 0 0 0 1 0 1 0 0 -75.59644256269407 1 0.08333333333333333
0 1 0 0 0 0 1 0 1 0 0 0 0 0 0 1 1 0 0 0 0 0 1 0 0 1 0 0 0 0 1 1 1 0 0 0 0
 0 1 0 0 0 0 1 0 1 0 0 -75.75872022286245 1 0.041666666666666664
0 1 0 0 0 0 1 0 1 0 0 0 0 0 0 1 1 0 0 0 0 0 1 0 0 1 0 0 0 0 0 1 1 0 0 0 0
 0 1 0 0 0 0 1 0 1 1 0 -77.75872022286245 1 0.08333333333333333
0 1 0 0 0 0 1 0 1 0 0 0 0 0 0 1 1 0 0 0 0 0 1 0 0 1 0 0 0 0 0 1 1 0 0 0 0
 0 1 0 0 0 0 1 0 1 0 0 -82.59644256269407 1 0.041666666666666664
0 1 0 0 0 0 1 0 1 0 0 0 0 0 0 1 1 0 0 0 0 0 1 0 0 1 0 0 0 0 0 1 1 0 0 0 0
 0 1 0 0 0 0 1 0 1 1 0 -77.75872022286245 1 0.08333333333333333
0 1 0 0 0 0 1 0 1 0 0 0 0 0 0 1 1 0 0 0 0 0 1 0 0 1 0 0 0 0 0 1 1 0 0 0 0
 0 1 0 0 0 0 1 0 1 1 0 -77.75872022286245 1 0.08333333333333333
0 1 0 0 0 0 1 0 1 0 0 0 0 0 0 1 1 0 0 0 0 0 1 0 0 1 0 0 0 0 0 1 1 0 0 0 1
 0 1 0 0 0 0 1 0 1 0 0 -75.75872022286245 1 0.08333333333333333
0 1 0 0 0 0 1 0 1 0 0 0 0 0 0 1 1 0 0 0 0 0 1 0 0 1 0 0 0 0 0 1 1 0 0 0 0
 0 1 0 0 0 0 1 0 1 1 0 -77.75872022286245 1 0.08333333333333333
0 1 0 1 0 0 1 0 1 0 0 0 0 0 0 1 1 0 0 0 0 0 1 0 0 1 0 0 0 0 0 1 1 1 0 0 0
 0 1 0 0 0 0 1 0 0 1 0 -72.92099788303084 1 0.041666666666666664
0 1 0 0 1 0 0 0 0 1 1 0 0 0 0 1 1 0 0 0 0 1 0 0 0 0 1 0 0 0 0 1 1 0 0 0 0
 0 0 1 0 1 0 0 0 0 1 0 -75.75872022286245 1 0.020833333333333332
0 1 0 0 0 0 1 0 1 0 0 0 0 0 0 1 1 0 0 1 0 0 1 0 0 1 0 0 0 0 0 1 1 0 0 0 0
 0 1 0 0 0 0 1 0 1 0 0 -75.75872022286245 1 0.020833333333333332
0 1 0 0 0 0 1 0 1 0 0 0 0 0 0 1 1 0 0 0 1 0 1 0 0 1 0 0 0 0 0 1 1 0 0 0 0
 0 1 0 0 0 0 1 0 1 0 0 -75.75872022286245 1 0.020833333333333332
0 0 0 1 0 0 1 0 1 0 0 0 0 0 0 1 1 0 0 0 0 0 1 0 0 1 0 0 0 0 0 1 1 0 0 0 0
 0 1 0 0 0 0 1 0 1 0 0 -77.59644256269408 1 0.020833333333333332
0 1 1 0 0 0 0 1 1 0 0 0 0 0 1 0 1 0 0 0 0 0 0 1 0 1 0 0 0 0 1 0 1 0 0 0 0
 1 0 0 0 0 0 1 0 0 1 0 -73.75872022286245 1 0.0625
0 1 0 0 0 0 1 0 1 0 0 0 0 1 0 0 1 0 0 0 0 0 1 0 0 1 0 0 0 0 0 1 1 0 0 0 0
 0 1 0 0 0 0 1 0 1 0 0 -75.59644256269407 1 0.0625
0 1 0 0 0 0 1 0 1 0 0 0 0 0 0 1 1 0 0 0 0 1 0 0 0 0 1 0 0 0 0 1 1 0 0 0 0
 1 0 0 0 0 0 1 0 0 0 0 -73.4341649025257 1 0.041666666666666664
0 1 0 0 1 0 0 0 0 0 1 0 0 0 0 1 1 0 0 0 0 1 0 0 0 0 1 0 0 0 0 1 1 0 0 0 0
 1 0 0 0 0 0 1 0 0 0 0 -73.4341649025257 1 0.041666666666666664
1 0 0 0 0 1 0 0 0 0 0 1 0 0 1 0 1 0 0 0 0 0 0 1 0 1 0 0 0 0 1 0 1 0 0 0 0
 1 0 0 0 0 0 1 0 0 1 0 -76.59644256269407 1 0.020833333333333332
0 1 0 0 0 1 0 0 1 0 0 0 0 0 1 1 1 0 0 0 0 0 0 1 0 1 0 0 0 0 1 0 1 0 0 0 0
 1 0 0 0 0 0 1 0 0 1 0 -75.75872022286245 1 0.041666666666666664
0 1 0 0 0 0 1 0 1 0 0 0 0 0 0 1 1 0 0 0 0 0 1 0 0 1 0 0 0 0 0 1 1 0 0 0 0
 1 1 0 0 0 0 1 0 1 0 0 -77.75872022286245 1 0.0625
0 1 0 0 0 0 1 0 1 0 0 0 0 0 0 1 1 0 0 0 0 0 1 0 0 1 0 0 0 0 0 1 1 0 0 0 0
 0 1 0 0 0 0 1 0 0 1 0 -77.59644256269408 1 0.08333333333333333
0 1 0 0 0 0 1 0 1 0 0 0 0 0 0 1 1 0 0 0 0 0 1 0 0 1 0 0 0 0 0 1 1 0 0 0 0
 0 1 0 0 0 0 1 0 1 1 0 -77.75872022286245 1 0.020833333333333332
0 1 0 0 0 0 0 0 1 0 0 0 0 0 1 1 1 0 0 0 0 0 0 1 0 1 0 0 0 0 1 0 1 0 0 0 0
 1 0 0 0 0 0 1 0 0 1 0 -75.59644256269407 1 0.0625
0 1 0 0 0 0 1 0 1 0 0 0 0 0 0 1 1 0 0 0 0 0 1 0 0 1 0 0 0 0 0 1 1 0 0 0 0
 0 1 0 0 0 0 1 0 1 1 0 -77.75872022286245 1 0.0625
0 1 0 0 0 0 1 0 1 0 0 0 0 0 0 1 1 0 0 0 0 0 1 0 0 1 0 0 0 0 0 1 1 0 0 0 0
 0 0 0 0 0 0 1 0 0 1 0 -75.4341649025257 1 0.041666666666666664
0 1 0 0 0 0 1 0 1 0 0 0 0 0 0 1 1 0 0 0 0 0 1 0 0 1 0 0 0 0 0 1 1 0 0 0 1
 0 1 0 0 0 0 1 0 1 1 0 -70.92099788303082 1 0.08333333333333333
0 1 0 0 0 0 1 0 1 0 0 0 0 0 0 1 1 0 0 0 0 1 1 0 0 1 0 0 0 0 0 1 1 0 0 0 0
 1 1 0 0 0 0 1 0 0 0 0 -72.75872022286245 1 0.10416666666666667
0 1 0 0 0 0 1 0 1 0 0 0 0 1 0 1 1 0 0 0 0 0 1 0 0 1 0 0 0 0 0 1 1 0 0 0 0
 0 1 0 0 0 0 1 0 1 0 0 -77.75872022286245 1 0.0625
0 1 0 0 0 0 1 0 1 1 0 0 0 0 0 1 1 0 0 0 0 0 1 0 0 1 0 0 0 0 0 1 1 0 0 0 0
 1 1 0 0 0 0 1 0 0 0 0 -72.75872022286245 1 0.0625
0 1 0 0 0 0 1 0 1 0 0 0 0 1 0 0 1 0 0 0 0 0 1 0 0 1 0 0 0 0 0 1 1 0 0 0 0
 0 1 0 0 0 0 1 0 1 0 0 -75.59644256269407 1 0.08333333333333333
0 0 0 1 0 0 1 0 1 0 0 0 0 1 0 1 1 0 0 0 0 0 1 0 0 1 0 0 0 0 0 1 1 0 0 0 0
 0 1 0 0 0 0 1 0 1 0 0 -77.75872022286245 1 0.041666666666666664
0 0 0 0 0 0 1 0 1 0 0 0 0 0 0 1 1 0 0 0 0 0 1 0 0 1 0 0 0 0 0 1 1 0 0 0 0
 1 1 0 0 0 0 1 1 0 0 0 -72.59644256269408 1 0.041666666666666664
1 0 0 0 0 1 0 0 0 0 1 0 0 0 0 1 0 1 0 0 0 0 0 1 0 0 1 0 0 0 0 0 0 0 0 1 0
 1 0 0 0 0 1 0 1 0 0 0 -73.4341649025257 1 0.041666666666666664
0 1 0 0 0 0 1 0 1 0 0 0 0 0 0 1 1 0 0 0 0 0 1 0 0 1 0 0 0 0 0 1 0 1 0 0 0
 0 1 0 0 0 0 1 0 1 0 0 -75.59644256269407 1 0.020833333333333332
0 0 0 1 0 0 1 0 1 0 0 0 0 1 0 0 1 0 0 0 0 0 1 0 0 1 0 0 0 0 0 1 1 0 0 0 0
 0 1 0 0 0 0 1 0 1 1 0 -75.75872022286245 1 0.020833333333333332
0 1 0 0 0 0 1 0 1 0 0 0 0 0 0 1 1 0 0 0 0 0 1 0 0 1 0 0 0 0 0 1 1 0 0 0 0
 0 1 0 0 1 0 1 0 1 0 0 -75.75872022286245 1 0.0625
0 1 0 0 0 0 1 0 1 0 0 0 0 1 0 1 1 0 0 0 0 0 1 0 0 1 0 0 0 0 0 1 1 0 0 0 1
 0 1 0 0 0 0 1 0 1 0 0 -70.92099788303084 1 0.0625
0 0 0 1 0 0 1 0 1 0 0 0 0 1 0 0 1 0 0 0 0 0 1 0 0 1 0 0 0 0 0 1 1 0 0 0 0
 0 1 0 0 0 0 1 0 1 1 0 -75.75872022286245 1 0.041666666666666664
0 1 0 0 0 0 1 0 1 0 0 0 0 0 0 1 1 0 0 0 0 0 1 0 0 1 0 0 0 0 0 1 1 0 0 0 1
 0 1 0 0 0 0 1 0 1 1 0 -70.92099788303084 1 0.041666666666666664
0 1 0 0 0 0 1 0 1 0 0 0 0 0 0 1 1 0 0 0 0 0 1 0 0 0 1 0 0 0 0 1 1 0 0 0 0
 0 1 0 0 0 0 1 0 1 0 0 -75.59644256269408 1 0.020833333333333332
0 1 0 0 0 0 1 0 1 0 0 0 0 0 0 1 1 0 0 0 0 1 1 0 0 0 0 0 0 0 0 1 1 0 0 0 0
 0 1 0 0 0 0 1 0 1 0 0 -75.59644256269408 1 0.0625
0 0 0 1 0 0 1 0 1 0 0 0 0 1 0 0 1 0 0 0 0 1 1 0 0 1 0 0 0 0 0 1 1 0 0 0 0
 0 1 0 0 0 0 1 0 1 0 0 -75.75872022286245 1 0.041666666666666664
0 1 0 0 0 0 1 0 1 0 0 0 0 0 0 1 1 0 0 0 0 0 1 0 0 1 0 0 0 0 0 1 1 0 0 0 0
 0 1 0 0 0 0 1 0 1 0 0 -82.59644256269407 1 0.0625
0 1 0 0 0 0 1 0 1 0 0 0 0 0 0 1 1 0 0 0 0 0 1 0 0 0 0 1 0 0 0 1 1 0 0 0 0
 0 1 0 0 0 0 1 0 1 0 0 -73.59644256269408 1 0.041666666666666664
0 0 1 0 0 0 1 0 1 0 0 0 0 1 0 1 1 0 0 0 0 0 1 0 0 1 0 0 0 0 0 1 1 0 0 0 0
 0 1 0 0 0 0 1 0 1 0 0 -75.75872022286245 1 0.0
0 0 0 1 0 0 1 0 1 0 0 0 0 1 0 0 1 0 0 0 0 0 1 0 0 1 0 0 0 0 0 1 1 0 0 0 0
 1 1 0 0 0 0 1 0 1 0 0 -75.75872022286245 1 0.0
1 0 0 0 0 1 0 0 0 0 1 0 0 0 0 1 0 1 0 0 1 0 0 0 0 0 1 0 0 0 0 1 1 0 0 1 0
 1 0 0 0 0 1 0 0 1 0 0 -75.75872022286245 1 0.0
0 1 0 0 0 0 1 0 1 0 0 0 0 0 0 1 1 0 0 0 0 0 1 0 0 1 0 0 0 0 0 1 0 1 0 0 0
 0 1 0 0 0 0 1 0 0 1 0 -75.59644256269407 1 0.0
0 1 0 0 0 0 1 0 1 0 0 0 0 0 0 1 1 0 0 0 0 1 1 0 0 1 0 0 0 0 0 1 1 0 0 0 0
 0 1 0 0 0 0 1 1 0 0 0 -72.75872022286245 1 0.08333333333333333
1 1 0 0 0 0 0 1 0 0 0 0 0 0 1 0 1 0 0 0 0 0 0 1 0 1 0 0 0 0 1 0 1 0 0 0 0
 1 0 0 0 0 0 1 0 0 1 0 -73.59644256269407 1 0.08333333333333333
0 1 0 0 0 0 1 0 0 1 0 0 0 0 0 1 1 0 0 0 0 0 1 0 0 1 0 0 0 0 0 1 1 0 0 0 0
 0 1 0 0 0 0 1 0 1 0 0 -75.59644256269408 1 0.0625
1 0 0 0 0 1 0 1 0 0 0 0 0 0 1 0 1 0 0 0 0 0 0 1 0 1 0 0 0 0 1 0 1 0 0 0 0
 1 0 0 0 0 0 1 0 0 1 0 -73.59644256269407 1 0.0625
0 1 0 0 0 0 1 0 1 0 0 0 0 0 0 1 1 0 0 0 0 0 1 0 0 1 0 0 0 0 0 1 1 0 0 0 1
 0 1 0 0 0 0 1 0 1 0 1 -68.92099788303082 1 0.041666666666666664
0 1 0 0 0 0 1 0 1 0 0 0 0 0 0 1 1 0 0 0 0 1 1 0 0 1 0 0 0 0 0 1 1 0 0 0 0
 0 1 0 0 0 0 1 0 0 1 0 -72.75872022286245 1 0.08333333333333333
0 1 0 0 0 0 1 0 1 0 0 0 0 0 0 1 1 0 0 0 0 0 1 0 0 1 0 0 0 0 0 1 1 0 0 0 0
 0 0 1 0 0 0 1 0 0 1 0 -73.59644256269408 1 0.041666666666666664
0 1 0 0 0 0 1 0 1 0 0 0 0 1 0 0 1 0 0 0 0 0 1 0 0 1 0 0 0 0 0 1 1 0 0 0 1
 0 1 0 0 0 0 1 0 1 0 0 -68.75872022286245 1 0.08333333333333333
0 1 0 0 0 0 1 0 1 0 0 0 0 0 0 1 1 0 0 0 0 0 1 0 0 1 0 0 1 0 0 1 1 0 0 0 1
 0 1 0 0 0 0 1 0 1 0 0 -68.92099788303084 1 0.0625
0 1 0 0 0 0 1 0 1 0 0 0 0 0 1 1 1 0 0 0 0 0 1 0 0 1 0 0 0 0 0 1 1 0 0 0 1
 0 1 0 0 0 0 1 0 1 0 0 -68.92099788303084 1 0.0625
0 1 0 0 0 0 1 0 1 1 0 0 0 0 0 1 1 0 0 0 0 0 1 0 0 1 0 0 0 0 0 1 1 0 0 0 0
 0 1 0 0 1 0 1 0 0 1 0 -72.92099788303084 1 0.0625
0 1 0 0 0 0 1 0 1 0 0 0 0 0 0 1 1 0 0 0 0 0 1 0 0 1 0 0 0 0 1 1 1 0 0 0 0
 0 1 0 0 0 0 1 0 1 1 0 -72.92099788303084 1 0.0625
0 1 0 0 0 0 1 0 1 0 0 0 0 1 0 1 1 0 0 0 0 0 1 0 0 1 0 0 0 0 0 1 1 0 0 0 0
 0 1 0 0 0 0 1 0 1 1 0 -72.92099788303084 1 0.0625
0 0 0 1 0 0 1 0 1 0 0 0 0 1 0 1 1 0 0 0 0 0 1 0 0 1 0 0 0 0 0 1 1 0 0 0 0
 0 1 0 0 0 0 1 0 1 0 0 -77.75872022286245 1 0.020833333333333332
1 0 0 0 0 1 0 1 0 1 0 0 0 0 1 0 1 0 0 0 0 0 0 1 0 1 0 0 0 0 1 0 1 0 0 0 0
 1 0 0 0 0 0 1 0 0 1 0 -73.75872022286245 1 0.0625
0 1 0 0 0 0 1 0 1 1 0 0 0 0 0 1 1 0 0 0 0 0 1 0 0 1 0 0 0 0 0 1 1 0 0 0 0
 0 1 0 0 1 0 1 0 0 0 0 -72.75872022286245 1 0.041666666666666664
0 1 0 0 0 0 1 0 1 0 0 0 0 0 1 1 1 0 0 0 0 0 1 0 0 1 0 0 0 0 0 1 1 0 0 0 0
 1 0 0 0 0 0 1 0 0 1 0 -75.75872022286245 1 0.0625
0 0 0 0 0 0 1 0 1 1 0 0 0 1 0 1 1 0 0 0 0 0 1 0 0 1 0 0 0 0 0 1 1 0 0 0 0
 0 1 0 0 0 0 1 0 1 0 0 -72.75872022286245 1 0.041666666666666664
0 1 0 0 0 0 1 0 0 0 0 0 1 0 0 0 1 0 0 0 0 0 1 0 0 1 0 0 0 0 0 1 1 0 0 0 0
 0 1 0 0 0 0 1 0 1 0 0 -71.4341649025257 1 0.041666666666666664
0 1 0 0 0 0 1 0 1 0 0 0 0 0 0 1 1 0 0 0 0 0 0 1 0 1 0 0 0 0 1 0 1 1 0 0 0
 0 1 0 0 0 0 1 0 0 1 0 -71.75872022286245 1 0.0625
0 1 0 0 0 0 1 0 1 0 0 0 0 0 0 1 1 0 0 0 0 0 0 1 0 1 0 0 0 0 1 0 1 1 0 0 0
 0 1 0 0 0 0 1 0 0 1 0 -71.75872022286245 1 0.08333333333333333
0 0 1 0 0 1 0 0 1 0 0 0 0 0 0 1 1 0 0 0 0 0 1 0 0 1 0 0 0 0 0 1 1 0 0 0 0
 0 1 0 0 0 0 1 0 1 0 0 -74.59644256269407 1 0.0
0 1 0 0 0 0 1 0 1 0 0 0 0 0 0 1 1 0 0 1 0 0 1 0 0 1 0 0 0 0 0 0 1 1 0 0 0
 0 1 0 0 0 0 1 0 0 1 0 -70.75872022286245 1 0.0625
0 1 0 0 0 0 1 0 1 0 0 0 0 0 0 1 1 0 0 0 0 0 0 1 0 1 0 0 0 0 1 0 1 1 0 0 0
 1 0 0 0 0 0 1 0 0 1 0 -73.75872022286245 1 0.08333333333333333
0 1 0 0 0 0 1 0 1 0 0 0 0 1 0 0 1 0 0 0 0 0 1 0 0 1 0 0 0 0 0 1 1 0 0 0 1
 0 1 0 0 0 0 1 0 1 0 0 -68.75872022286245 1 0.10416666666666667
0 1 0 0 0 0 1 0 1 0 0 0 0 0 0 1 1 0 0 0 0 0 0 1 0 1 0 0 0 0 1 0 1 0 0 0 0
 0 1 0 0 0 0 1 0 1 0 0 -72.59644256269407 1 0.020833333333333332
1 0 0 0 0 0 1 0 0 1 0 0 0 0 0 1 1 0 0 0 0 1 1 0 0 0 0 1 0 0 0 1 1 0 0 0 0
 0 1 0 0 0 0 1 0 1 0 0 -73.75872022286245 1 0.020833333333333332
0 1 0 0 0 0 1 0 1 0 0 0 0 1 0 1 1 0 0 0 0 0 1 0 0 1 0 0 0 0 0 1 1 0 0 0 0
 0 1 0 0 0 0 1 0 1 1 0 -72.92099788303084 1 0.041666666666666664
1 0 0 0 1 0 1 0 0 1 0 0 0 0 0 1 1 0 0 0 0 1 0 0 0 0 0 1 0 0 1 0 1 0 0 0 0
 0 0 1 0 1 0 0 0 0 1 0 -73.75872022286245 1 0.020833333333333332
0 0 1 0 0 1 0 0 1 0 0 0 0 0 0 1 0 0 1 0 1 0 0 0 0 1 0 0 0 0 0 1 0 0 1 0 0
 1 0 0 0 0 0 1 0 0 0 0 -73.4341649025257 1 0.0625
0 0 0 1 0 0 1 0 1 0 0 0 0 1 0 0 1 0 0 0 0 0 1 0 0 1 0 0 0 0 0 1 1 0 0 1 0
 0 1 0 0 0 0 1 0 1 0 0 -73.75872022286245 1 0.020833333333333332
0 0 0 1 0 0 1 0 1 0 0 0 0 1 0 0 0 0 0 0 0 0 1 0 0 1 0 0 1 0 0 1 1 0 0 0 0
 0 1 0 0 0 0 1 0 1 0 0 -73.59644256269407 1 0.0
0 0 0 1 0 1 1 0 0 1 0 0 1 0 0 0 1 0 0 0 0 0 1 0 0 1 0 0 0 0 0 1 1 0 0 0 0
 0 1 0 0 0 0 1 0 1 0 0 -69.75872022286245 1 0.020833333333333332
0 1 0 0 0 0 1 0 1 0 0 0 0 0 0 1 1 0 0 0 0 0 1 0 0 1 0 0 0 0 0 1 1 1 0 0 0
 0 1 0 1 0 0 1 0 1 0 0 -70.92099788303084 1 0.0625
0 0 0 1 0 0 1 0 1 0 0 0 0 1 0 0 1 0 0 0 0 0 1 0 0 1 0 0 0 0 0 1 1 0 0 0 1
 0 1 0 0 0 0 1 0 1 0 0 -73.75872022286245 1 0.08333333333333333
0 0 0 0 0 0 1 0 1 0 0 0 0 1 0 1 1 0 0 0 0 0 1 0 0 1 0 0 0 0 0 1 1 0 0 0 0
 0 1 0 0 0 0 1 0 1 1 0 -72.75872022286245 1 0.0625
0 1 0 0 0 0 1 0 1 0 0 0 1 0 0 1 1 0 0 0 0 0 1 0 0 1 0 0 0 0 0 1 1 0 0 0 0
 1 1 0 0 0 0 1 0 1 0 0 -70.92099788303084 1 0.041666666666666664
0 1 0 0 0 0 1 0 1 0 0 0 0 0 0 1 1 0 0 0 0 0 1 0 0 1 0 0 0 0 0 1 1 0 0 0 0
 0 1 0 0 0 0 1 0 1 0 0 -82.59644256269407 1 0.041666666666666664
0 1 0 0 0 0 0 0 1 0 1 0 0 0 0 1 1 0 0 0 0 0 1 0 0 1 0 0 0 0 0 1 1 0 0 0 0
 0 1 0 0 0 0 1 0 1 0 0 -71.59644256269407 1 0.0625
0 0 1 0 0 0 1 0 0 1 0 0 0 0 0 1 1 0 0 0 0 0 1 0 0 1 0 0 0 0 0 1 1 0 0 0 0
 0 1 0 0 0 0 1 0 1 0 0 -73.59644256269408 1 0.020833333333333332
1 0 0 0 0 0 1 0 0 1 0 0 1 0 0 1 1 0 0 0 0 0 1 0 0 1 0 0 0 0 0 1 1 0 0 0 0
 1 0 0 0 0 0 1 0 0 1 0 -71.75872022286245 1 0.020833333333333332
0 1 0 0 0 0 1 0 1 0 0 0 0 0 0 1 1 0 0 0 0 0 1 0 0 1 0 0 0 0 0 0 1 0 0 0 0
 0 1 0 0 0 0 1 1 0 0 0 -70.4341649025257 1 0.08333333333333333
0 1 0 0 0 0 1 0 1 0 0 0 0 0 0 1 1 0 0 0 0 0 1 1 0 1 0 0 0 0 0 0 1 0 0 0 0
 1 1 0 0 0 0 1 0 0 0 0 -70.59644256269407 1 0.0625
0 1 0 0 1 0 0 0 1 0 1 0 0 0 0 1 1 0 0 0 0 0 0 0 0 1 1 0 0 0 0 1 1 0 0 0 0
 1 0 0 0 0 0 1 0 0 1 0 -68.75872022286245 1 0.041666666666666664
0 1 0 0 0 0 1 0 1 0 0 0 0 0 0 1 1 0 0 0 0 0 0 1 0 1 1 0 0 0 0 0 1 0 0 0 0
 1 0 1 0 0 0 1 0 0 1 0 -66.75872022286245 1 0.10416666666666667
0 1 0 0 1 0 1 0 1 0 0 0 0 0 0 1 1 0 0 0 0 1 0 0 0 1 0 0 0 0 0 1 1 0 0 0 0
 1 0 0 0 0 0 1 0 0 1 0 -70.75872022286245 1 0.0625
1 0 0 0 0 1 1 0 1 0 0 0 0 0 0 1 1 0 0 0 0 0 1 0 0 1 0 0 0 0 0 1 1 0 0 0 0
 1 0 0 0 0 0 1 1 0 0 0 -70.75872022286245 1 0.041666666666666664
0 1 0 0 0 0 1 0 1 0 0 0 0 0 0 1 1 0 0 0 0 1 1 0 0 1 0 0 0 0 0 1 1 0 0 0 0
 1 0 0 0 0 0 1 1 0 0 0 -70.75872022286245 1 0.10416666666666667
0 1 0 0 0 0 1 0 1 0 0 0 0 0 0 1 1 0 0 0 0 0 1 0 0 1 0 0 0 0 0 1 1 0 0 0 0
 1 1 0 0 0 0 1 0 0 0 0 -77.59644256269407 1 0.08333333333333333
0 1 0 1 0 0 1 0 1 0 0 0 0 0 0 1 1 0 0 0 0 0 1 0 0 1 0 0 0 0 0 1 1 0 0 0 0
 1 1 0 0 0 0 1 1 0 0 1 -66.08327554319922 1 0.041666666666666664
0 1 0 0 0 0 1 0 1 0 0 0 0 1 0 0 1 0 0 0 0 0 0 1 0 1 0 0 0 0 1 0 1 0 0 0 0
 1 0 0 0 0 0 1 0 0 1 0 -71.59644256269407 1 0.08333333333333333
0 0 0 1 0 0 1 0 1 0 0 0 0 1 0 0 0 0 1 0 1 0 0 0 0 1 0 0 0 0 0 1 1 0 0 0 0
 0 1 0 0 0 0 1 0 1 0 0 -72.59644256269407 1 0.0
0 0 1 0 0 1 0 0 1 0 0 0 0 0 0 1 0 0 1 0 1 0 0 0 0 1 0 0 0 0 0 1 0 0 1 0 0
 1 0 0 1 0 0 1 0 1 0 0 -71.75872022286245 1 0.020833333333333332
0 1 0 0 0 0 1 0 1 0 0 0 0 1 0 0 1 0 0 0 0 0 1 0 0 1 0 0 0 0 0 1 1 0 0 0 0
 1 1 0 0 0 0 1 0 0 0 0 -68.59644256269407 1 0.08333333333333333
1 0 0 0 0 0 0 1 0 1 0 0 0 0 1 0 1 0 0 0 0 0 0 1 0 1 0 0 0 0 1 0 1 0 0 1 0
 0 0 0 0 1 0 0 0 0 1 0 -69.59644256269407 1 0.0625
0 1 0 0 0 0 1 0 1 0 0 0 0 1 0 0 1 0 0 0 0 1 0 0 0 0 1 0 0 0 0 1 1 0 0 0 0
 0 0 1 0 0 1 0 0 1 0 0 -69.59644256269407 1 0.041666666666666664
0 0 0 1 0 0 1 0 0 1 0 0 1 0 0 0 0 1 0 0 0 0 1 0 1 0 0 0 0 0 0 1 1 0 0 0 0
 0 1 0 0 0 0 1 0 1 0 0 -72.59644256269407 1 0.020833333333333332
0 0 0 1 0 0 1 0 1 0 0 0 0 1 0 0 0 0 0 1 0 1 0 0 0 0 1 0 1 0 0 0 1 0 0 0 0
 0 1 0 0 0 0 1 0 1 0 0 -72.59644256269407 1 0.020833333333333332
0 0 0 1 0 1 0 0 1 0 0 0 0 0 1 0 0 0 1 0 1 0 0 1 0 1 0 0 0 0 0 0 1 0 0 0 0
 1 0 0 0 0 0 1 0 0 1 0 -69.59644256269407 1 0.020833333333333332
0 1 0 0 0 0 1 0 1 0 0 0 0 1 0 0 1 0 0 0 0 0 1 0 0 1 0 0 0 0 0 1 1 0 0 0 0
 0 1 0 0 0 0 1 0 1 1 0 -70.75872022286245 1 0.125
0 1 0 0 0 0 1 0 1 0 0 0 0 0 0 1 1 0 0 0 0 0 1 0 0 1 0 0 0 0 1 1 1 0 0 0 0
 0 1 0 0 0 0 1 0 1 1 0 -72.92099788303084 1 0.0625
0 1 0 0 1 0 1 0 0 1 0 0 0 0 0 1 1 0 0 0 0 1 1 0 0 1 0 0 0 0 0 1 1 0 0 0 0
 0 1 0 0 0 0 1 0 1 0 0 -70.92099788303084 1 0.041666666666666664
0 1 0 0 0 1 0 0 1 0 1 0 0 0 0 1 1 0 0 0 0 0 0 1 0 0 1 0 0 1 0 0 1 0 0 0 0
 1 0 0 0 0 0 1 0 0 1 0 -69.75872022286245 1 0.041666666666666664
0 1 0 0 0 0 1 0 1 0 0 0 0 0 0 1 1 0 0 0 0 0 0 1 0 1 0 0 0 0 1 0 0 1 0 0 0
 0 1 0 0 0 0 1 1 0 0 0 -72.59644256269407 1 0.0625
0 1 0 0 0 0 0 0 1 0 0 0 0 0 1 1 1 0 0 0 0 0 0 1 0 1 0 0 0 0 1 0 1 0 0 0 0
 1 0 0 0 0 0 1 0 0 1 0 -75.59644256269407 1 0.08333333333333333
0 1 0 0 0 0 1 0 1 0 0 0 0 0 0 1 1 0 0 0 0 0 1 0 0 1 0 0 0 0 0 1 1 0 0 0 0
 1 0 0 0 0 0 1 0 0 1 0 -80.59644256269407 1 0.10416666666666667
0 1 0 0 0 0 0 1 0 1 0 0 0 0 1 0 1 0 0 0 0 0 0 1 0 1 0 0 0 0 1 0 0 1 0 0 1
 0 0 0 0 0 0 1 0 0 1 0 -69.59644256269407 1 0.020833333333333332
1 0 0 0 0 0 1 0 0 0 0 0 0 1 0 0 0 1 0 0 0 0 0 1 0 0 1 0 1 0 0 0 1 0 0 0 0
 1 0 0 0 0 0 1 0 0 1 0 -67.4341649025257 1 0.020833333333333332
1 0 0 0 0 0 1 0 1 0 0 0 0 1 0 0 1 0 0 0 0 0 1 0 0 1 0 0 0 0 0 1 1 0 0 0 0
 1 1 0 0 0 0 1 0 1 0 0 -70.75872022286245 1 0.020833333333333332
0 0 1 0 1 0 0 0 0 1 0 0 0 0 0 1 1 0 1 0 0 0 0 0 0 1 0 0 0 0 0 1 0 0 1 0 0
 1 0 0 0 0 0 1 1 0 0 0 -69.59644256269407 1 0.020833333333333332
1 0 0 0 0 0 1 0 0 0 0 1 0 1 0 0 1 0 0 0 0 0 1 0 0 1 0 0 0 0 0 1 1 0 0 1 0
 0 1 0 0 0 0 1 0 1 0 0 -71.75872022286245 1 0.0
0 0 0 1 0 0 1 0 1 0 0 0 0 1 0 0 0 0 0 1 0 0 1 0 0 1 1 0 1 0 0 0 1 0 0 0 0
 0 1 0 0 0 0 1 0 1 0 0 -71.75872022286245 1 0.0
0 0 1 0 1 0 0 0 0 1 0 0 0 0 0 1 0 0 1 0 0 1 0 0 1 0 0 0 0 0 0 1 0 0 1 0 0
 0 0 1 0 0 0 0 0 1 0 0 -73.4341649025257 1 0.0625
1 0 0 0 0 0 1 0 0 1 0 0 0 0 0 1 1 0 0 0 0 0 1 0 1 0 0 0 0 0 0 1 1 0 0 0 0
 0 1 0 0 0 0 1 0 1 0 0 -75.59644256269408 1 0.041666666666666664
0 1 0 0 0 0 0 0 1 0 0 0 0 0 1 0 1 0 0 0 0 0 0 1 0 1 0 0 0 0 1 0 1 1 0 0 0
 0 0 0 0 0 0 1 0 0 1 0 -68.4341649025257 1 0.10416666666666667
0 1 0 0 0 0 1 0 1 0 0 0 0 1 0 1 1 0 0 0 0 0 1 0 0 1 0 0 0 0 1 1 1 0 0 0 0
 0 1 0 0 0 0 1 0 1 0 0 -70.92099788303084 1 0.08333333333333333
0 1 0 0 0 0 1 0 1 0 0 0 0 0 0 1 1 0 0 0 0 0 1 0 0 1 0 0 0 0 1 0 1 1 0 0 0
 0 1 0 0 0 0 1 0 0 1 0 -70.75872022286245 1 0.10416666666666667
0 1 0 0 0 0 1 0 1 0 0 0 0 0 0 1 1 0 0 0 0 0 1 0 0 1 0 0 0 0 0 1 1 0 0 0 0
 0 1 0 0 1 0 0 0 1 0 1 -69.75872022286245 1 0.041666666666666664
0 1 0 0 1 0 0 0 0 0 1 0 0 0 0 1 1 0 0 0 0 1 0 0 1 0 1 0 0 0 0 1 1 0 0 0 0
 0 0 1 0 0 1 0 0 0 0 0 -70.59644256269408 1 0.0625
1 0 0 0 0 0 0 1 0 1 0 0 0 0 1 0 0 1 0 0 1 0 0 0 1 0 0 1 0 0 1 0 0 0 0 1 1
 0 0 0 0 1 0 0 0 0 1 0 -71.75872022286245 1 0.08333333333333333
0 0 1 0 0 0 0 1 1 0 0 0 0 1 0 0 0 0 1 0 1 0 0 0 0 1 0 0 0 0 0 1 0 0 0 0 1
 0 0 0 0 0 0 1 0 1 0 0 -67.4341649025257 1 0.020833333333333332
0 1 0 0 0 0 1 0 1 0 0 0 0 0 0 1 1 0 0 0 0 0 1 0 0 1 0 1 0 0 1 0 1 1 0 0 0
 0 1 0 0 0 0 1 0 0 1 0 -68.92099788303084 1 0.041666666666666664
0 1 0 0 0 0 1 0 0 1 0 0 1 0 0 1 1 0 0 0 0 0 1 0 0 1 0 0 0 0 0 1 1 0 0 0 0
 0 1 0 0 0 0 1 0 1 1 0 -68.92099788303084 1 0.041666666666666664
0 1 0 0 0 0 1 0 1 0 0 0 0 1 0 0 1 0 0 0 0 0 1 0 0 1 0 0 0 0 0 1 1 0 0 0 0
 0 1 0 0 0 0 1 0 1 1 0 -70.75872022286245 1 0.041666666666666664
0 1 0 0 0 0 1 0 1 0 0 0 0 0 0 1 1 0 0 0 1 0 0 0 0 1 1 0 0 0 0 1 1 0 0 0 0
 0 1 0 0 0 0 1 0 1 0 0 -73.75872022286245 1 0.020833333333333332
0 1 0 0 0 0 1 0 1 0 0 0 0 0 0 1 1 0 0 0 0 1 0 0 0 0 0 1 0 0 1 0 1 0 0 0 0
 0 0 1 0 0 0 1 0 0 1 0 -69.59644256269408 1 0.041666666666666664
1 0 0 0 0 0 1 0 0 0 0 0 0 1 0 0 1 0 0 0 0 0 1 0 0 1 0 0 0 0 0 0 1 0 0 0 0
 0 1 0 0 0 0 1 0 1 0 0 -66.27188724235731 1 0.0625
1 0 0 0 0 0 1 0 0 1 0 0 0 0 0 1 1 0 0 0 0 0 1 0 0 0 0 1 0 0 0 0 1 0 0 0 0
 0 1 0 0 1 0 0 0 0 1 0 -68.4341649025257 1 0.0625
0 1 0 0 0 0 1 0 1 0 0 0 0 1 0 1 1 0 0 0 0 0 1 0 0 1 0 0 0 0 0 1 1 0 0 0 0
 0 1 0 0 0 0 1 0 1 1 0 -72.92099788303084 1 0.10416666666666667
0 0 0 1 0 0 1 0 1 0 0 0 0 0 0 1 1 0 0 0 0 0 1 0 0 1 0 0 0 0 0 1 1 0 0 0 1
 0 1 0 0 0 0 1 0 1 1 0 -65.92099788303084 1 0.0625
0 1 0 0 0 0 1 0 0 1 0 0 1 0 0 1 1 0 0 0 0 0 1 0 0 1 0 0 0 0 0 1 1 0 0 0 0
 1 0 0 0 0 0 1 0 0 1 0 -71.75872022286245 1 0.041666666666666664
0 1 0 0 0 0 1 0 1 0 0 0 0 0 0 1 1 0 0 0 0 0 1 0 0 0 0 1 0 0 0 0 1 1 0 0 0
 0 1 0 0 0 0 1 0 0 1 0 -66.59644256269408 1 0.08333333333333333
0 1 0 0 0 0 1 0 1 0 0 0 0 0 0 1 1 0 0 0 0 0 0 0 0 1 0 0 0 0 1 0 1 0 0 0 0
 1 0 0 0 0 0 1 0 0 1 0 -73.4341649025257 1 0.0625
0 0 0 1 0 0 1 0 0 1 0 0 1 0 0 0 1 0 0 0 0 0 0 1 0 1 0 0 0 0 1 0 1 0 0 0 0
 1 0 0 0 0 0 1 0 0 1 0 -74.59644256269407 1 0.08333333333333333
0 0 0 0 0 0 1 0 1 0 0 0 0 1 0 1 1 0 0 0 0 0 1 0 0 1 0 0 0 0 0 1 1 0 0 0 0
 0 1 0 0 0 0 1 0 1 0 1 -70.75872022286245 1 0.0
0 1 0 0 0 0 1 0 1 0 0 0 0 0 0 1 0 0 0 1 0 0 1 0 0 1 0 0 1 0 0 0 1 1 0 0 0
 0 1 0 0 0 0 1 0 0 1 0 -69.75872022286245 1 0.08333333333333333
1 0 0 0 0 0 0 1 0 0 1 0 0 1 0 0 1 0 0 0 0 1 0 0 0 0 1 0 0 0 0 1 1 0 0 1 0
 0 0 1 0 0 1 0 0 1 0 0 -71.75872022286245 1 0.041666666666666664
0 1 0 0 0 0 1 0 1 0 0 0 0 0 0 1 1 0 0 0 0 0 1 0 0 1 0 0 0 0 0 1 1 0 0 0 0
 0 1 0 0 1 0 0 0 0 0 1 -74.59644256269407 1 0.0625
0 0 0 1 0 0 1 0 1 0 0 0 0 1 0 0 0 0 0 1 0 0 1 0 0 1 0 0 1 0 0 0 1 1 0 0 0
 0 1 0 0 0 0 1 0 0 1 0 -71.75872022286245 1 0.041666666666666664
0 1 0 0 0 0 1 0 1 0 0 0 0 1 0 0 1 0 0 0 0 0 1 0 0 1 0 0 0 0 0 1 1 0 0 0 0
 0 1 0 0 0 0 1 0 1 0 0 -75.59644256269407 1 0.041666666666666664
0 1 0 0 0 0 1 0 1 0 0 0 0 1 0 1 1 0 0 0 0 1 0 0 0 1 0 0 0 0 1 1 1 0 0 0 0
 0 1 0 0 0 0 1 0 1 0 0 -68.92099788303084 1 0.041666666666666664
0 0 0 0 1 0 1 0 0 1 0 0 0 0 0 1 1 0 0 0 0 1 1 0 1 0 0 1 0 0 0 1 1 0 0 0 0
 0 0 1 0 1 0 0 0 0 1 0 -65.92099788303084 1 0.041666666666666664
0 1 0 0 0 0 1 0 0 1 0 0 0 0 0 1 1 0 0 0 0 1 1 0 0 0 0 1 0 0 0 1 1 0 0 0 0
 0 1 0 0 0 0 1 0 1 0 0 -68.75872022286245 1 0.0625
0 1 0 0 0 1 0 0 1 0 0 0 0 0 0 1 1 0 0 0 0 0 0 1 0 1 0 0 0 0 1 0 1 0 0 0 0
 1 0 0 0 0 0 1 0 0 1 0 -73.59644256269407 1 0.0625
0 1 0 0 0 0 1 0 0 1 0 0 0 0 0 1 1 0 0 0 0 1 1 0 0 0 0 1 0 0 0 1 1 0 0 0 0
 0 1 0 0 0 0 1 0 1 0 0 -68.75872022286245 1 0.08333333333333333
0 0 0 1 0 0 1 0 1 0 0 0 0 1 0 0 0 0 1 0 1 0 0 0 0 1 0 0 0 0 0 1 1 0 0 0 0
 0 1 0 0 0 0 1 0 1 0 0 -72.59644256269407 1 0.020833333333333332
1 0 0 0 0 0 0 1 0 1 0 0 0 0 1 0 1 0 0 0 0 0 0 1 0 1 0 0 0 0 1 0 1 1 0 0 0
 0 0 0 0 0 0 1 0 0 1 0 -69.59644256269407 1 0.10416666666666667
0 1 0 0 0 0 1 0 1 0 0 0 0 0 0 1 1 0 0 0 0 0 1 0 0 1 0 0 0 0 0 1 1 0 0 0 0
 0 1 0 0 0 0 1 1 0 0 0 -77.59644256269408 1 0.08333333333333333
1 0 0 0 1 0 0 0 0 0 1 0 0 1 0 1 1 0 0 0 0 1 0 0 0 0 1 0 0 0 0 1 0 0 0 1 0
 0 0 1 0 0 1 0 1 1 0 0 -70.92099788303084 1 0.020833333333333332
0 1 0 0 0 0 1 0 1 1 0 0 0 0 0 1 1 0 0 0 0 1 1 0 0 1 0 0 0 0 0 1 1 0 0 0 0
 0 1 0 0 1 0 0 0 0 0 1 -66.92099788303082 1 0.10416666666666667
0 1 0 0 0 0 1 0 1 0 0 0 0 1 0 0 1 0 0 0 0 0 1 0 0 1 0 0 0 0 0 1 1 1 0 0 1
 0 1 0 0 0 0 1 0 0 1 0 -61.92099788303083 1 0.08333333333333333
0 1 0 0 0 0 1 0 1 0 0 0 0 0 0 1 1 0 0 0 0 0 1 0 0 1 0 0 0 0 0 1 1 1 0 0 0
 0 1 0 0 0 0 1 0 1 0 0 -77.75872022286245 1 0.041666666666666664
0 1 0 0 0 0 1 0 1 0 0 0 0 0 1 1 1 0 0 0 0 0 0 1 0 1 0 0 0 0 1 0 1 0 0 0 0
 0 1 0 0 0 0 1 0 1 1 0 -66.92099788303084 1 0.08333333333333333
0 0 0 1 0 0 1 0 1 0 0 0 0 1 0 0 0 0 0 1 0 0 1 0 0 1 0 0 1 0 0 0 1 0 0 0 0
 0 1 0 0 1 0 1 0 0 1 0 -69.75872022286245 1 0.0
0 1 0 0 0 0 1 0 1 0 0 0 0 0 0 1 0 0 0 0 0 0 1 0 0 1 0 0 1 0 0 1 1 0 0 0 0
 0 1 0 0 0 0 1 0 1 0 0 -71.59644256269407 1 0.041666666666666664
0 1 0 0 0 0 1 0 1 0 0 0 0 0 0 1 1 0 0 0 0 0 1 0 0 0 0 1 0 0 1 0 1 0 0 0 0
 0 1 0 0 1 0 1 0 0 1 0 -66.75872022286245 1 0.10416666666666667
0 0 0 1 0 0 1 0 1 0 0 0 0 1 0 0 0 0 1 0 0 0 1 0 0 1 0 0 1 0 0 0 1 0 0 0 0
 0 1 0 0 0 0 1 0 1 0 0 -69.59644256269407 1 0.0
0 0 0 1 0 0 1 0 1 0 0 0 0 1 0 0 0 0 0 1 1 0 1 0 0 1 0 0 0 0 0 0 1 0 0 0 0
 0 1 0 0 0 0 1 0 1 0 0 -69.59644256269407 1 0.0625
0 1 0 0 0 0 1 0 1 0 0 0 0 0 0 1 1 0 0 0 0 0 1 1 0 1 0 0 0 0 0 0 0 1 0 0 0
 0 1 0 0 0 0 1 1 0 0 0 -71.59644256269407 1 0.10416666666666667
0 0 1 0 0 1 0 0 1 0 0 0 0 0 0 1 0 0 1 0 1 0 0 0 0 1 0 0 0 0 0 1 1 0 0 0 0
 0 0 0 0 0 0 1 0 1 0 0 -69.4341649025257 1 0.0
0 1 0 0 0 0 1 0 1 0 0 0 0 1 0 0 1 0 0 0 0 0 1 0 0 1 0 0 0 0 0 1 1 0 0 0 0
 0 1 0 0 0 0 1 0 1 1 0 -70.75872022286245 1 0.125
0 0 1 0 0 1 0 0 1 0 0 0 0 0 0 1 1 0 0 0 0 1 0 0 0 1 0 0 0 0 0 1 1 0 1 0 0
 1 0 0 0 0 0 1 1 0 0 0 -68.75872022286245 1 0.0625
1 0 0 0 0 0 1 0 0 1 0 0 0 0 1 0 1 0 0 0 0 0 1 0 0 1 0 0 0 0 0 1 1 0 0 0 1
 0 1 0 0 0 0 1 0 1 1 0 -61.920997883030836 1 0.08333333333333333
0 0 0 0 0 1 1 0 1 0 0 0 0 0 0 1 0 0 1 0 1 0 0 0 0 1 0 0 0 0 0 1 1 0 0 0 0
 1 1 0 0 0 0 1 1 0 0 0 -66.75872022286245 1 0.0625
0 1 0 0 0 0 1 0 1 0 0 0 0 0 0 1 1 0 1 0 0 1 0 0 0 1 0 0 0 0 0 1 1 1 0 0 0
 0 1 0 0 0 0 1 0 0 1 0 -68.92099788303084 1 0.041666666666666664
0 1 0 0 0 0 1 0 1 1 0 0 0 0 0 1 1 0 0 0 0 0 1 0 0 0 0 1 0 0 0 1 1 0 0 0 0
 0 1 0 0 0 0 1 0 1 0 0 -68.75872022286245 1 0.020833333333333332
0 1 0 0 0 0 1 0 1 0 0 0 0 0 0 1 1 0 0 0 0 0 1 1 0 1 0 0 0 0 1 0 1 0 0 0 0
 0 1 0 0 1 0 1 0 0 1 0 -66.92099788303084 1 0.10416666666666667
0 1 0 0 0 0 1 0 1 0 0 0 0 0 0 1 1 0 0 0 0 0 0 1 0 1 0 0 0 0 1 0 1 0 0 0 0
 0 0 0 0 0 0 1 0 1 1 0 -69.59644256269407 1 0.08333333333333333
1 0 0 0 0 0 0 1 0 1 0 0 0 0 1 0 1 0 0 0 0 0 0 1 1 0 0 0 0 0 1 0 1 0 0 1 0
 0 0 0 0 1 0 0 0 0 1 0 -66.59644256269407 1 0.10416666666666667
0 0 1 0 0 1 0 0 1 0 0 0 0 0 0 1 0 0 0 0 0 0 1 0 0 1 0 0 0 0 0 1 1 0 0 0 0
 1 0 0 0 0 0 1 0 0 1 0 -69.4341649025257 1 0.020833333333333332
0 0 0 1 0 0 1 0 1 0 0 0 0 1 0 0 1 0 0 1 0 0 1 0 0 1 0 0 0 0 1 0 1 1 0 0 0
 0 1 0 0 0 0 1 0 0 1 0 -68.92099788303084 1 0.0625
0 1 0 0 0 0 1 0 1 0 0 0 0 0 1 1 1 0 0 0 0 0 1 0 0 1 0 1 0 0 0 0 1 0 0 0 0
 1 0 0 0 0 0 1 0 0 1 0 -66.75872022286245 1 0.08333333333333333
0 1 0 0 0 0 1 0 0 0 0 0 0 0 0 1 1 0 0 0 0 0 1 0 0 1 0 0 0 0 0 1 1 0 0 0 0
 0 1 0 0 0 0 1 0 1 1 0 -70.59644256269407 1 0.10416666666666667
0 1 0 0 0 0 1 0 1 0 0 0 0 0 0 1 1 0 0 0 0 0 1 0 1 1 0 0 0 0 0 1 1 0 0 0 0
 0 1 0 0 0 0 1 1 0 0 0 -70.75872022286245 1 0.08333333333333333
0 1 0 0 0 0 1 0 1 0 0 0 0 0 0 1 0 0 1 0 0 0 1 0 1 1 0 0 0 0 0 1 1 0 0 0 0
 0 1 0 0 0 0 1 0 1 0 0 -69.75872022286245 1 0.08333333333333333
0 1 0 0 0 0 1 0 1 0 0 0 0 0 0 1 0 0 0 1 0 0 1 0 0 1 0 0 0 0 1 0 1 1 0 0 0
 0 1 0 0 0 0 1 0 0 1 0 -66.75872022286245 1 0.10416666666666667
1 0 1 0 0 0 1 0 0 1 0 0 0 0 0 1 1 0 0 0 0 0 1 0 1 0 0 0 0 0 0 1 1 0 0 0 0
 0 1 0 0 0 0 1 0 1 0 0 -68.75872022286245 1 0.020833333333333332
0 1 0 0 0 0 1 0 0 1 0 0 1 0 0 1 1 0 0 1 0 0 1 0 0 1 0 0 0 0 0 1 1 0 0 0 0
 0 1 0 0 0 0 1 0 1 0 0 -66.92099788303084 1 0.020833333333333332
0 0 0 1 0 0 1 0 1 0 0 0 0 1 0 0 1 0 0 0 0 0 1 0 0 1 0 0 1 0 0 0 1 0 0 0 0
 0 1 0 0 0 0 1 0 0 1 0 -68.59644256269408 1 0.0
0 1 0 0 1 0 0 0 0 0 1 0 0 0 0 1 1 0 0 0 0 1 0 0 0 0 1 0 0 0 0 1 1 0 0 0 0
 0 1 0 0 0 0 1 0 0 0 1 -69.59644256269408 1 0.041666666666666664
0 0 0 0 0 0 1 0 0 1 0 0 0 0 0 1 1 0 0 0 0 1 0 0 1 0 0 0 0 0 0 1 1 0 0 0 0
 1 0 0 0 0 0 1 0 0 1 0 -68.4341649025257 1 0.08333333333333333
0 1 0 0 0 0 1 0 0 0 1 0 1 0 0 1 1 0 0 0 0 0 0 0 0 1 1 0 0 0 0 1 1 0 0 0 0
 0 1 0 0 0 0 1 0 1 0 0 -66.75872022286245 1 0.020833333333333332
0 1 0 0 0 0 1 0 1 0 0 0 0 0 1 1 1 0 0 0 0 0 0 1 0 1 0 0 0 0 1 0 1 1 0 0 0
 0 0 1 0 0 0 1 0 0 1 0 -66.92099788303084 1 0.0625
0 0 0 1 1 0 0 0 1 1 0 0 0 0 1 0 1 0 0 0 0 0 0 0 0 1 0 0 0 0 1 0 1 0 0 0 0
 1 0 0 0 0 0 1 0 0 1 0 -68.59644256269407 1 0.10416666666666667
0 0 0 1 0 0 1 0 1 0 0 0 0 1 0 0 0 0 0 1 1 0 0 0 0 1 0 0 0 0 1 0 1 0 0 0 0
 0 1 0 0 0 0 1 0 1 1 0 -67.75872022286245 1 0.020833333333333332
0 0 0 0 0 0 1 0 0 1 0 0 1 0 0 1 0 0 0 0 0 0 1 0 1 0 0 1 0 1 0 0 1 0 0 0 0
 0 1 0 0 1 0 0 0 0 0 1 -66.59644256269407 1 0.020833333333333332
0 0 0 1 0 0 1 0 1 0 0 0 0 1 0 0 0 0 1 1 1 0 0 0 0 1 0 0 0 0 0 0 1 0 0 0 0
 0 1 0 0 0 0 1 0 1 0 0 -65.59644256269407 1 0.041666666666666664
0 0 0 1 0 0 1 0 1 1 0 0 0 0 0 1 1 0 0 0 0 0 1 0 0 1 0 0 0 0 0 1 1 0 0 0 0
 0 1 0 0 1 0 1 0 0 1 0 -72.92099788303084 1 0.041666666666666664
0 1 0 0 0 0 1 0 1 0 0 0 0 0 0 1 1 0 0 1 0 0 1 0 0 1 0 0 0 0 0 1 1 0 0 0 0
 0 1 0 0 0 0 1 0 1 1 0 -70.92099788303084 1 0.0625
0 0 1 0 1 0 0 0 0 1 0 0 0 0 0 1 0 0 1 0 1 0 0 0 0 1 0 0 0 0 0 1 0 0 1 0 0
 1 0 0 0 0 0 1 0 0 0 0 -67.4341649025257 1 0.020833333333333332
0 1 0 0 0 0 1 0 1 0 0 0 0 0 0 1 1 0 0 0 1 0 1 0 0 1 0 0 0 0 0 1 1 1 0 0 1
 0 1 0 0 0 0 1 0 1 0 0 -66.0832755431992 1 0.0625
0 0 1 0 0 1 0 0 1 0 0 0 0 0 0 1 0 0 1 0 0 1 0 0 0 0 0 1 1 0 0 0 1 0 0 0 0
 1 0 0 0 0 0 1 0 0 1 0 -68.59644256269407 1 0.020833333333333332
1 0 0 0 0 0 0 1 0 1 0 0 0 0 1 0 1 0 0 0 0 0 0 1 0 1 0 0 0 0 1 0 1 0 1 0 0
 1 0 0 0 0 0 1 0 1 0 0 -65.75872022286245 1 0.10416666666666667
0 0 0 1 0 1 0 0 1 0 0 0 0 0 1 0 1 0 0 0 0 0 0 1 0 1 0 0 0 0 1 0 1 0 0 0 0
 1 0 0 0 0 0 1 0 0 1 0 -80.59644256269407 1 0.0625
0 1 0 0 0 0 1 0 1 0 0 0 0 0 0 1 1 0 0 0 0 0 1 0 0 1 0 0 0 0 1 1 1 1 0 0 0
 0 1 0 0 0 0 1 0 1 1 0 -68.0832755431992 1 0.0625
0 1 0 0 0 1 0 0 1 0 0 0 0 0 0 1 1 0 0 0 1 0 0 0 0 1 1 0 0 0 0 1 1 0 0 0 0
 1 1 0 0 0 0 1 1 0 0 0 -63.920997883030836 1 0.041666666666666664
0 1 0 0 1 0 0 0 1 0 0 0 0 0 1 1 1 0 0 0 0 1 0 0 0 0 1 0 0 0 1 1 1 0 0 0 0
 0 0 1 0 1 0 1 0 0 1 0 -66.08327554319922 1 0.020833333333333332
0 0 0 1 0 1 1 0 1 1 0 0 0 0 0 1 0 0 0 1 1 0 1 0 0 1 0 0 0 0 0 1 1 0 0 0 0
 0 1 0 0 0 0 1 0 1 0 0 -64.0832755431992 1 0.020833333333333332
1 0 0 0 0 0 0 1 0 1 0 0 0 0 1 0 0 1 0 0 1 0 0 1 0 0 1 0 0 0 0 0 0 0 0 1 1
 0 0 0 0 0 0 1 0 1 1 0 -62.75872022286246 1 0.0625
1 1 0 0 0 0 0 1 0 1 0 0 0 0 1 0 1 0 0 0 0 0 0 1 0 1 0 0 0 0 1 0 1 0 0 0 0
 0 1 0 0 1 0 1 0 0 1 0 -64.92099788303084 1 0.10416666666666667
0 1 0 0 0 0 1 0 1 1 0 0 0 0 0 1 1 0 0 0 0 1 0 0 0 0 0 1 0 0 1 0 1 0 0 0 0
 0 0 1 0 1 0 0 0 0 1 0 -69.75872022286245 1 0.0625
0 1 0 0 0 0 1 0 0 1 0 0 0 0 0 1 1 0 0 0 0 0 0 1 0 1 0 0 0 0 1 0 1 1 0 0 0
 0 0 0 0 0 0 1 0 0 1 0 -64.59644256269407 1 0.08333333333333333
0 1 0 0 0 0 1 0 1 0 0 0 0 1 0 1 1 0 0 0 0 0 1 0 0 1 0 0 0 0 0 1 1 0 1 0 0
 0 0 1 0 0 0 1 0 1 0 0 -66.92099788303082 1 0.041666666666666664
0 0 0 0 0 0 1 0 1 1 0 0 0 0 0 1 1 0 0 0 0 0 1 0 0 1 0 0 0 0 0 1 1 0 0 0 0
 0 0 1 0 1 0 0 0 0 1 0 -69.59644256269408 1 0.041666666666666664
0 1 0 0 1 0 0 0 0 1 0 0 0 0 1 0 1 0 0 0 0 1 0 0 0 1 0 0 0 0 1 1 1 0 0 0 0
 0 0 1 0 1 0 1 0 0 1 0 -65.92099788303084 1 0.041666666666666664
0 1 0 0 0 0 1 0 1 1 0 0 0 0 0 1 1 0 0 0 0 0 1 0 0 0 0 1 0 0 0 0 1 0 0 0 0
 0 1 0 0 1 0 1 0 0 0 0 -63.59644256269408 1 0.0625
0 0 1 0 0 0 0 1 1 0 0 0 0 1 0 0 1 0 0 0 0 0 0 1 0 1 0 0 0 0 1 0 1 0 0 0 0
 0 0 0 0 0 0 1 0 1 1 0 -67.59644256269407 1 0.041666666666666664
0 0 0 1 0 0 1 0 0 1 0 0 1 0 0 0 1 0 0 0 0 0 0 1 0 1 0 0 0 0 1 0 1 0 0 0 0
 0 1 0 0 1 0 1 0 0 1 0 -67.75872022286245 1 0.0625
0 0 0 0 1 0 1 0 0 1 0 0 0 0 0 1 1 0 0 0 0 1 0 0 0 0 0 1 0 0 1 1 1 0 0 0 0
 0 0 1 0 1 0 1 0 0 1 0 -65.92099788303084 1 0.041666666666666664
0 0 0 1 0 0 1 0 1 0 0 0 0 1 0 0 0 0 0 1 0 0 1 0 0 1 0 0 0 0 0 0 1 0 0 0 0
 0 1 0 0 0 0 1 0 1 1 0 -66.59644256269407 1 0.08333333333333333
0 0 0 1 0 0 1 0 1 0 0 0 0 1 0 0 0 0 0 0 0 0 1 0 1 1 0 0 0 0 0 1 1 0 0 0 0
 1 1 0 0 0 0 1 0 0 0 0 -64.59644256269407 1 0.0625
0 1 0 0 0 0 1 0 1 0 0 0 0 0 0 1 1 0 0 0 0 0 1 1 0 1 1 0 0 0 0 0 1 0 0 0 0
 0 1 0 0 0 0 1 0 1 1 0 -61.920997883030836 1 0.10416666666666667
1 0 0 0 0 1 1 0 0 0 1 0 0 0 0 1 0 1 0 1 1 0 0 0 0 0 1 0 0 0 0 1 0 0 0 1 1
 0 0 0 0 0 1 0 0 1 0 0 -66.92099788303084 1 0.0
0 0 0 1 0 0 1 0 1 0 0 0 0 1 0 0 1 0 0 0 0 0 0 1 0 1 0 0 0 0 1 0 1 0 0 0 0
 1 0 0 0 0 0 1 0 1 1 0 -71.75872022286245 1 0.041666666666666664
1 0 0 0 0 0 1 0 0 1 0 0 0 0 0 1 1 0 0 0 0 1 1 0 0 0 0 1 0 0 0 1 1 0 0 1 0
 0 1 0 0 1 0 0 0 1 1 0 -66.08327554319922 1 0.020833333333333332
0 0 1 0 1 0 0 0 0 1 0 0 0 0 0 1 0 0 1 0 1 0 0 0 0 1 0 0 0 0 0 1 0 0 1 0 1
 0 0 0 0 0 0 1 0 1 0 0 -72.59644256269407 1 0.020833333333333332
0 1 0 0 0 0 1 0 0 0 1 0 1 0 0 1 1 0 0 1 0 0 1 0 0 0 1 0 0 1 0 0 1 0 0 0 0
 0 1 0 0 1 0 0 0 0 0 1 -64.92099788303084 1 0.041666666666666664
0 0 1 0 0 0 0 1 1 0 0 0 0 1 0 0 0 0 0 1 1 0 0 0 0 1 1 0 0 0 0 0 0 0 1 0 1
 0 0 0 0 0 0 1 0 1 0 0 -63.59644256269407 1 0.020833333333333332
1 0 0 0 0 0 0 1 0 1 0 0 0 0 1 0 1 0 0 0 0 0 0 1 0 1 1 0 0 0 0 0 1 0 0 0 0
 0 1 0 0 1 0 1 0 0 1 0 -62.75872022286246 1 0.10416666666666667
0 0 1 0 0 0 0 1 1 0 0 0 0 1 0 0 0 0 0 1 1 0 0 0 0 1 0 0 0 0 0 0 0 0 1 0 1
 0 0 0 0 0 0 1 0 1 0 0 -63.434164902525694 1 0.020833333333333332
0 0 0 0 0 0 1 1 1 0 0 0 0 1 0 0 1 0 0 0 0 0 1 0 0 1 0 0 0 0 0 1 0 0 0 0 1
 0 0 0 0 0 0 1 0 1 0 0 -64.4341649025257 1 0.020833333333333332
1 0 0 0 0 0 1 0 0 0 0 1 0 1 0 0 0 1 0 0 0 0 1 0 1 0 0 1 0 0 0 1 1 0 0 1 0
 0 1 0 0 1 0 0 0 0 1 0 -62.920997883030836 1 0.041666666666666664
1 0 0 0 0 0 1 0 0 1 0 0 0 0 0 1 1 0 0 0 0 0 0 1 0 1 0 0 0 0 1 0 1 0 0 0 0
 0 0 1 0 0 0 0 0 0 1 0 -65.4341649025257 1 0.020833333333333332
0 0 0 1 0 0 1 0 1 0 0 0 0 1 0 0 0 0 0 1 0 0 1 0 0 1 0 0 0 0 0 0 1 0 0 0 0
 0 1 0 0 0 0 1 0 1 0 1 -64.59644256269407 1 0.020833333333333332
0 1 0 0 0 0 1 0 1 0 0 0 0 1 0 1 1 0 0 0 0 0 1 0 0 1 0 0 0 0 0 1 1 0 0 0 1
 0 1 0 0 0 0 1 0 1 1 0 -66.0832755431992 1 0.14583333333333334
1 0 0 0 0 0 0 1 0 1 0 0 0 0 1 0 0 1 0 0 1 0 0 0 0 0 0 1 0 0 1 0 0 0 0 1 0
 0 1 0 1 1 0 0 0 0 1 0 -65.75872022286245 1 0.0625
0 1 0 0 0 1 0 0 1 0 1 0 0 0 0 1 1 0 0 0 0 0 0 1 0 0 1 0 0 0 0 0 1 0 0 0 0
 1 0 0 0 0 0 1 0 0 1 0 -66.59644256269407 1 0.08333333333333333
0 0 0 1 0 0 1 0 1 0 0 0 0 1 0 0 1 0 0 0 0 0 1 0 0 1 0 0 0 0 0 1 1 1 0 0 0
 0 1 0 0 0 0 1 0 1 1 0 -68.92099788303082 1 0.08333333333333333
0 0 0 0 0 1 1 0 1 0 0 0 0 0 0 1 1 0 0 0 0 0 1 0 0 1 0 0 0 0 1 1 1 0 0 0 0
 1 0 0 0 0 0 1 0 1 1 0 -65.92099788303082 1 0.041666666666666664
0 0 0 1 1 0 0 0 0 1 0 0 0 1 1 0 1 0 0 0 0 1 0 0 0 0 1 0 0 0 1 1 1 0 0 0 0
 0 0 1 0 0 0 1 0 1 1 0 -66.08327554319922 1 0.020833333333333332
0 0 0 1 0 0 1 0 0 1 0 0 1 0 0 0 0 0 0 1 0 1 0 0 0 0 1 0 1 0 0 0 1 0 0 0 0
 0 1 0 0 1 0 0 0 0 1 0 -65.59644256269407 1 0.0
0 1 0 0 0 0 1 0 1 0 0 0 0 1 0 0 1 0 0 0 0 0 1 0 0 1 0 0 0 0 0 1 1 0 0 0 0
 0 1 0 0 0 0 1 0 1 1 0 -70.75872022286245 1 0.14583333333333334
0 1 0 0 0 0 1 0 0 1 0 0 1 0 0 0 1 0 0 0 0 0 1 1 0 1 0 0 0 0 0 0 1 0 0 0 0
 0 1 0 0 1 0 0 0 0 0 1 -62.59644256269408 1 0.0625
0 1 0 0 0 0 1 0 1 0 0 0 0 0 0 1 1 0 0 0 0 0 1 0 0 1 0 0 0 0 0 1 0 0 0 0 1
 0 0 0 0 0 0 1 0 1 1 0 -71.59644256269407 1 0.041666666666666664
0 1 0 0 0 0 1 0 1 0 0 0 0 0 0 1 1 0 1 0 0 1 0 0 0 0 0 1 0 0 0 1 1 0 0 0 0
 0 0 1 0 0 0 1 0 0 1 0 -64.75872022286245 1 0.041666666666666664
0 0 0 1 0 0 1 0 1 1 0 0 0 0 0 0 1 0 0 0 0 0 0 1 0 1 0 0 0 0 1 0 1 1 0 0 0
 0 1 0 0 0 0 1 0 0 1 0 -64.75872022286245 1 0.041666666666666664
0 1 0 0 1 0 1 0 0 1 0 0 0 0 0 1 1 0 0 0 0 1 0 0 0 1 0 0 0 0 1 0 1 0 0 0 0
 0 0 1 0 0 0 1 0 0 1 0 -63.75872022286246 1 0.0625
0 1 0 0 1 0 1 0 0 0 0 1 0 1 0 0 1 0 0 0 0 1 0 0 0 0 1 0 0 0 0 1 1 0 0 0 0
 0 0 1 0 0 1 0 0 1 0 0 -71.75872022286245 1 0.041666666666666664
0 1 0 0 0 0 1 0 1 1 0 0 0 0 0 1 1 0 0 0 0 0 1 0 1 1 0 0 0 0 1 1 1 0 0 0 0
 0 1 0 0 0 0 1 0 1 1 0 -63.2455532033676 1 0.041666666666666664
0 1 0 0 0 0 1 0 1 0 0 0 0 0 0 1 1 0 0 0 0 1 1 0 0 1 0 0 0 0 0 1 1 0 0 1 1
 0 1 0 0 0 0 1 0 1 1 0 -59.2455532033676 1 0.14583333333333334
0 0 1 0 1 0 0 0 0 1 0 0 0 0 0 1 0 0 1 0 0 1 0 0 1 0 0 1 0 0 0 1 1 0 0 0 0
 0 1 0 0 0 0 1 0 1 1 0 -60.920997883030836 1 0.0625
0 0 0 1 0 0 1 0 0 1 0 0 1 0 0 0 1 0 0 0 0 0 0 1 0 1 0 0 0 0 1 0 1 0 0 0 0
 0 1 0 0 1 0 1 0 0 1 0 -67.75872022286245 1 0.0625
0 0 1 0 0 0 0 0 1 0 0 0 0 1 0 1 0 0 1 0 1 0 0 0 0 1 0 1 0 0 0 1 0 0 1 0 1
 0 0 0 0 0 0 1 0 1 0 0 -64.75872022286245 1 0.0
0 0 0 0 0 0 1 0 1 0 0 1 0 1 0 0 0 0 1 0 0 0 1 0 0 1 0 0 1 0 0 1 1 0 0 0 0
 0 1 0 0 0 0 1 0 1 0 0 -64.75872022286245 1 0.020833333333333332
0 0 0 1 0 0 1 0 1 0 0 0 0 1 0 0 0 1 0 0 0 0 1 0 0 1 0 0 1 0 0 1 1 0 0 0 0
 0 1 0 0 0 0 1 0 1 1 0 -66.92099788303084 1 0.08333333333333333
1 0 0 0 0 0 1 0 0 1 0 0 0 0 0 1 0 0 0 0 1 0 1 0 0 1 0 0 0 0 0 1 1 0 0 0 0
 0 0 0 0 0 0 1 0 1 1 0 -64.59644256269408 1 0.0
0 0 1 0 0 0 1 0 1 1 0 0 0 0 0 1 0 0 1 0 1 0 0 0 0 1 0 0 0 0 0 1 0 1 0 0 1
 0 0 0 0 0 0 1 0 0 1 0 -67.75872022286245 1 0.020833333333333332
0 0 1 0 0 0 1 1 1 0 0 0 0 1 0 0 0 0 1 0 1 0 0 1 0 1 0 0 0 0 0 0 0 0 1 0 1
 0 0 0 0 0 0 1 0 1 0 0 -62.75872022286246 1 0.041666666666666664
0 0 0 0 0 0 1 0 1 0 0 0 0 1 0 0 1 0 0 0 0 0 1 0 0 1 0 0 0 0 1 1 1 0 0 0 0
 0 1 0 0 0 0 1 0 1 1 0 -65.75872022286245 1 0.08333333333333333
0 1 0 0 0 0 1 0 1 0 0 0 0 1 0 0 1 0 0 0 0 0 0 1 0 1 0 0 0 0 0 0 1 0 0 0 0
 1 0 0 0 0 0 1 0 1 1 0 -61.59644256269407 1 0.10416666666666667
0 1 0 0 1 0 0 0 1 0 0 0 0 0 1 1 1 0 0 0 0 1 0 0 0 1 0 0 0 0 1 1 1 1 0 0 0
 0 1 0 0 0 0 1 0 1 1 0 -61.2455532033676 1 0.08333333333333333
1 0 1 0 0 0 1 1 1 0 0 0 0 1 0 0 0 0 1 0 1 0 0 0 0 1 0 0 0 0 0 1 0 0 1 0 1
 0 0 0 0 0 0 1 0 1 0 0 -64.92099788303084 1 0.041666666666666664
0 0 0 1 0 0 1 0 1 0 0 0 0 1 0 0 0 0 0 1 1 0 1 0 0 1 0 0 0 0 0 0 0 1 0 0 0
 0 1 0 0 0 0 1 0 0 1 0 -62.59644256269407 1 0.0625
0 0 1 0 0 1 0 0 1 0 0 0 0 0 0 1 1 0 0 0 0 0 0 1 0 1 0 0 0 0 1 0 1 0 0 0 0
 1 0 0 0 0 0 1 1 0 0 0 -69.59644256269407 1 0.0625
1 0 0 0 0 0 1 1 0 1 0 0 0 0 0 0 1 0 0 0 0 0 1 1 0 1 0 0 0 0 0 0 1 0 0 0 0
 0 1 0 0 0 0 1 0 0 1 0 -61.59644256269407 1 0.08333333333333333
0 1 0 1 0 0 1 0 1 0 0 0 0 0 1 0 1 0 0 1 0 0 1 0 0 1 0 0 0 0 1 1 1 1 0 0 0
 0 1 0 0 0 0 1 0 1 1 0 -60.40783086353597 1 0.0625
0 1 0 0 0 0 1 0 1 0 0 0 0 0 0 1 1 1 0 0 0 0 1 0 0 1 0 0 0 0 0 1 1 0 0 1 0
 1 0 0 0 0 1 0 1 0 0 0 -62.92099788303084 1 0.0625
0 1 0 0 0 0 1 0 1 1 0 0 0 0 0 1 1 0 0 0 0 1 1 0 1 0 0 1 0 0 0 1 1 0 0 0 0
 0 0 1 0 1 0 0 0 0 1 0 -62.08327554319922 1 0.08333333333333333
0 0 1 0 1 0 0 0 1 0 0 0 0 1 0 1 0 0 1 0 0 0 0 0 1 1 0 0 0 0 0 1 0 0 1 0 0
 0 0 1 1 0 0 1 0 1 0 0 -59.92099788303083 1 0.041666666666666664
0 1 0 1 0 0 1 0 1 0 0 0 0 0 0 1 1 0 0 0 0 0 1 0 0 1 0 0 0 0 0 1 1 1 0 0 0
 0 1 0 0 0 0 1 0 0 1 0 -72.92099788303084 1 0.08333333333333333
0 0 0 1 0 0 1 0 1 0 0 0 0 1 0 0 1 0 0 0 0 0 1 0 0 1 0 0 0 0 0 0 1 1 0 0 0
 0 1 0 0 0 0 1 0 0 1 0 -66.59644256269408 1 0.10416666666666667
0 0 1 0 0 0 1 0 1 0 0 0 0 1 0 1 1 0 0 0 0 1 1 0 0 1 0 0 0 0 0 1 1 0 0 0 0
 0 0 1 0 0 0 1 0 1 1 0 -64.08327554319922 1 0.08333333333333333
0 0 0 1 1 0 0 0 0 0 1 0 0 1 0 0 0 0 0 1 0 1 0 0 0 0 1 1 0 0 0 0 1 0 0 0 0
 0 0 1 0 1 0 0 0 0 1 0 -62.59644256269407 1 0.0625
0 1 0 0 0 0 1 0 1 0 0 0 0 0 0 1 1 0 0 0 0 0 1 0 0 1 0 0 0 0 0 1 0 0 1 0 0
 1 1 0 0 0 0 1 1 0 0 0 -73.75872022286245 1 0.08333333333333333
0 0 1 0 1 0 0 0 0 1 0 0 0 0 0 1 0 0 1 0 1 0 0 0 0 1 0 0 0 0 0 1 1 0 0 0 0
 0 1 0 0 0 0 1 1 0 0 0 -63.59644256269407 1 0.0625
1 0 0 0 0 0 0 1 0 1 1 0 0 0 1 1 1 0 0 0 0 0 0 1 0 1 0 0 0 0 1 0 0 0 1 0 1
 1 0 0 0 0 0 1 0 0 1 0 -58.08327554319922 1 0.041666666666666664
1 0 0 0 0 0 0 1 0 1 0 0 0 0 1 0 1 0 0 0 0 1 0 0 1 0 0 1 0 0 1 0 1 0 0 1 1
 0 1 0 0 1 0 0 0 0 1 0 -60.083275543199214 1 0.125
0 1 0 0 0 0 1 0 1 0 0 0 0 0 0 1 1 0 0 0 0 1 1 0 0 0 0 0 0 0 0 1 1 0 0 0 0
 0 1 0 0 0 0 1 1 1 0 0 -70.75872022286245 1 0.08333333333333333
0 1 0 0 0 0 0 0 1 0 1 0 0 0 0 1 1 0 0 0 1 0 0 0 0 0 1 0 0 1 0 1 1 0 0 0 0
 0 0 0 0 0 0 1 0 1 1 0 -59.75872022286246 1 0.041666666666666664
0 1 0 0 0 0 1 0 1 0 0 0 0 0 1 1 1 0 0 0 0 0 0 1 0 1 0 0 0 0 1 0 1 0 0 0 0
 0 1 0 0 1 0 1 0 1 1 0 -60.083275543199214 1 0.10416666666666667
0 1 0 0 0 0 1 0 0 1 0 0 1 0 0 1 0 0 1 0 0 1 0 0 1 0 0 0 0 0 0 1 1 0 0 0 1
 0 1 0 0 0 0 1 0 1 0 0 -58.92099788303084 1 0.08333333333333333
0 0 0 1 0 0 1 0 1 0 0 0 1 0 0 0 0 0 0 1 0 0 1 0 0 1 0 0 0 0 0 0 1 0 0 0 0
 0 1 0 0 0 0 1 0 1 1 0 -59.59644256269407 1 0.0625
0 0 0 1 0 1 0 0 0 0 1 0 1 0 0 0 0 0 0 1 1 0 0 0 0 0 1 0 0 0 1 0 1 1 0 0 0
 0 0 0 0 0 0 1 0 0 1 0 -60.59644256269407 1 0.0625
0 0 0 0 1 0 1 0 0 1 0 0 0 0 0 1 0 0 0 1 0 1 0 0 1 0 0 0 0 0 1 1 0 0 1 0 0
 0 0 1 1 0 0 0 1 1 0 0 -57.92099788303084 1 0.08333333333333333
0 1 0 0 0 0 1 0 1 0 0 0 1 0 0 1 1 0 0 0 0 0 1 0 0 0 0 1 0 1 0 1 1 0 0 0 1
 0 1 0 0 1 0 1 0 0 1 0 -55.2455532033676 1 0.125
0 0 0 1 0 0 1 0 0 1 0 0 1 0 0 0 1 0 0 1 0 0 1 0 0 1 0 0 0 0 1 0 1 0 0 0 0
 0 1 0 0 0 0 1 0 0 1 0 -66.75872022286245 1 0.0625
0 1 0 0 0 0 1 0 1 0 0 0 0 0 0 1 1 0 0 1 0 0 1 1 0 1 0 0 0 0 0 0 1 1 0 0 1
 0 1 0 0 0 0 1 0 0 1 0 -57.083275543199214 1 0.08333333333333333
0 1 0 0 0 0 1 0 1 0 0 0 0 0 0 1 1 0 0 1 0 1 1 0 0 1 0 0 0 0 1 0 1 1 0 0 0
 0 1 0 0 0 0 1 0 1 1 0 -59.2455532033676 1 0.10416666666666667
0 1 0 0 0 1 0 0 1 0 0 0 0 0 1 0 1 0 0 0 0 0 1 0 0 1 0 0 0 0 0 1 1 1 0 0 0
 0 1 0 0 0 0 1 0 0 1 0 -64.75872022286245 1 0.08333333333333333
0 0 0 1 0 0 1 0 0 1 0 0 1 1 0 0 0 0 0 1 0 1 1 0 0 0 1 0 1 0 0 0 1 0 0 0 0
 0 0 1 0 1 0 0 0 0 1 0 -60.92099788303083 1 0.0
0 1 0 0 0 0 1 0 0 1 1 0 1 0 0 1 1 0 0 0 0 0 1 0 0 0 1 1 0 1 0 0 1 0 0 0 0
 0 1 0 0 1 0 1 0 0 0 1 -59.245553203367585 1 0.041666666666666664
0 0 1 0 0 1 0 0 1 0 0 0 0 0 0 1 0 0 0 1 1 0 0 0 0 1 1 0 0 0 0 1 0 1 0 0 0
 0 1 0 0 0 0 1 0 1 0 0 -60.75872022286246 1 0.0
0 1 0 0 0 0 1 0 1 0 0 0 0 1 0 1 1 0 0 0 0 1 0 0 0 0 0 1 0 0 0 1 1 0 0 0 0
 0 1 0 0 0 0 1 0 1 1 0 -61.92099788303084 1 0.0625
0 0 1 0 1 0 0 0 0 1 0 0 0 0 0 1 0 0 1 0 0 1 0 0 1 0 0 0 0 0 0 1 1 0 0 0 0
 0 1 0 0 0 0 1 0 1 0 0 -72.59644256269407 1 0.0625
0 1 0 0 0 0 1 0 1 1 0 0 0 1 0 1 1 0 0 0 0 0 1 0 0 0 0 1 0 1 0 0 1 0 0 0 0
 0 1 0 0 1 0 1 0 0 1 0 -55.08327554319922 1 0.0625
0 1 0 0 0 0 1 0 1 0 0 0 0 0 0 1 0 0 0 1 1 0 0 0 0 1 0 0 0 0 1 0 1 1 0 0 0
 0 0 1 0 0 0 1 0 1 1 0 -58.920997883030836 1 0.041666666666666664
0 0 0 1 0 0 1 0 0 1 0 0 1 0 0 0 0 0 0 1 1 0 1 0 0 1 0 0 0 0 0 0 1 0 0 0 0
 1 1 0 0 0 0 1 0 1 0 0 -60.75872022286246 1 0.041666666666666664
0 0 1 0 0 1 0 0 1 0 0 0 0 0 0 0 0 0 1 0 1 0 0 0 0 1 0 0 0 0 0 1 1 0 0 0 0
 0 0 0 0 0 0 1 0 0 1 0 -62.271887242357316 1 0.0625
0 1 0 0 0 0 1 0 0 0 0 1 1 0 0 0 1 0 0 0 0 0 0 0 0 1 1 0 0 0 0 1 1 0 0 0 1
 0 0 0 0 0 0 1 0 1 0 0 -60.59644256269407 1 0.041666666666666664
0 0 1 0 1 0 0 0 0 0 0 0 0 1 0 0 1 0 0 0 0 0 0 1 0 0 1 0 0 0 0 0 1 0 0 0 0
 0 0 1 0 0 0 0 0 1 1 0 -53.271887242357316 1 0.0625
1 0 1 0 0 0 0 1 0 1 0 0 0 1 0 0 1 0 0 0 0 0 0 1 0 1 0 0 0 0 0 0 1 1 0 0 0
 1 0 0 0 0 0 1 0 0 1 0 -55.75872022286246 1 0.10416666666666667
1 0 0 0 0 0 0 1 0 1 0 0 0 0 1 1 0 0 1 0 0 1 0 0 0 0 1 1 0 0 0 0 0 0 0 1 1
 0 0 0 0 1 0 0 0 0 1 0 -55.75872022286246 1 0.08333333333333333
0 1 0 0 0 0 1 0 1 1 0 0 0 1 0 1 0 1 0 0 1 0 0 0 0 1 1 0 0 0 0 1 1 0 0 0 0
 0 1 0 0 0 0 1 0 1 0 0 -53.083275543199214 1 0.0625
0 0 0 1 0 0 1 0 1 0 0 0 0 1 0 0 1 0 0 0 0 1 1 0 0 1 0 0 0 0 0 0 1 0 0 0 0
 1 0 0 0 0 0 1 0 0 1 0 -66.59644256269408 1 0.125
0 0 1 0 1 0 0 0 0 1 0 0 0 1 0 0 0 0 1 0 0 1 0 0 1 0 0 1 0 0 0 1 1 0 0 0 0
 0 1 0 0 0 0 1 0 1 0 0 -58.75872022286246 1 0.041666666666666664
1 1 0 0 0 0 0 1 0 1 0 0 0 0 1 0 1 0 0 0 0 0 1 0 0 1 0 0 0 0 0 1 1 0 0 0 0
 0 1 0 0 0 0 1 0 1 1 0 -62.92099788303084 1 0.10416666666666667
0 1 0 0 0 0 1 0 1 0 0 0 0 0 0 1 0 1 0 0 0 0 1 0 0 1 0 0 0 0 0 0 0 1 0 0 1
 0 0 0 0 0 0 1 0 0 1 0 -60.434164902525694 1 0.0625
0 1 1 0 0 0 0 1 0 1 0 0 1 0 0 0 1 0 0 0 0 1 0 0 0 0 1 0 0 0 0 1 0 0 1 0 1
 0 0 0 0 0 0 1 0 1 0 0 -63.75872022286246 1 0.041666666666666664
0 0 1 0 1 0 0 0 0 1 0 0 0 0 0 1 0 0 1 0 0 0 1 0 0 1 0 0 0 0 0 0 1 0 0 0 0
 0 0 1 0 1 0 0 0 0 1 0 -56.434164902525694 1 0.041666666666666664
1 0 0 0 0 1 0 0 0 0 1 0 0 1 0 0 0 0 0 0 0 1 0 0 0 0 1 0 1 0 0 1 0 0 1 0 0
 0 0 1 0 0 1 0 0 1 0 0 -57.59644256269407 1 0.041666666666666664
0 0 1 0 1 0 0 0 0 1 0 0 0 0 0 1 1 0 0 0 0 1 1 0 1 0 0 1 0 0 0 1 0 0 1 0 0
 0 0 1 1 0 0 0 0 1 0 0 -62.92099788303084 1 0.0625
0 1 0 0 0 1 1 0 1 0 1 0 0 0 0 0 1 0 0 0 0 0 0 0 0 0 1 0 0 0 0 1 1 0 0 0 0
 0 1 0 0 0 0 1 0 1 0 0 -54.59644256269408 1 0.08333333333333333
0 0 1 0 0 0 0 0 1 0 0 0 0 1 0 1 0 0 0 1 0 0 1 0 0 1 0 0 1 0 0 1 0 0 1 0 0
 0 0 0 0 0 0 1 1 0 0 0 -57.59644256269407 1 0.041666666666666664
0 0 0 0 0 0 1 0 1 0 0 0 0 1 0 1 0 0 1 0 1 0 0 1 0 1 0 0 0 0 0 0 0 1 0 0 1
 0 0 0 0 0 0 1 0 0 1 0 -56.59644256269407 1 0.0625
0 1 0 0 0 0 1 0 1 1 0 0 0 0 0 1 1 0 0 0 0 1 1 0 0 0 0 1 0 0 1 0 1 0 0 0 0
 0 0 0 0 1 0 0 0 0 1 1 -57.92099788303084 1 0.08333333333333333
0 0 0 0 0 0 1 0 1 0 0 0 0 1 0 1 0 0 0 0 0 1 1 0 0 0 0 1 1 0 0 0 1 0 0 0 0
 0 1 1 0 0 0 1 0 1 0 0 -57.75872022286245 1 0.0625
0 0 0 0 0 0 1 0 1 0 0 0 0 1 0 0 0 0 0 0 1 0 0 0 0 1 0 0 0 0 0 1 1 0 0 0 0
 0 1 0 0 1 0 1 0 0 1 0 -55.434164902525694 1 0.08333333333333333
0 0 0 1 0 0 1 0 1 1 0 0 0 0 0 1 0 0 0 1 1 0 0 0 0 1 0 0 0 0 1 0 1 0 0 0 0
 0 1 0 0 0 0 1 0 1 1 0 -62.92099788303084 1 0.0625
0 0 0 1 1 0 0 0 0 0 1 0 0 1 0 0 0 0 0 1 1 0 0 0 0 1 1 0 0 0 0 0 1 0 0 1 0
 0 1 0 0 0 1 0 0 1 0 0 -54.75872022286246 1 0.0625
0 0 1 0 0 0 1 0 1 0 0 0 0 1 0 0 0 0 1 1 1 0 0 0 0 1 0 0 0 0 0 0 1 0 1 0 0
 0 0 0 0 0 0 1 0 1 0 0 -55.59644256269407 1 0.041666666666666664
0 1 0 0 0 0 0 1 0 0 0 0 0 0 1 0 1 0 0 0 0 1 1 0 0 0 0 1 0 0 0 0 1 0 0 0 0
 0 1 0 0 0 0 1 0 1 1 0 -53.59644256269407 1 0.0625
0 1 0 0 0 0 1 0 1 0 0 0 0 0 0 1 0 0 1 0 1 0 0 0 0 1 0 0 0 0 0 1 1 0 0 0 0
 0 1 0 0 1 0 0 0 0 0 1 -64.59644256269407 1 0.0625
0 1 0 0 0 0 1 0 1 0 0 0 0 0 0 1 1 0 0 0 0 0 1 0 0 1 0 0 0 0 0 0 1 0 0 0 0
 0 1 0 0 0 0 1 0 1 1 0 -68.59644256269408 1 0.08333333333333333
0 0 0 0 1 0 0 0 0 1 0 0 0 0 1 1 0 0 0 1 0 0 0 0 1 1 0 0 0 0 1 1 1 0 0 0 0
 1 0 0 0 0 0 1 0 0 1 0 -59.75872022286246 1 0.10416666666666667
0 1 0 1 1 0 0 0 0 0 1 0 0 0 0 1 0 0 0 1 1 0 0 0 0 1 1 0 0 0 0 0 1 1 0 0 0
 0 1 0 0 0 0 1 0 0 1 0 -53.920997883030836 1 0.08333333333333333
1 0 1 0 0 0 0 1 0 1 0 0 0 0 1 0 1 0 0 0 0 0 1 0 0 0 0 1 0 0 0 0 1 0 1 0 0
 0 0 0 0 1 0 0 0 0 0 1 -51.59644256269407 1 0.10416666666666667
0 1 0 0 0 0 1 0 1 0 0 0 0 0 0 1 1 0 0 0 0 0 1 0 0 1 0 0 0 0 0 1 1 0 0 0 0
 0 1 0 0 0 0 1 0 1 1 0 -77.75872022286245 1 0.125
0 1 0 0 0 0 0 0 0 0 0 1 0 0 1 0 1 0 0 0 0 1 0 0 0 1 0 1 0 0 1 1 0 1 0 0 1
 0 0 0 0 0 0 1 0 0 1 0 -57.75872022286246 1 0.0625
0 0 0 1 0 0 1 0 0 1 0 0 1 0 0 0 1 0 0 1 0 0 1 0 0 1 0 0 0 1 0 0 1 0 0 0 1
 0 1 0 0 0 0 1 0 1 0 0 -62.92099788303084 1 0.0625
0 0 1 0 0 0 0 0 0 1 0 0 0 1 0 0 0 0 1 0 0 0 0 1 0 1 0 0 1 0 0 0 0 0 1 0 0
 1 0 0 0 0 0 1 1 0 0 0 -62.4341649025257 1 0.10416666666666667
0 0 1 0 0 0 0 1 1 1 0 0 0 0 1 0 0 0 1 0 1 0 0 0 0 1 0 1 0 0 0 0 1 0 0 0 1
 0 0 0 0 1 0 1 0 0 1 0 -57.92099788303083 1 0.041666666666666664
1 0 0 0 0 1 0 0 0 0 0 0 0 0 1 0 0 0 0 1 0 0 1 0 1 0 0 0 0 1 0 0 1 0 0 0 0
 0 0 1 1 0 0 0 0 1 1 0 -50.59644256269407 1 0.020833333333333332
0 0 0 0 0 0 1 0 0 1 0 0 0 0 0 1 0 1 0 1 0 0 1 0 1 0 0 0 0 0 1 0 1 0 0 0 1
 0 1 0 0 0 0 1 0 1 1 0 -48.92099788303084 1 0.125
0 1 0 0 0 0 1 0 1 1 0 0 0 0 0 1 1 0 0 0 0 0 0 0 0 1 0 0 0 0 1 1 1 0 0 0 0
 0 1 0 0 0 0 1 0 1 0 0 -68.75872022286245 1 0.125
0 1 0 0 0 1 0 1 0 0 1 0 1 0 0 0 1 0 0 0 0 0 0 1 0 1 1 0 0 0 0 0 1 0 0 0 0
 1 0 0 0 0 0 1 0 0 0 0 -59.59644256269407 1 0.08333333333333333
0 1 1 0 1 0 0 0 0 1 0 0 0 0 0 1 1 0 0 1 0 1 0 0 0 0 1 0 0 0 0 1 0 0 1 0 0
 0 0 1 0 0 0 0 1 1 0 0 -59.92099788303084 1 0.020833333333333332
0 0 1 0 1 0 0 0 0 0 0 1 0 1 0 0 0 0 0 0 0 1 0 1 0 0 1 0 1 0 0 0 0 0 0 1 0
 1 1 0 1 0 0 0 0 1 0 0 -54.75872022286246 1 0.041666666666666664
0 0 0 1 0 1 1 0 1 0 0 0 0 0 0 0 0 0 0 0 1 0 1 0 0 1 0 0 0 0 0 1 1 0 0 0 1
 0 1 0 0 0 0 1 0 1 1 0 -56.920997883030836 1 0.125
1 1 0 0 0 0 0 1 0 1 0 0 0 1 0 0 1 0 0 0 0 1 0 0 0 0 1 0 0 0 0 0 1 0 1 0 1
 0 0 0 0 0 0 1 0 1 0 0 -45.75872022286246 1 0.08333333333333333
1 0 0 0 0 1 0 0 0 0 1 0 0 1 0 1 0 1 0 1 1 0 0 0 0 1 1 0 0 0 0 1 0 0 0 1 0
 1 1 0 0 0 0 1 1 1 0 0 -50.40783086353597 1 0.0625
0 1 0 0 1 0 0 0 1 0 0 0 0 0 1 1 1 0 0 0 1 0 0 0 0 1 1 0 0 0 0 1 1 0 0 0 0
 0 0 1 0 0 0 0 0 1 1 0 -57.920997883030836 1 0.0625
0 1 0 0 0 0 1 0 1 0 0 0 0 1 0 0 1 0 0 0 0 0 0 0 0 0 1 0 0 1 0 0 1 0 0 0 0
 0 0 1 0 0 1 0 0 0 0 1 -53.434164902525694 1 0.08333333333333333
1 1 0 0 0 0 1 1 0 0 0 0 0 0 0 0 1 0 0 0 0 0 1 0 0 1 0 0 0 0 0 1 0 0 0 1 0
 0 1 0 0 0 0 0 0 1 0 0 -57.434164902525694 1 0.08333333333333333
