0 0 0 1 0 1 0 0 0 0 1 0 1 0 0 0 0 0 0 1 0 1 0 0 0 0 1 0 1 0 0 0 0 0 0 1 1
 0 0 0 0 0 1 0 0 1 0 0 -86.59644256269408 2 0.0
0 0 0 1 0 1 0 0 0 0 1 0 1 0 0 0 0 0 0 1 0 1 0 0 0 0 1 0 1 0 0 0 0 0 0 1 0
 1 0 0 1 0 0 0 0 0 1 0 -86.59644256269408 13 0.0
0 0 0 1 0 1 0 0 0 0 1 0 1 0 0 0 0 0 0 1 0 1 0 0 0 0 1 0 1 0 0 0 0 0 0 1 0
 1 0 0 0 0 1 0 1 0 0 0 -86.59644256269408 3 0.0
0 0 0 1 0 1 0 0 0 0 1 0 1 0 0 0 0 0 0 1 0 1 0 0 0 0 1 0 1 0 0 0 1 0 0 0 0
 1 0 0 0 0 1 0 0 0 0 1 -86.59644256269408 3 0.0
0 0 0 1 0 1 0 0 0 0 1 0 1 0 0 0 0 0 0 1 0 1 0 0 0 0 1 0 1 0 0 0 0 0 0 1 0
 1 0 0 1 0 0 0 0 0 1 0 -86.59644256269408 3 0.020833333333333332
0 0 0 1 0 1 0 0 0 0 1 0 1 0 0 0 0 0 0 1 0 1 0 0 0 0 1 0 1 0 0 0 0 0 0 1 0
 1 0 0 0 0 1 0 1 0 0 0 -86.59644256269408 2 0.020833333333333332
0 0 0 1 0 1 0 0 0 0 1 0 1 0 0 0 0 0 0 1 0 1 0 0 0 0 1 0 1 0 0 0 1 0 0 0 0
 1 0 0 0 0 1 0 0 0 0 1 -86.59644256269408 2 0.020833333333333332
0 0 0 1 0 1 0 0 0 0 1 0 1 0 0 0 0 0 0 1 0 1 0 0 0 0 1 0 1 0 0 0 0 0 0 1 0
 1 0 0 1 0 0 0 0 0 0 0 -81.4341649025257 5 0.020833333333333332
0 0 0 1 0 1 0 0 0 0 1 0 1 0 0 0 0 0 0 1 0 1 0 0 0 0 1 0 1 0 0 0 0 0 0 1 0
 1 0 0 1 0 1 0 0 0 1 0 -83.75872022286245 14 0.020833333333333332
0 0 0 1 0 1 0 0 0 0 1 0 1 0 0 0 0 0 0 1 0 1 0 0 0 0 1 0 1 0 0 0 0 0 0 1 0
 1 0 0 0 0 1 0 1 0 0 0 -86.59644256269408 2 0.020833333333333332
0 0 0 1 0 1 0 0 0 0 1 0 1 0 0 0 0 0 0 1 0 1 0 0 0 0 1 0 1 0 0 0 0 0 0 1 0
 1 0 0 1 0 0 0 0 0 0 0 -81.4341649025257 2 0.041666666666666664
0 0 0 1 0 1 0 0 0 0 1 0 1 0 0 0 0 0 0 1 0 1 0 0 0 0 1 0 1 0 0 0 0 0 0 1 0
 1 0 0 1 0 1 0 0 0 1 0 -83.75872022286245 13 0.041666666666666664
0 0 0 1 0 1 0 0 0 0 1 0 1 0 0 0 0 0 0 1 0 1 0 0 0 0 1 0 1 0 0 0 0 0 0 1 0
 1 0 0 1 0 1 0 0 0 0 1 -83.75872022286245 16 0.020833333333333332
0 0 0 1 0 1 0 0 0 0 1 0 1 0 0 0 0 0 0 1 0 1 0 0 0 0 1 0 1 0 0 0 1 0 0 1 0
 1 0 0 0 0 1 0 0 0 0 1 -83.75872022286245 9 0.020833333333333332
0 0 0 1 0 1 0 0 0 0 1 0 1 0 0 0 0 0 0 1 0 1 0 0 0 0 1 0 1 0 0 0 0 0 0 1 0
 1 0 0 0 0 1 0 0 0 0 1 -83.59644256269408 1 0.020833333333333332
0 0 0 1 0 1 0 0 0 0 1 0 1 0 0 0 0 0 0 1 0 1 0 0 0 0 1 0 1 0 0 0 0 0 0 1 0
 1 0 0 1 0 0 0 0 0 1 0 -86.59644256269408 1 0.020833333333333332
0 0 0 1 0 1 0 0 0 0 1 0 1 0 0 0 0 0 0 1 0 1 0 0 0 0 1 0 1 0 0 0 0 0 0 1 1
 0 0 0 0 0 1 0 0 1 0 0 -86.59644256269408 1 0.020833333333333332
0 0 0 1 0 1 0 0 0 0 1 0 1 0 0 0 0 0 0 1 0 1 0 0 0 0 1 0 1 0 0 0 0 0 0 1 0
 1 0 0 0 0 1 0 1 1 0 0 -81.75872022286245 1 0.020833333333333332
0 0 0 1 0 1 0 0 0 0 1 0 1 0 0 0 0 0 0 1 0 1 0 0 0 0 1 0 1 0 0 0 1 0 0 1 0
 0 0 0 0 0 1 0 0 1 0 0 -81.59644256269408 1 0.020833333333333332
0 0 0 1 0 1 0 0 0 0 1 0 1 0 0 0 0 0 0 1 0 1 0 0 0 0 1 0 1 0 0 0 1 0 0 0 0
 1 0 0 0 0 1 0 0 0 0 1 -86.59644256269408 1 0.041666666666666664
0 0 0 1 0 1 0 0 0 0 1 0 1 0 0 0 0 0 0 1 0 1 0 0 0 0 1 0 1 0 0 0 0 0 0 1 0
 1 0 0 1 0 0 0 0 0 1 0 -86.59644256269408 2 0.041666666666666664
0 0 0 1 0 1 0 0 0 0 1 0 1 0 0 0 0 0 0 1 0 1 0 0 0 0 1 0 1 0 0 0 0 0 0 1 0
 1 0 0 1 0 0 0 0 0 1 0 -86.59644256269408 1 0.020833333333333332
0 0 0 1 0 1 0 0 0 0 1 0 1 0 0 0 0 0 0 1 0 1 0 0 0 0 1 0 1 0 0 0 0 0 0 1 1
 0 0 0 0 0 1 0 0 1 0 0 -86.59644256269408 1 0.020833333333333332
0 0 0 1 0 1 0 0 0 0 1 0 1 0 0 0 0 0 0 1 0 1 0 0 0 0 1 0 1 0 0 0 0 0 0 1 0
 1 0 0 1 0 1 0 0 0 0 0 -83.59644256269408 9 0.041666666666666664
0 0 0 1 0 1 0 0 0 0 1 0 1 0 0 0 0 0 0 1 0 1 0 0 0 0 1 0 1 0 0 0 0 0 0 1 1
 1 0 0 0 0 1 0 0 0 1 0 -83.75872022286245 1 0.020833333333333332
0 0 0 1 0 1 0 0 0 0 1 0 1 0 0 0 0 0 0 1 0 1 0 0 0 0 1 0 1 0 0 0 1 0 0 1 0
 1 0 0 0 0 1 0 0 0 1 0 -83.75872022286245 3 0.020833333333333332
0 0 0 1 0 1 0 0 0 0 1 0 1 0 0 0 0 0 0 1 0 1 0 0 0 0 1 0 1 0 0 0 0 0 0 1 1
 1 0 0 0 0 1 0 0 1 0 0 -83.75872022286245 1 0.0
0 0 0 1 0 1 0 0 0 0 1 0 1 0 0 0 0 0 0 1 0 1 0 0 0 0 1 0 1 0 0 0 1 0 0 1 0
 1 0 0 0 0 1 0 0 0 1 0 -83.75872022286245 2 0.0
0 0 0 1 0 1 0 0 0 0 1 0 1 0 0 0 0 0 0 1 0 1 0 0 0 0 1 0 1 0 0 0 0 0 0 1 0
 1 0 0 1 0 1 0 0 0 0 1 -83.75872022286245 5 0.0
0 0 0 1 0 1 0 0 0 0 1 0 1 0 0 0 0 0 0 1 0 1 0 0 0 0 1 0 1 0 0 0 1 0 0 1 0
 1 0 0 0 0 1 0 0 0 0 1 -83.75872022286245 2 0.0
0 0 0 1 0 1 0 0 0 0 1 0 1 0 0 0 0 0 0 1 0 1 0 0 0 0 1 0 1 0 0 0 0 0 0 1 1
 1 0 0 0 0 1 0 0 0 0 1 -83.75872022286245 2 0.041666666666666664
0 0 0 1 0 1 0 0 0 0 1 0 1 0 0 0 0 0 0 1 0 1 0 0 0 0 1 0 1 0 0 0 1 0 0 1 0
 1 0 0 0 0 1 0 0 0 0 1 -83.75872022286245 2 0.041666666666666664
0 0 0 1 0 1 0 0 0 0 1 0 1 0 0 0 0 0 0 1 0 1 0 0 0 0 1 0 1 0 0 0 0 0 0 1 0
 1 0 0 1 0 1 0 0 0 0 1 -83.75872022286245 7 0.041666666666666664
0 0 0 1 0 1 0 0 0 0 1 0 1 0 0 0 0 0 0 1 0 1 0 0 0 0 1 0 1 0 0 0 0 0 0 1 1
 1 0 0 0 0 1 0 0 0 0 0 -83.59644256269408 1 0.0
0 0 0 1 0 1 0 0 0 0 1 0 1 0 0 0 0 0 0 1 0 1 0 0 0 0 1 0 1 0 0 0 1 0 0 1 0
 1 0 0 0 0 1 0 0 0 0 0 -83.59644256269408 1 0.0
0 0 0 1 0 1 0 0 0 0 1 0 1 0 0 0 0 0 0 1 0 1 0 0 0 0 1 0 1 0 0 0 0 0 0 1 0
 1 0 0 0 0 1 0 0 1 0 0 -83.59644256269408 1 0.0
0 0 0 1 0 1 0 0 0 0 1 0 1 0 0 0 0 0 0 1 0 1 0 0 0 0 1 0 1 0 0 0 0 0 0 1 0
 1 0 0 1 0 0 0 0 0 0 0 -81.4341649025257 1 0.041666666666666664
0 0 0 1 0 1 0 0 0 0 1 0 1 0 0 0 0 0 0 1 0 1 0 0 0 0 1 0 1 0 0 0 0 0 0 1 0
 1 0 0 0 0 1 0 0 0 0 1 -83.59644256269408 1 0.041666666666666664
0 0 0 1 0 1 0 0 0 0 1 0 1 0 0 0 0 0 0 1 0 1 0 0 0 0 1 0 1 0 0 0 0 0 0 1 0
 1 0 0 1 0 0 0 0 0 1 0 -86.59644256269408 1 0.041666666666666664
0 0 0 1 0 1 0 0 0 0 1 0 1 0 0 0 0 0 0 1 0 1 0 0 0 0 1 0 1 0 0 0 0 0 0 1 0
 1 0 0 1 0 1 0 0 0 1 0 -83.75872022286245 3 0.041666666666666664
0 0 0 1 0 1 0 0 0 0 1 0 1 0 0 0 0 0 0 1 0 1 0 0 0 0 1 0 1 0 0 0 0 0 0 1 0
 1 0 0 1 0 1 0 0 0 0 0 -83.59644256269408 3 0.0625
0 0 0 1 0 1 0 0 0 0 1 0 1 0 0 0 0 0 0 1 0 1 0 0 0 0 1 0 1 0 0 0 0 0 0 1 0
 1 0 0 0 0 1 0 1 0 0 0 -86.59644256269408 1 0.041666666666666664
0 0 0 1 0 1 0 0 0 0 1 0 1 0 0 0 0 0 0 1 0 1 0 0 0 0 1 0 1 0 0 0 0 0 0 1 1
 1 0 0 0 0 1 0 0 0 1 0 -83.75872022286245 1 0.020833333333333332
0 0 0 1 0 1 0 0 0 0 1 0 1 0 0 0 0 0 0 1 0 1 0 0 0 0 1 0 1 0 0 0 0 0 0 1 0
 1 0 0 1 0 1 0 0 1 0 0 -83.75872022286245 1 0.020833333333333332
0 0 0 1 0 1 0 0 0 0 1 0 1 0 0 0 0 0 0 1 0 1 0 0 0 0 1 0 1 0 0 0 0 0 0 1 0
 1 0 0 1 0 1 0 0 0 0 1 -83.75872022286245 1 0.020833333333333332
0 0 0 1 0 1 0 0 0 0 1 0 1 0 0 0 0 0 0 1 0 1 0 0 0 0 1 0 1 0 0 0 1 0 0 1 0
 1 0 0 0 0 1 0 0 1 0 0 -83.75872022286245 1 0.020833333333333332
0 0 0 1 0 1 0 0 0 0 1 0 1 0 0 0 0 0 0 1 0 1 0 0 0 0 1 0 1 0 0 0 0 0 0 1 0
 1 0 0 1 0 0 0 0 0 0 0 -81.4341649025257 1 0.041666666666666664
0 0 0 1 0 1 0 0 0 0 1 0 1 0 0 0 0 0 0 1 0 1 0 0 0 0 1 0 1 0 0 0 0 0 0 1 0
 1 0 0 1 0 1 0 0 0 1 0 -83.75872022286245 1 0.041666666666666664
0 0 0 1 0 1 0 0 0 0 1 0 1 0 0 0 0 0 0 1 0 1 0 0 0 0 1 0 1 0 0 0 0 0 0 1 0
 1 0 0 1 0 1 0 0 0 0 1 -83.75872022286245 1 0.020833333333333332
0 0 0 1 0 1 0 0 0 0 1 0 1 0 0 0 0 0 0 1 0 1 0 0 0 0 1 0 1 0 0 0 0 0 0 1 0
 1 0 0 1 0 0 0 0 0 0 0 -81.4341649025257 1 0.041666666666666664
0 0 0 1 0 1 0 0 0 0 1 0 1 0 0 0 0 0 0 1 0 1 0 0 0 0 1 0 1 0 0 0 0 0 0 1 0
 1 0 0 1 0 1 0 0 0 1 0 -83.75872022286245 1 0.0625
0 0 0 1 0 1 0 0 0 0 1 0 1 0 0 0 0 0 0 1 0 1 0 0 0 0 1 0 1 0 0 0 0 0 0 1 0
 1 0 0 0 0 1 0 1 0 0 0 -86.59644256269408 1 0.041666666666666664
0 0 0 1 0 1 0 0 0 0 1 0 1 0 0 0 0 0 0 1 0 1 0 0 0 0 1 0 1 0 0 0 0 0 0 1 0
 1 0 0 1 0 0 0 0 0 1 0 -86.59644256269408 1 0.041666666666666664
0 0 0 1 0 1 0 0 0 0 1 0 1 0 0 0 0 0 0 1 0 1 0 0 0 0 1 0 1 0 0 0 0 0 0 1 0
 1 0 0 1 0 1 0 0 1 0 0 -83.75872022286245 3 0.041666666666666664
0 0 0 1 0 1 0 0 0 0 1 0 1 0 0 0 0 0 0 1 0 1 0 0 0 0 1 0 1 0 0 0 0 0 0 1 0
 1 0 0 1 0 1 0 0 0 0 1 -83.75872022286245 3 0.041666666666666664
0 0 0 1 0 1 0 0 0 0 1 0 1 0 0 0 0 0 0 1 0 1 0 0 0 0 1 0 1 0 0 0 1 0 0 1 0
 1 0 0 0 0 1 0 0 0 0 1 -83.75872022286245 2 0.041666666666666664
1 0 0 0 0 1 0 0 0 0 1 0 0 0 0 1 1 0 0 0 0 1 0 0 0 0 1 0 0 0 0 1 1 0 0 0 0
 1 0 0 0 0 1 0 0 0 0 1 -82.59644256269407 1 0.0
0 0 0 1 0 1 0 0 1 0 0 0 0 0 1 0 0 0 0 1 0 1 0 0 0 0 1 0 1 0 0 0 0 0 0 1 0
 1 0 0 0 0 1 0 1 0 0 0 -82.59644256269408 1 0.0
0 0 0 1 0 1 0 0 0 0 1 0 1 0 0 0 0 0 0 1 0 1 0 0 0 0 1 0 1 0 0 0 0 0 0 1 1
 1 0 0 0 0 1 0 0 0 0 0 -83.59644256269408 1 0.041666666666666664
0 0 0 1 0 1 0 0 0 0 1 0 1 0 0 0 0 0 0 1 0 1 0 0 0 0 1 0 1 0 0 0 0 0 0 1 0
 1 0 0 1 0 1 0 0 0 0 0 -83.59644256269408 1 0.041666666666666664
0 0 0 1 0 1 0 0 0 0 1 0 1 0 0 0 0 0 0 1 0 1 0 0 0 0 1 0 1 0 0 0 1 0 0 1 0
 1 0 0 0 0 1 0 0 0 0 0 -83.59644256269408 2 0.041666666666666664
0 0 0 1 0 1 0 0 0 0 1 0 1 0 0 0 0 0 0 1 0 1 0 0 0 0 1 0 1 0 0 0 0 0 0 1 1
 0 0 0 0 0 1 0 0 1 0 1 -81.75872022286245 1 0.020833333333333332
0 0 0 1 0 1 0 0 0 0 1 0 1 0 0 0 0 0 0 1 0 1 0 0 0 0 1 0 1 0 0 0 1 0 0 1 0
 0 0 0 0 0 1 0 0 1 0 0 -81.59644256269408 1 0.041666666666666664
0 0 0 1 0 1 0 0 0 0 1 0 1 0 0 0 0 0 0 1 0 1 0 0 0 0 1 0 1 0 0 0 0 0 0 1 0
 1 0 0 1 0 0 0 0 0 0 1 -81.59644256269408 1 0.020833333333333332
0 0 0 1 0 1 0 0 0 0 1 0 1 0 0 0 0 0 0 1 0 1 0 0 0 0 1 0 1 0 0 0 0 0 0 1 0
 1 0 0 1 0 0 0 0 0 1 0 -86.59644256269408 1 0.041666666666666664
0 0 0 1 0 1 0 0 0 0 1 0 1 0 0 0 0 0 0 1 0 1 0 0 0 0 1 0 1 0 0 0 0 0 0 1 0
 1 0 0 1 0 0 0 0 0 0 0 -81.4341649025257 1 0.0625
0 0 0 1 0 1 0 0 1 0 0 0 0 0 1 0 0 0 0 1 0 1 0 0 0 0 1 0 1 0 0 0 0 0 0 1 0
 1 0 0 0 0 1 0 1 0 0 0 -82.59644256269408 1 0.020833333333333332
0 0 0 1 0 1 0 0 0 0 1 0 1 0 0 0 0 0 0 1 0 1 0 0 0 0 1 0 1 0 0 0 0 0 0 1 1
 1 0 0 0 0 1 0 0 0 0 1 -83.75872022286245 1 0.041666666666666664
0 0 0 1 0 1 0 0 0 0 1 0 1 0 0 0 0 0 0 1 0 1 0 0 0 0 1 0 1 0 0 0 1 0 0 1 0
 1 0 0 0 0 1 0 0 0 0 1 -83.75872022286245 1 0.041666666666666664
0 0 0 1 0 1 0 0 0 0 1 0 1 0 0 0 0 0 0 1 0 1 0 0 0 0 1 0 1 0 0 0 0 0 0 1 0
 1 0 0 1 0 1 0 0 0 0 0 -83.59644256269408 2 0.0625
0 0 0 1 0 1 0 0 0 0 1 0 1 0 0 0 0 0 0 1 0 1 0 0 0 0 1 0 1 0 0 0 0 0 0 1 0
 1 0 0 1 0 1 0 0 0 1 0 -83.75872022286245 2 0.041666666666666664
0 0 0 1 0 1 0 0 0 0 1 0 1 0 0 0 0 0 0 1 0 1 0 0 0 0 1 0 1 0 0 0 1 0 0 1 0
 1 0 0 0 0 1 0 0 0 1 0 -83.75872022286245 1 0.041666666666666664
0 0 0 1 0 1 0 0 0 0 1 0 1 0 0 0 0 0 0 1 0 1 0 0 0 0 1 0 1 0 0 0 0 0 0 1 0
 1 0 0 1 0 0 0 0 0 0 0 -81.4341649025257 1 0.0625
0 0 0 1 0 1 0 0 0 0 1 0 1 0 0 0 0 0 0 1 0 1 0 0 0 0 1 0 1 0 0 0 0 0 0 1 0
 1 0 0 1 0 1 0 0 0 0 1 -83.75872022286245 1 0.020833333333333332
0 0 0 1 0 1 0 0 0 0 1 0 1 0 0 0 0 0 0 1 0 1 0 0 0 0 1 0 1 0 0 0 1 0 0 1 0
 1 0 0 0 0 1 0 0 0 0 1 -83.75872022286245 1 0.041666666666666664
0 0 0 1 0 1 0 0 0 0 1 0 1 0 0 0 0 0 0 1 0 1 0 0 0 0 1 0 1 0 0 0 0 0 0 1 0
 1 0 0 1 0 1 0 0 0 0 1 -83.75872022286245 2 0.0625
0 0 0 1 0 1 0 0 0 0 1 0 1 0 0 0 0 0 0 1 0 1 0 0 0 0 1 0 1 0 0 0 1 0 0 1 0
 1 0 0 0 0 1 0 0 0 0 1 -83.75872022286245 1 0.0625
0 0 0 1 0 1 0 0 0 0 1 0 1 0 0 0 0 0 0 1 0 1 0 0 0 0 1 0 1 0 0 0 1 0 0 1 0
 1 0 0 0 0 1 0 0 0 0 0 -83.59644256269408 1 0.0625
0 0 0 1 0 1 0 0 0 0 1 0 1 0 0 0 0 0 0 1 0 1 0 0 0 0 1 0 1 0 0 0 0 0 0 1 0
 1 0 0 1 0 0 0 0 0 1 0 -86.59644256269408 1 0.041666666666666664
0 0 0 1 0 1 0 0 0 0 1 0 1 0 0 0 0 0 0 1 0 1 0 0 0 0 1 0 1 0 0 0 0 0 0 1 0
 1 0 0 1 0 0 0 0 0 1 0 -86.59644256269408 1 0.0625
0 0 0 1 0 1 0 0 0 0 1 0 1 0 0 0 0 0 0 1 0 1 0 0 0 0 1 0 1 0 0 0 0 0 0 1 1
 1 0 0 0 0 1 0 0 0 0 0 -83.59644256269408 1 0.020833333333333332
0 0 0 1 0 1 0 0 0 0 1 0 1 0 0 0 0 0 0 1 0 1 0 0 0 0 1 0 1 0 0 0 0 0 0 1 0
 1 0 0 1 0 1 0 0 0 0 0 -83.59644256269408 1 0.020833333333333332
0 0 0 1 0 1 0 0 0 0 1 0 1 0 0 0 0 0 0 1 0 1 0 0 0 0 1 0 1 0 0 0 0 0 0 1 1
 0 0 0 0 0 1 0 0 1 0 0 -86.59644256269408 1 0.0625
0 0 0 1 0 1 0 0 0 0 1 0 1 0 0 0 0 0 0 1 0 1 0 0 0 0 1 0 1 0 0 0 0 0 0 1 0
 1 0 0 1 0 1 0 0 0 0 0 -83.59644256269408 1 0.0625
0 0 0 1 0 1 0 0 0 0 1 0 1 0 0 1 0 0 0 1 0 1 0 0 0 0 1 0 1 0 0 0 1 0 0 0 0
 1 0 0 0 0 1 0 0 0 0 1 -81.75872022286245 1 0.0
0 0 0 1 0 1 0 0 0 0 1 0 1 0 0 0 0 0 0 1 0 1 0 0 0 0 1 0 1 0 0 0 1 0 0 1 0
 0 0 0 0 0 1 0 0 1 0 0 -81.59644256269408 1 0.0625
0 0 0 1 0 1 0 0 0 0 1 0 1 0 0 0 0 0 0 1 0 1 0 0 0 0 1 0 1 0 0 0 0 0 0 1 1
 0 0 0 0 0 1 0 0 1 0 0 -86.59644256269408 1 0.041666666666666664
0 0 0 1 0 1 0 0 0 0 1 0 1 0 0 0 0 0 0 1 0 1 0 0 0 0 1 0 1 0 0 0 0 0 0 1 0
 1 0 0 1 0 0 0 0 1 0 0 -81.59644256269408 1 0.0625
0 0 0 1 0 1 0 0 0 0 1 0 1 0 0 0 0 0 0 1 0 1 0 0 0 0 1 0 1 0 0 0 0 0 0 1 0
 1 0 0 1 0 1 0 0 0 0 1 -83.75872022286245 2 0.041666666666666664
0 0 0 1 0 1 0 0 0 0 1 0 1 0 0 0 0 0 0 1 0 1 0 0 0 0 1 0 1 0 0 0 0 0 0 1 0
 1 0 0 1 0 0 0 0 0 0 1 -81.59644256269408 1 0.041666666666666664
0 0 0 1 0 1 0 0 0 0 1 0 1 0 0 0 0 0 0 1 0 1 0 0 0 0 1 0 1 0 0 0 1 0 0 1 0
 1 0 0 0 0 1 0 0 0 1 0 -83.75872022286245 1 0.020833333333333332
0 0 0 1 0 1 0 0 0 0 1 0 1 0 0 0 0 0 0 1 0 1 0 0 0 0 1 0 1 0 0 0 1 0 0 1 0
 1 0 0 0 0 1 0 0 0 0 1 -83.75872022286245 1 0.0625
0 0 0 1 0 1 0 0 0 0 1 0 1 0 0 0 0 0 0 1 0 1 0 0 0 0 1 0 1 0 0 0 0 0 0 1 0
 1 0 0 1 0 1 0 0 0 0 0 -83.59644256269408 1 0.08333333333333333
0 0 0 1 0 1 0 0 0 0 1 0 1 0 0 0 0 0 0 1 0 1 0 0 0 0 1 0 1 0 0 0 1 0 0 1 0
 1 0 0 1 0 1 0 0 0 0 1 -78.92099788303084 6 0.041666666666666664
0 0 0 1 0 1 0 0 0 0 1 0 1 0 0 0 0 0 0 1 0 1 0 0 0 0 1 0 1 0 0 0 0 0 0 1 0
 1 0 0 1 0 0 0 0 0 1 0 -86.59644256269408 1 0.020833333333333332
0 0 0 1 0 1 0 0 0 0 1 0 1 0 0 0 0 0 0 1 0 1 0 0 0 0 1 0 1 0 0 0 0 0 0 1 0
 1 0 0 1 0 1 0 0 0 0 1 -83.75872022286245 1 0.041666666666666664
0 0 0 1 0 1 0 0 0 0 1 0 1 0 0 0 0 0 0 1 0 1 0 0 0 0 1 0 1 0 0 0 1 0 0 1 0
 1 0 0 1 0 1 0 0 0 0 1 -78.92099788303084 1 0.041666666666666664
0 0 0 1 0 1 0 0 0 0 1 0 1 0 0 0 0 0 0 1 0 1 0 0 0 0 1 0 1 0 0 0 0 0 0 1 0
 1 0 0 1 0 1 0 0 0 1 0 -83.75872022286245 1 0.041666666666666664
0 0 0 1 0 1 0 0 0 0 1 0 1 0 0 0 0 0 0 1 0 1 0 0 0 0 1 0 1 0 0 0 0 0 0 1 0
 1 0 0 1 0 1 0 0 0 1 0 -83.75872022286245 1 0.0625
0 0 0 1 0 1 0 0 1 0 0 0 0 0 1 0 0 0 0 1 0 1 0 0 0 0 1 0 1 0 0 0 0 0 0 1 0
 1 0 0 0 0 1 0 1 0 0 0 -82.59644256269408 2 0.020833333333333332
0 0 0 1 0 1 0 0 0 0 1 0 1 0 0 0 0 0 0 1 0 1 0 0 0 0 1 0 1 0 0 0 0 0 0 1 1
 0 0 0 0 0 1 0 0 0 0 1 -81.59644256269408 1 0.020833333333333332
0 0 0 1 0 1 0 0 0 0 1 0 1 0 0 0 0 0 0 1 0 1 0 0 0 0 1 0 1 0 0 0 1 0 0 1 0
 1 0 0 1 0 1 0 0 0 1 0 -78.92099788303084 1 0.041666666666666664
0 0 0 1 0 1 0 0 1 0 0 0 0 0 1 0 0 0 0 1 0 1 0 0 0 0 1 0 1 0 0 0 0 0 0 1 0
 1 0 0 0 0 1 0 1 0 0 0 -82.59644256269408 1 0.020833333333333332
0 0 0 1 0 1 0 0 0 0 1 0 1 0 0 0 0 0 0 1 0 1 0 0 0 0 1 0 1 0 0 0 0 0 0 1 0
 1 0 0 1 0 1 0 0 0 1 0 -83.75872022286245 1 0.0625
0 0 0 1 0 1 0 0 0 0 1 0 1 0 0 0 0 0 0 1 0 1 0 0 0 0 1 0 1 0 0 0 0 0 0 1 0
 1 0 0 1 0 1 0 0 0 1 0 -83.75872022286245 1 0.0625
0 0 0 1 0 1 0 0 0 0 1 0 1 0 0 0 0 0 0 1 0 1 0 0 0 0 1 0 1 0 0 0 1 0 0 1 0
 1 0 0 1 0 1 0 0 0 0 1 -78.92099788303084 1 0.020833333333333332
0 0 0 1 0 1 0 0 0 0 1 0 1 0 0 0 0 0 0 1 0 1 0 0 0 0 1 0 1 0 0 0 0 0 0 1 0
 1 0 0 1 0 1 0 0 0 1 0 -83.75872022286245 1 0.0625
0 0 0 1 0 1 0 0 0 0 1 0 1 0 0 0 0 0 0 1 0 1 0 0 0 0 1 0 1 0 0 0 1 0 0 1 0
 1 0 0 1 0 1 0 0 0 0 1 -78.92099788303084 1 0.0625
0 0 0 1 0 1 0 0 0 0 1 0 1 0 0 0 0 0 0 1 0 1 0 0 0 0 1 0 1 0 0 0 0 0 0 1 1
 0 0 0 1 0 1 0 0 1 0 0 -81.75872022286245 1 0.041666666666666664
0 1 0 1 0 1 0 0 0 0 1 0 1 0 0 0 0 0 0 1 0 1 0 0 0 0 1 0 1 0 0 0 0 0 0 1 0
 1 0 0 1 0 1 0 0 0 1 0 -76.92099788303084 1 0.041666666666666664
0 0 0 1 0 1 0 0 0 0 1 0 1 0 0 0 0 0 0 1 0 0 1 0 0 1 0 0 1 0 0 0 0 0 0 1 0
 1 0 0 1 0 0 0 0 0 1 0 -80.59644256269408 1 0.0
0 0 0 1 0 1 0 0 0 0 1 0 1 0 0 0 0 0 0 1 1 0 0 0 0 1 0 0 0 0 1 0 0 0 0 1 0
 1 0 0 1 0 0 0 0 0 1 0 -80.59644256269408 2 0.0
0 0 0 1 0 1 0 0 1 0 0 0 0 0 1 0 0 0 0 1 0 1 0 0 1 0 0 0 0 0 1 0 0 0 0 1 0
 1 0 0 0 0 1 0 1 0 0 0 -80.59644256269407 1 0.0
0 0 0 1 0 1 0 0 0 0 1 0 1 0 0 0 0 0 0 1 0 1 0 0 0 0 1 0 1 0 0 0 0 0 0 1 0
 1 0 0 1 0 1 0 0 0 0 1 -83.75872022286245 1 0.020833333333333332
0 0 0 1 0 1 0 0 1 0 0 0 0 0 1 0 0 0 0 1 0 1 0 0 0 0 1 0 1 0 0 0 0 0 0 1 0
 1 0 0 0 0 1 0 1 0 0 0 -82.59644256269408 1 0.020833333333333332
0 0 0 1 0 1 0 0 0 0 1 0 1 0 0 0 0 0 0 1 1 1 0 0 0 0 1 0 1 0 0 0 0 0 0 1 0
 1 0 0 1 0 0 0 0 0 0 0 -76.59644256269408 1 0.020833333333333332
0 0 0 1 0 1 0 0 0 0 1 0 1 0 0 0 0 0 0 1 0 1 0 0 0 0 1 0 1 0 0 0 0 0 0 1 0
 1 0 0 1 0 0 0 0 0 0 1 -81.59644256269408 1 0.041666666666666664
0 0 0 1 0 1 0 0 0 0 1 0 1 0 0 0 0 0 0 1 0 1 0 0 0 0 1 0 1 0 0 0 1 0 0 1 0
 1 0 0 1 0 0 0 0 0 1 0 -81.75872022286245 1 0.041666666666666664
0 0 0 1 0 1 0 0 0 0 1 0 1 0 0 0 0 0 0 1 0 1 0 0 0 0 1 0 1 0 0 0 0 1 0 1 1
 0 0 0 0 0 1 0 0 0 0 1 -79.75872022286245 1 0.020833333333333332
0 0 0 1 0 1 0 0 0 0 1 0 1 0 0 0 0 0 0 1 0 1 0 0 0 0 1 0 1 0 0 0 0 0 0 1 0
 1 0 0 1 0 1 0 0 0 0 1 -83.75872022286245 2 0.0625
0 0 0 1 0 0 0 0 0 0 1 0 1 0 0 0 0 0 0 1 0 1 0 0 0 0 1 0 1 0 0 0 0 0 0 1 1
 0 0 0 0 0 1 0 0 1 0 0 -79.4341649025257 1 0.020833333333333332
0 0 0 1 0 1 0 0 0 0 1 0 1 0 0 0 0 0 0 1 0 1 0 0 0 0 1 0 1 0 0 0 0 0 0 1 0
 1 0 0 1 0 1 0 0 0 0 1 -83.75872022286245 1 0.0625
0 0 0 1 0 1 0 0 0 0 1 0 1 0 0 0 0 0 0 1 0 1 0 0 0 0 1 0 1 0 0 0 0 0 0 1 0
 1 0 0 1 0 1 0 0 0 0 1 -83.75872022286245 1 0.020833333333333332
0 0 0 1 0 1 0 0 0 0 1 0 1 0 0 0 0 0 0 1 0 1 0 0 0 0 1 0 1 0 0 0 1 1 0 0 0
 0 0 0 0 0 1 0 0 0 0 1 -77.59644256269408 1 0.020833333333333332
0 0 0 1 0 1 0 0 0 0 1 0 1 0 0 0 0 0 0 1 0 1 0 0 0 0 1 0 1 0 0 0 0 0 0 1 0
 1 0 0 1 0 1 0 0 0 0 1 -83.75872022286245 2 0.0625
0 0 0 1 0 1 0 0 0 0 1 0 1 0 0 0 0 0 0 1 0 1 0 0 0 0 1 0 1 0 0 0 0 0 0 1 0
 1 0 0 0 0 1 0 0 0 0 0 -83.4341649025257 1 0.041666666666666664
0 0 0 1 0 1 0 0 0 0 1 0 1 0 0 0 1 0 0 1 0 1 0 0 0 0 1 0 1 0 0 0 0 0 0 1 1
 0 0 0 0 0 1 0 0 1 0 0 -79.75872022286245 1 0.0625
0 0 0 1 0 1 0 0 0 0 1 0 1 0 0 0 0 0 0 1 0 1 0 0 0 0 1 0 1 0 0 0 0 0 0 1 1
 0 0 0 0 1 0 0 0 0 1 0 -82.59644256269408 1 0.020833333333333332
0 0 0 1 0 1 0 0 1 0 0 0 0 0 1 0 0 0 0 1 0 1 0 0 1 0 0 0 0 0 1 0 0 0 0 1 0
 1 0 0 0 0 1 0 1 0 0 0 -80.59644256269407 1 0.020833333333333332
0 0 0 1 0 1 0 0 0 0 1 0 1 0 0 0 0 0 0 1 0 1 0 0 0 0 1 0 1 0 0 0 0 1 0 1 1
 0 0 0 0 0 1 0 0 0 1 0 -79.75872022286245 1 0.020833333333333332
0 0 0 1 0 1 0 0 0 0 1 0 1 0 0 0 0 0 0 1 0 1 0 0 0 0 1 0 1 0 0 0 0 0 0 1 0
 1 0 0 1 0 1 0 0 0 0 0 -83.59644256269408 1 0.0625
0 0 0 1 0 1 0 0 0 0 1 0 1 0 0 0 0 0 0 1 0 1 0 0 0 0 1 0 1 0 0 0 1 0 0 0 0
 1 0 0 0 0 1 0 0 0 0 1 -86.59644256269408 1 0.041666666666666664
0 0 0 1 0 1 0 0 0 0 1 0 1 0 0 0 0 0 0 1 0 1 0 0 0 0 1 0 1 0 0 0 0 0 0 1 0
 1 0 0 1 0 0 0 0 0 0 1 -81.59644256269408 1 0.041666666666666664
0 0 0 1 1 1 0 0 0 0 1 0 1 0 0 0 0 0 0 1 0 1 0 0 0 0 1 0 1 0 0 0 0 0 0 1 1
 0 0 0 0 0 1 0 0 1 0 0 -79.75872022286245 1 0.0
0 0 0 1 0 1 0 0 0 0 1 0 1 0 0 0 0 0 0 1 1 1 0 0 0 0 1 0 0 0 0 1 1 0 0 0 0
 1 0 0 0 0 1 0 0 0 0 1 -79.75872022286245 1 0.0
0 0 0 1 0 1 0 0 0 0 1 0 1 0 0 0 0 0 0 1 0 1 0 0 0 0 1 0 1 0 0 0 1 0 0 1 0
 1 0 0 0 0 1 0 0 1 0 0 -83.75872022286245 1 0.020833333333333332
0 0 0 1 0 1 0 0 0 0 1 0 1 0 0 0 1 0 0 1 0 1 0 0 0 0 1 0 1 0 0 0 1 0 0 1 0
 1 0 0 0 0 1 0 0 0 1 0 -76.92099788303084 1 0.041666666666666664
0 0 0 1 0 1 0 0 0 0 1 0 1 0 0 0 0 0 0 1 0 1 0 0 0 0 1 0 1 0 0 0 0 0 0 1 1
 0 0 0 0 0 1 0 0 1 0 0 -86.59644256269408 1 0.0625
0 0 0 1 0 1 0 0 0 0 1 0 1 0 0 0 0 0 0 1 0 1 0 0 0 1 1 0 1 0 0 0 0 0 0 1 0
 1 0 0 1 0 0 0 0 0 1 0 -81.75872022286245 1 0.041666666666666664
0 0 0 1 0 1 0 0 1 0 0 0 1 0 0 0 0 0 0 1 0 1 0 0 0 0 1 0 1 0 0 0 0 0 0 1 1
 0 0 0 0 0 1 0 0 1 0 0 -79.59644256269408 1 0.0
0 0 0 1 0 1 0 0 0 0 1 0 1 0 0 0 0 0 0 1 0 1 0 0 0 0 1 0 1 0 0 0 1 0 0 1 0
 1 0 0 1 0 1 0 0 0 0 1 -78.92099788303084 1 0.0625
0 0 0 1 0 1 0 0 0 0 1 0 1 0 0 0 0 0 0 1 0 1 0 0 0 0 1 0 1 0 0 0 1 0 0 1 0
 1 0 0 1 0 1 0 0 0 0 0 -78.75872022286245 2 0.0625
0 0 1 1 0 1 0 0 0 0 1 0 1 0 0 0 0 0 0 1 0 1 0 0 0 0 1 0 1 0 0 0 1 0 0 1 0
 1 0 0 0 0 1 0 0 0 0 1 -78.92099788303084 1 0.020833333333333332
0 0 0 1 0 1 0 0 0 0 1 0 1 0 0 0 0 0 0 1 0 1 0 0 0 0 1 0 1 0 0 0 1 0 0 1 0
 1 0 0 1 0 1 0 0 0 0 1 -78.92099788303084 1 0.020833333333333332
0 0 0 1 0 1 0 0 0 0 1 0 1 0 0 0 0 0 0 1 0 1 0 0 0 0 1 0 1 0 0 0 1 0 0 1 0
 1 0 0 0 0 1 0 0 0 0 1 -83.75872022286245 1 0.0625
0 0 0 1 0 1 0 0 0 0 1 0 1 0 0 0 0 0 0 1 0 1 0 0 0 0 1 0 1 0 0 0 0 0 0 1 0
 1 0 0 1 0 1 0 0 0 0 0 -83.59644256269408 1 0.08333333333333333
0 0 0 1 0 1 0 0 0 0 1 0 1 0 0 0 0 0 0 1 0 1 0 0 0 0 1 0 1 0 0 0 0 0 0 1 0
 1 0 0 1 0 1 0 0 0 0 1 -83.75872022286245 1 0.041666666666666664
0 0 0 1 0 1 0 0 0 0 1 0 1 0 0 0 0 0 0 1 0 1 0 0 0 0 1 0 1 0 0 0 1 0 0 1 0
 1 0 0 1 0 1 0 0 0 0 0 -78.75872022286245 1 0.0625
0 0 0 1 0 1 0 0 0 0 1 0 1 0 0 0 0 0 0 1 0 1 0 0 0 0 1 0 1 0 0 0 0 0 0 1 0
 0 0 0 1 1 0 0 0 0 1 0 -77.59644256269408 1 0.020833333333333332
0 0 0 1 0 1 0 0 0 0 1 0 1 0 0 0 0 0 0 1 0 1 0 0 0 0 1 0 1 0 0 0 0 0 0 1 1
 0 0 0 0 1 1 0 0 0 0 0 -79.59644256269408 1 0.0625
0 0 0 1 0 1 0 0 0 0 1 0 1 0 0 0 0 0 0 1 0 1 0 0 0 0 1 0 1 0 0 0 0 0 0 1 0
 1 0 0 1 0 1 0 0 0 0 0 -83.59644256269408 1 0.08333333333333333
0 0 1 0 0 1 0 0 1 0 0 0 0 0 0 1 0 0 1 0 0 1 0 0 1 0 0 0 0 0 0 1 1 0 0 0 0
 1 0 0 0 0 1 0 0 0 0 1 -80.59644256269407 1 0.020833333333333332
0 0 0 1 0 1 0 0 0 0 1 0 1 0 0 0 0 0 0 1 0 1 0 0 0 0 1 0 1 0 0 0 1 0 0 1 0
 1 0 0 1 0 1 0 0 0 0 1 -78.92099788303084 1 0.0625
0 0 0 1 0 1 0 0 0 0 1 0 1 0 0 0 0 0 0 1 0 1 0 0 0 0 1 0 1 0 0 1 0 0 0 1 0
 1 0 0 1 0 0 0 0 0 1 0 -79.75872022286245 1 0.020833333333333332
0 0 0 1 0 1 0 0 0 0 1 0 1 0 0 0 0 0 0 1 0 1 0 0 0 0 1 0 1 0 0 0 0 0 0 1 0
 1 0 0 1 0 1 0 0 0 0 1 -83.75872022286245 1 0.0625
0 0 0 1 0 1 0 0 0 0 1 0 1 0 0 0 0 0 0 1 0 1 0 0 0 0 1 0 1 0 0 0 0 0 0 1 0
 1 0 0 1 0 1 0 0 0 0 0 -83.59644256269408 1 0.10416666666666667
0 0 0 1 0 1 0 0 0 0 1 0 1 0 0 0 0 0 0 1 0 1 0 0 0 0 1 0 1 0 0 0 1 0 0 1 0
 0 0 0 0 0 1 0 0 0 0 1 -76.59644256269408 1 0.041666666666666664
0 0 0 1 1 0 0 0 0 0 1 0 0 1 0 0 0 0 0 1 1 0 0 0 0 0 1 0 0 1 0 0 0 0 0 1 0
 1 0 0 0 0 1 0 1 0 0 0 -80.59644256269407 1 0.020833333333333332
0 0 0 1 0 1 0 0 0 0 1 0 1 0 0 0 0 0 0 1 0 1 0 0 0 0 1 0 1 0 0 0 1 0 0 1 0
 1 0 0 1 0 1 0 0 0 0 1 -78.92099788303084 1 0.08333333333333333
0 0 0 1 0 1 0 0 0 0 1 0 1 0 0 0 0 0 0 1 0 1 0 0 0 0 1 0 1 0 0 0 0 0 0 1 0
 1 0 0 0 0 1 0 0 0 1 0 -83.59644256269408 1 0.08333333333333333
0 0 0 1 0 1 0 0 0 0 1 0 1 0 0 0 0 0 0 1 0 1 0 0 0 0 1 0 1 0 0 0 0 1 0 1 0
 1 0 0 1 0 0 0 0 0 1 0 -79.75872022286245 1 0.041666666666666664
0 0 0 1 0 1 0 0 0 0 1 0 1 0 0 0 0 0 0 1 0 1 0 0 0 0 1 0 1 0 0 0 1 0 0 1 0
 1 0 0 0 0 1 0 0 1 0 0 -83.75872022286245 1 0.0625
0 0 0 1 0 1 0 0 0 0 1 0 1 0 0 0 0 0 0 1 0 1 0 0 0 0 1 0 1 0 0 0 1 0 0 1 0
 1 0 0 1 0 1 0 0 0 1 0 -78.92099788303084 1 0.041666666666666664
0 1 0 1 0 1 0 0 0 0 1 0 1 0 0 0 0 0 0 1 0 1 0 0 0 0 1 0 1 0 0 0 1 0 0 1 0
 1 0 0 0 0 1 0 0 0 1 0 -76.92099788303084 1 0.0625
0 0 0 1 0 1 0 0 0 0 1 0 1 0 0 0 0 0 0 1 0 1 0 0 0 0 1 0 1 0 0 0 1 0 0 1 0
 0 0 0 0 1 1 0 0 0 1 0 -74.75872022286245 1 0.041666666666666664
0 0 0 1 0 1 0 0 0 0 1 0 1 0 0 0 0 0 0 1 0 1 0 0 0 0 1 0 1 0 0 0 0 0 0 1 0
 0 0 0 0 1 0 0 0 0 0 0 -72.27188724235731 1 0.041666666666666664
0 0 0 1 0 1 0 0 0 0 1 0 1 0 0 0 0 0 0 1 0 1 0 0 0 0 1 0 1 0 0 0 0 0 0 1 0
 0 0 0 1 0 1 0 0 1 0 0 -81.59644256269408 1 0.0625
0 0 0 1 0 1 0 0 0 0 1 0 1 0 0 0 0 0 0 1 0 1 0 0 0 0 1 0 1 0 0 0 0 0 0 1 0
 1 0 0 1 0 0 0 0 0 1 0 -86.59644256269408 1 0.020833333333333332
0 0 0 1 0 1 0 0 0 0 1 0 1 0 0 0 0 0 0 1 0 1 0 0 0 0 1 0 1 0 0 0 0 0 1 1 0
 1 0 0 1 0 0 0 0 0 0 1 -79.75872022286245 1 0.041666666666666664
0 0 0 1 0 1 0 0 0 0 1 0 1 0 0 0 0 0 0 1 0 1 0 0 0 0 1 0 1 0 0 0 0 0 0 1 1
 0 0 0 0 0 1 0 0 0 0 1 -81.59644256269408 1 0.041666666666666664
0 0 0 1 0 1 0 0 0 0 1 0 1 0 0 0 0 0 0 1 0 1 0 0 0 0 1 0 0 0 0 0 0 0 0 1 0
 1 0 0 1 0 0 0 0 0 1 0 -79.4341649025257 1 0.041666666666666664
0 0 0 1 0 1 0 0 0 0 1 0 1 0 0 0 0 0 0 1 0 1 0 0 0 0 1 0 1 0 0 0 1 0 0 1 0
 1 0 0 1 0 1 0 0 0 0 1 -78.92099788303084 1 0.0625
0 0 0 1 0 1 0 0 0 0 1 0 1 0 0 0 0 0 0 1 0 1 0 0 0 0 1 0 1 0 0 0 0 1 0 1 0
 1 0 0 1 0 1 0 0 0 1 0 -76.92099788303084 1 0.020833333333333332
0 0 0 1 0 1 0 0 0 0 1 0 1 0 0 0 0 0 0 1 0 1 0 0 1 0 1 0 1 0 0 0 0 0 0 1 0
 1 0 0 1 0 1 0 0 0 1 0 -76.92099788303084 1 0.020833333333333332
0 0 0 1 0 1 0 0 1 0 0 0 0 0 1 0 0 0 0 1 0 1 0 0 0 0 1 0 1 0 0 0 0 0 0 1 1
 0 0 0 0 0 1 0 1 1 0 0 -75.75872022286245 1 0.041666666666666664
0 0 0 1 0 1 0 0 0 0 1 0 1 0 0 0 0 0 0 1 0 1 0 0 1 0 0 0 0 0 1 0 0 0 0 1 0
 1 0 0 1 0 0 0 0 0 1 0 -80.59644256269408 1 0.041666666666666664
0 0 0 1 0 1 0 0 0 0 1 0 1 0 0 0 0 0 0 1 0 1 0 0 0 0 1 0 1 0 0 0 1 0 0 1 0
 1 0 0 1 0 1 0 0 0 1 0 -78.92099788303084 1 0.041666666666666664
0 0 0 1 0 1 0 0 0 0 1 0 1 0 0 0 0 0 0 1 0 1 0 0 0 0 1 0 1 0 0 0 1 0 0 1 0
 1 0 0 1 0 1 0 0 0 1 0 -78.92099788303084 1 0.08333333333333333
0 0 0 1 0 1 0 0 0 0 1 0 1 0 0 0 0 0 0 1 1 0 0 0 0 1 1 0 1 0 0 0 0 0 0 1 0
 1 0 0 1 0 0 0 0 0 1 0 -79.75872022286245 1 0.041666666666666664
0 0 0 1 0 1 0 0 0 0 1 0 1 0 0 0 0 0 1 1 0 1 0 0 0 0 1 0 1 0 0 0 0 0 0 1 0
 1 0 0 1 0 0 0 0 0 1 0 -79.75872022286245 1 0.020833333333333332
0 1 0 1 0 1 0 0 0 0 1 0 1 0 0 0 0 0 0 1 0 1 0 0 0 0 1 0 1 0 0 0 0 0 0 1 0
 1 0 0 1 0 1 0 0 0 1 0 -76.92099788303084 1 0.0625
0 0 0 1 0 1 0 0 0 0 1 0 1 0 0 0 0 0 0 1 0 1 0 0 0 0 1 0 1 0 0 0 0 1 0 1 0
 0 0 0 1 0 1 0 0 0 1 0 -74.75872022286245 1 0.041666666666666664
0 0 0 1 0 1 0 0 0 0 1 0 1 0 0 0 0 1 0 1 0 1 0 0 0 0 1 0 1 0 0 0 1 0 0 1 0
 1 0 0 0 0 1 0 0 0 0 1 -78.92099788303084 1 0.041666666666666664
0 0 0 1 0 1 0 0 0 0 1 0 1 0 0 0 0 0 0 1 1 0 0 0 0 1 1 0 1 0 0 0 0 0 0 1 0
 1 0 0 1 0 0 0 0 0 0 0 -74.59644256269408 1 0.041666666666666664
0 0 0 1 0 1 0 0 0 0 1 0 1 0 0 0 0 0 0 1 0 1 0 0 0 0 1 0 1 0 0 0 0 1 0 0 1
 0 0 0 1 0 1 0 0 0 0 1 -77.75872022286245 1 0.0
0 0 0 1 0 1 0 0 0 0 1 0 1 0 0 0 0 0 0 1 0 0 0 1 0 1 1 0 1 0 0 0 0 0 0 1 0
 1 0 0 1 0 0 0 0 0 1 0 -77.75872022286245 1 0.0
0 0 0 1 0 1 0 0 1 0 0 0 0 0 1 0 0 0 0 1 0 1 0 0 1 0 1 0 0 1 0 0 0 0 0 1 0
 1 0 0 0 0 1 0 1 0 0 0 -77.75872022286245 1 0.0
0 0 0 1 0 1 0 0 0 0 1 0 1 0 0 0 0 0 0 1 0 1 0 0 0 0 1 0 1 0 0 0 0 0 0 1 0
 1 0 0 1 0 1 0 0 0 0 0 -83.59644256269408 1 0.0625
0 0 0 1 0 1 0 0 0 0 1 0 1 0 0 0 0 0 0 1 0 1 0 0 0 0 1 0 1 0 0 0 0 1 0 1 0
 0 0 0 0 0 1 0 1 0 0 0 -77.59644256269407 1 0.041666666666666664
0 0 0 1 0 1 0 0 0 0 1 0 1 0 0 0 1 0 0 1 0 1 0 0 0 0 1 0 1 0 0 0 0 0 0 1 0
 1 0 0 1 0 1 0 0 0 1 0 -76.92099788303082 1 0.08333333333333333
0 0 0 1 0 1 0 0 0 0 1 0 1 0 0 0 0 0 0 1 0 1 0 0 0 0 1 0 1 0 0 0 0 1 0 1 1
 0 0 0 0 0 0 0 0 0 1 0 -77.59644256269408 1 0.0
0 0 0 1 0 1 0 0 0 0 1 0 1 0 0 0 0 0 0 1 0 1 0 0 0 0 1 0 1 0 1 0 0 0 0 1 0
 1 0 0 1 0 1 0 0 0 0 1 -76.92099788303084 1 0.020833333333333332
0 0 0 1 0 1 0 0 0 0 1 0 1 0 0 0 0 0 0 1 0 1 0 0 1 0 1 0 1 0 0 0 0 0 0 1 0
 1 0 0 1 0 1 0 0 0 0 1 -76.92099788303084 1 0.020833333333333332
0 0 0 1 0 1 0 0 0 0 1 0 1 0 0 0 0 0 0 1 0 1 0 0 0 0 1 0 1 0 0 0 1 0 0 1 0
 1 0 0 0 0 1 0 0 0 1 0 -83.75872022286245 1 0.041666666666666664
0 0 0 1 0 1 0 0 0 0 1 0 1 0 0 0 0 0 0 1 0 1 0 0 0 0 0 0 0 0 1 0 0 0 0 1 0
 1 0 0 1 0 0 0 0 0 1 0 -77.4341649025257 1 0.0
0 0 0 1 0 1 0 0 0 0 1 0 1 0 0 0 0 0 0 1 0 1 0 0 0 0 1 0 1 0 0 0 0 1 0 1 0
 0 0 0 1 0 0 0 0 0 0 0 -72.4341649025257 1 0.0625
0 0 1 1 0 1 0 0 1 0 0 0 1 0 0 0 0 0 0 1 0 1 0 0 0 0 1 0 1 0 0 0 1 0 0 1 0
 0 0 0 0 0 1 0 0 1 0 0 -74.75872022286245 1 0.020833333333333332
0 0 0 1 0 1 0 0 0 0 1 0 1 0 0 0 0 0 0 1 0 0 0 0 0 0 1 0 1 0 0 0 0 0 0 1 0
 1 0 0 1 0 1 0 0 0 1 0 -76.59644256269408 1 0.041666666666666664
0 0 0 1 0 1 0 0 0 0 1 0 1 0 0 0 0 1 0 1 0 1 0 0 0 0 1 0 1 0 0 0 1 0 0 1 0
 1 0 0 0 0 1 0 0 0 1 0 -78.92099788303084 1 0.041666666666666664
0 0 0 1 0 1 0 0 0 0 1 0 1 0 0 0 0 0 0 1 0 0 0 0 0 0 1 0 1 0 0 0 1 0 0 1 0
 1 0 0 0 0 1 0 0 0 0 1 -76.59644256269408 1 0.020833333333333332
0 0 1 1 0 1 0 0 0 0 1 0 1 0 0 0 0 0 0 1 0 1 0 0 0 0 1 0 1 0 0 0 0 0 0 1 0
 1 0 0 1 0 1 0 0 0 0 0 -76.75872022286245 1 0.041666666666666664
0 0 0 1 0 1 0 0 0 0 1 0 1 0 0 0 0 0 0 1 0 1 0 0 1 0 1 0 1 0 0 0 0 0 0 1 0
 1 0 0 1 0 1 0 0 0 0 0 -76.75872022286245 1 0.041666666666666664
0 0 0 1 0 1 0 0 1 0 0 0 0 0 1 0 0 0 0 1 0 1 0 0 0 0 1 0 1 0 0 0 1 0 0 1 0
 1 0 0 0 0 1 0 1 0 0 0 -77.75872022286245 1 0.020833333333333332
0 0 0 1 0 1 0 0 0 0 1 0 0 0 0 0 0 0 0 1 0 1 0 0 0 0 1 0 1 0 0 0 1 0 0 1 0
 0 0 0 0 0 1 0 0 1 0 0 -74.4341649025257 1 0.020833333333333332
0 0 0 1 0 1 0 0 0 0 1 0 1 0 0 0 0 0 0 1 0 1 0 0 0 0 1 0 1 0 0 0 0 0 0 1 0
 0 0 0 1 0 0 0 0 1 0 0 -79.4341649025257 1 0.020833333333333332
0 0 0 1 0 1 0 0 0 0 1 1 1 0 0 0 0 0 0 1 0 1 0 0 0 0 1 0 1 0 0 0 1 0 0 1 0
 1 0 0 0 0 1 0 0 0 0 1 -76.92099788303084 1 0.0
0 0 0 1 0 1 0 0 0 0 1 0 1 0 0 0 0 0 0 1 0 1 0 0 0 0 1 0 1 0 0 0 0 1 0 1 0
 1 0 0 1 0 1 0 0 0 0 0 -76.75872022286245 1 0.0625
0 0 0 1 0 1 0 0 1 0 1 0 0 0 0 0 0 0 0 1 0 1 0 0 0 0 1 0 1 0 0 0 0 0 0 1 1
 1 0 0 0 0 1 0 0 0 0 1 -76.75872022286245 1 0.0
0 0 0 1 0 1 0 0 0 0 1 0 1 0 0 0 0 0 0 1 0 1 0 0 0 0 1 0 1 0 0 0 1 0 0 1 0
 0 0 0 0 0 1 0 0 1 1 0 -76.75872022286245 1 0.0625
0 0 0 1 0 1 0 0 0 0 1 0 1 0 0 0 0 0 0 1 1 1 0 0 0 0 1 0 0 0 0 1 1 0 0 0 0
 1 0 0 0 0 1 0 0 0 0 1 -79.75872022286245 1 0.041666666666666664
0 0 0 1 0 1 0 0 0 0 1 0 1 0 0 0 0 0 1 0 0 1 0 0 0 0 0 1 1 0 0 0 0 0 0 1 0
 1 0 0 1 0 0 0 0 0 1 0 -76.59644256269408 1 0.0
0 0 0 1 0 1 0 0 1 0 0 0 0 0 1 0 1 0 0 0 0 1 0 0 0 0 1 0 0 0 0 1 1 0 0 0 0
 1 0 0 0 0 1 0 0 0 0 1 -76.59644256269407 1 0.0
0 0 0 1 0 1 0 0 0 0 1 0 1 0 0 0 0 0 0 1 0 1 0 0 0 0 1 0 1 0 0 0 0 1 0 1 0
 0 0 0 1 0 1 0 0 0 0 1 -74.75872022286245 1 0.020833333333333332
0 0 0 1 0 1 0 0 0 0 1 0 1 0 0 0 0 0 0 1 0 1 0 0 0 0 1 0 1 0 0 0 0 1 0 1 1
 0 0 0 0 0 1 0 0 0 0 0 -79.59644256269408 1 0.041666666666666664
0 0 0 1 0 1 0 0 0 0 1 0 1 0 0 0 0 0 0 1 0 1 0 0 0 0 1 0 1 0 0 0 0 0 0 1 1
 0 0 0 1 0 1 0 0 1 0 0 -81.75872022286245 1 0.08333333333333333
0 0 1 1 0 1 0 0 1 0 0 0 0 0 0 1 0 0 0 1 0 1 0 0 0 0 1 0 1 0 0 0 1 0 0 0 0
 1 0 0 0 0 1 0 0 0 0 1 -77.75872022286245 1 0.020833333333333332
0 0 0 1 0 1 0 0 1 0 1 0 1 0 0 0 0 0 0 1 0 1 0 0 0 0 1 0 1 0 0 0 0 0 0 1 0
 1 0 0 0 0 1 0 0 0 0 0 -78.59644256269408 1 0.041666666666666664
0 0 1 1 0 1 0 0 0 0 0 0 1 0 0 0 0 0 0 1 0 1 0 0 0 0 1 0 1 0 0 0 1 0 0 0 0
 0 0 1 0 0 1 0 0 1 0 0 -75.59644256269408 1 0.041666666666666664
0 0 0 1 0 1 0 0 1 0 1 0 1 0 0 0 0 0 0 1 0 1 0 0 0 0 1 0 1 0 0 0 0 0 0 1 0
 1 0 0 1 0 0 0 0 0 0 0 -74.59644256269408 1 0.041666666666666664
0 0 1 0 0 1 0 0 0 0 0 0 0 0 0 1 0 0 1 0 0 1 0 0 1 0 0 0 0 0 0 1 1 0 0 0 0
 1 0 0 0 0 1 0 0 0 0 1 -73.4341649025257 1 0.041666666666666664
0 0 0 1 0 1 0 0 1 0 1 0 1 0 0 0 0 0 0 1 0 1 0 0 0 0 1 0 1 0 0 0 0 0 0 1 0
 1 0 0 1 0 1 0 0 0 0 1 -78.92099788303084 1 0.041666666666666664
0 0 0 1 0 1 0 0 1 0 0 0 0 0 0 1 0 0 0 1 0 1 0 0 0 0 1 0 1 0 0 0 0 0 0 1 1
 0 0 0 0 0 1 0 0 1 0 0 -75.59644256269408 1 0.041666666666666664
0 0 0 1 0 1 0 0 0 0 1 0 1 0 0 0 0 0 0 1 0 1 0 0 0 0 1 0 1 0 0 0 1 0 0 1 0
 0 0 0 0 0 1 0 0 0 1 0 -76.59644256269408 1 0.0625
0 0 0 1 0 1 0 0 0 0 1 0 1 0 0 0 0 0 0 1 0 1 1 0 0 0 1 0 1 0 0 0 0 0 0 1 0
 1 0 0 1 0 1 0 0 0 1 0 -76.92099788303084 1 0.0625
0 0 0 1 0 1 0 0 0 0 1 0 1 0 0 0 0 0 0 1 0 1 0 0 0 0 1 0 1 0 0 0 0 1 0 1 0
 1 0 0 1 0 1 0 0 0 0 1 -76.92099788303084 1 0.041666666666666664
0 0 0 1 0 1 0 0 0 0 1 0 1 0 0 0 0 0 0 1 0 1 0 0 0 0 1 0 1 0 0 0 1 0 0 1 0
 1 0 0 1 0 1 0 0 1 0 1 -74.08327554319922 1 0.020833333333333332
0 0 1 1 0 1 0 0 0 0 1 0 1 0 0 0 0 0 0 1 0 1 0 0 0 0 1 0 1 0 0 0 1 0 0 1 0
 1 0 0 1 0 1 0 0 0 0 1 -74.08327554319922 1 0.0625
0 0 0 1 0 1 0 0 0 0 1 0 1 0 0 0 0 0 0 1 0 0 1 0 0 1 0 0 1 0 0 0 0 0 0 1 0
 1 0 0 1 0 1 0 0 1 0 0 -75.75872022286245 1 0.0
0 0 0 1 0 1 0 0 1 0 0 0 0 0 1 0 0 0 0 1 0 1 0 0 1 0 0 0 0 0 1 0 1 0 0 1 0
 1 0 0 0 0 1 0 0 0 0 1 -75.75872022286245 1 0.0
0 0 0 1 0 1 0 0 0 0 1 0 1 0 0 0 0 0 0 1 0 1 0 0 0 0 1 0 1 0 0 1 1 0 0 0 0
 1 0 0 0 0 1 0 0 0 0 1 -81.75872022286245 1 0.041666666666666664
0 0 1 0 1 0 0 0 0 0 1 0 0 0 0 1 0 1 0 0 1 0 0 0 0 0 1 0 0 0 0 1 1 0 0 0 0
 1 0 0 0 0 1 0 0 0 0 1 -75.59644256269407 1 0.020833333333333332
1 0 0 1 0 1 0 0 0 0 1 0 0 0 0 1 0 0 0 1 0 1 0 0 0 0 1 0 1 0 0 0 0 0 0 1 0
 1 0 0 1 0 1 0 0 0 0 1 -74.92099788303084 1 0.020833333333333332
0 0 0 1 0 1 0 0 0 0 1 0 1 0 0 0 0 0 0 1 0 1 0 0 0 0 1 0 1 0 0 0 0 0 1 1 1
 1 0 0 1 0 0 0 0 0 0 1 -74.92099788303084 1 0.020833333333333332
0 0 0 1 0 1 0 0 0 0 1 0 1 0 0 0 0 0 0 1 0 1 0 0 0 0 1 0 1 0 0 0 0 1 0 1 1
 0 0 0 0 0 1 0 0 0 1 0 -79.75872022286245 1 0.0625
0 1 0 1 0 1 0 0 0 0 1 0 1 0 0 0 0 0 0 1 0 1 0 0 0 0 1 0 1 0 0 0 0 1 0 1 0
 0 0 0 1 0 0 0 0 0 0 0 -67.59644256269407 1 0.0625
0 0 0 1 0 1 0 0 0 0 1 0 1 0 0 0 0 0 0 1 0 1 0 0 0 0 1 0 1 0 0 0 0 0 1 1 0
 1 0 0 1 0 0 0 0 0 0 1 -79.75872022286245 1 0.041666666666666664
0 0 0 1 0 0 0 0 0 0 1 0 1 0 0 0 0 0 0 1 0 1 0 0 0 0 1 0 1 0 0 0 1 0 0 1 0
 1 0 0 0 0 1 0 0 0 0 1 -74.59644256269408 1 0.020833333333333332
0 0 0 1 0 1 0 0 0 0 1 0 1 0 0 0 0 0 0 1 0 1 0 0 0 0 1 0 1 0 0 0 0 1 0 1 0
 0 0 0 1 0 1 0 0 0 0 1 -74.75872022286245 1 0.0625
0 0 0 1 0 1 0 0 0 0 1 0 1 0 0 0 0 0 0 1 0 1 0 0 0 0 1 0 1 0 0 0 0 0 0 1 0
 1 0 0 1 0 1 0 0 0 1 1 -78.92099788303084 1 0.10416666666666667
0 0 0 1 0 1 0 0 0 0 1 0 1 0 0 0 0 0 0 1 0 1 0 0 0 0 1 0 1 0 0 0 0 0 0 1 0
 1 0 0 1 0 1 0 0 0 1 0 -83.75872022286245 1 0.0625
0 0 0 1 0 1 0 0 0 0 1 0 1 0 0 0 0 1 0 0 0 0 0 1 0 0 1 0 1 0 0 0 1 0 0 0 0
 1 0 0 0 0 1 0 0 0 1 1 -75.75872022286245 1 0.041666666666666664
0 0 0 1 0 1 0 0 0 0 1 0 1 0 0 0 0 0 0 1 0 1 0 0 0 0 1 0 1 0 0 0 0 0 0 1 0
 1 0 0 1 0 0 0 0 0 0 0 -81.4341649025257 1 0.041666666666666664
0 0 1 1 0 1 0 0 0 0 1 0 1 0 0 0 0 0 0 1 0 1 0 0 0 0 1 0 1 0 0 0 0 0 0 1 0
 1 0 0 1 0 1 0 0 0 0 1 -76.92099788303084 1 0.020833333333333332
0 0 0 1 0 1 0 0 0 0 1 0 1 0 0 0 0 0 0 1 0 1 0 0 0 0 1 0 1 0 0 0 1 0 0 1 0
 0 1 0 1 0 0 0 0 1 0 0 -77.75872022286245 1 0.020833333333333332
0 0 0 1 1 0 0 0 0 0 1 0 0 1 0 0 0 0 0 1 0 1 0 0 0 0 1 0 1 0 0 0 0 0 0 1 1
 0 0 0 0 0 1 0 0 1 0 0 -80.59644256269408 1 0.10416666666666667
0 0 0 1 0 1 0 0 0 0 1 0 1 0 0 0 0 0 0 1 0 0 0 0 0 1 1 0 1 0 0 0 0 0 0 1 0
 1 0 0 1 0 1 0 0 0 0 1 -76.75872022286245 1 0.041666666666666664
0 0 0 1 1 0 0 0 0 0 1 0 0 1 0 0 0 0 0 1 0 1 0 0 0 0 1 0 1 0 0 0 0 0 0 1 1
 0 0 0 0 0 1 0 0 0 0 1 -73.59644256269408 1 0.041666666666666664
0 0 0 1 0 1 0 0 0 0 1 0 1 0 0 0 0 0 0 1 0 1 0 0 0 0 1 0 1 0 1 0 1 0 0 1 0
 1 0 0 0 0 1 0 0 0 0 1 -76.92099788303084 1 0.08333333333333333
0 0 0 1 0 1 0 0 0 0 1 0 1 0 0 0 0 0 0 1 0 1 0 0 0 0 1 0 0 0 1 0 0 0 0 1 0
 1 0 0 0 0 1 0 1 0 0 0 -77.59644256269408 1 0.020833333333333332
0 0 0 1 0 1 0 0 0 0 1 0 1 0 0 0 0 1 0 1 0 1 0 0 0 0 1 0 1 0 0 0 0 0 0 1 1
 1 0 0 0 0 1 0 1 0 0 0 -74.92099788303084 1 0.0
0 0 0 1 0 1 0 0 0 0 1 0 1 0 0 0 0 0 0 1 0 1 0 0 0 0 1 0 1 0 0 0 0 0 0 1 1
 1 0 0 0 1 1 0 0 0 1 0 -76.92099788303084 1 0.041666666666666664
0 0 0 1 0 1 0 0 0 0 1 0 1 0 0 0 0 0 0 1 0 1 0 0 0 0 1 0 0 0 0 1 0 0 1 0 0
 1 0 0 1 0 0 0 0 0 0 1 -75.59644256269408 1 0.020833333333333332
0 0 0 1 0 1 0 0 0 0 1 0 1 0 0 0 0 0 0 0 0 1 0 0 0 0 1 0 1 0 0 1 1 0 0 0 0
 1 0 0 0 0 1 0 0 0 1 1 -74.75872022286245 1 0.020833333333333332
0 0 0 1 0 1 0 0 0 0 1 0 1 0 0 0 0 0 1 1 0 1 0 0 0 0 1 0 1 0 0 0 0 0 1 1 0
 1 0 0 1 0 0 0 0 0 0 1 -74.92099788303084 1 0.041666666666666664
0 0 0 1 0 1 0 0 0 0 1 0 1 0 0 0 0 0 0 1 0 1 0 0 0 0 1 0 1 0 0 0 0 1 0 1 0
 1 0 0 1 0 1 0 0 0 0 0 -76.75872022286245 1 0.08333333333333333
0 0 0 1 1 0 0 0 0 0 1 0 0 1 0 0 0 0 0 1 0 1 0 0 0 0 1 0 1 0 0 0 0 0 0 1 0
 0 1 0 1 0 0 0 0 1 0 1 -73.75872022286245 1 0.041666666666666664
0 0 0 1 0 1 0 0 0 0 1 0 1 0 0 0 0 0 0 1 0 1 0 0 0 1 1 0 1 0 0 0 0 0 0 1 0
 1 0 0 1 0 1 0 0 0 0 1 -78.92099788303084 1 0.041666666666666664
0 0 0 1 0 1 0 0 0 0 1 0 1 0 0 0 0 0 0 1 0 1 0 0 0 0 1 0 1 0 0 0 0 0 0 1 0
 1 0 0 1 0 1 0 0 0 1 0 -83.75872022286245 1 0.041666666666666664
0 0 0 1 0 1 0 0 0 0 1 0 1 0 0 0 0 0 0 1 0 1 0 0 0 0 1 0 1 0 0 0 0 1 0 1 0
 0 0 0 1 0 0 0 0 0 0 0 -72.4341649025257 1 0.0625
0 0 0 1 0 1 0 0 0 0 1 0 1 0 0 0 1 0 0 1 0 1 0 0 0 0 1 0 1 0 0 0 0 0 0 1 1
 0 0 0 0 0 1 0 0 1 0 1 -74.92099788303084 1 0.08333333333333333
0 0 0 1 0 1 0 0 0 0 1 0 1 0 0 0 0 0 0 1 0 1 0 0 1 0 0 0 1 0 1 0 0 0 0 1 0
 1 0 0 1 0 1 0 0 0 1 0 -72.92099788303084 1 0.020833333333333332
0 0 0 1 0 1 0 0 0 0 1 0 0 0 0 0 0 0 0 1 0 1 0 0 0 0 1 0 1 0 0 0 1 0 0 1 0
 1 0 0 0 0 1 0 0 0 0 1 -76.59644256269408 1 0.041666666666666664
0 0 0 1 0 0 0 0 0 0 1 0 1 0 0 0 0 0 0 1 0 1 0 0 0 0 1 0 1 0 0 0 0 0 0 1 0
 1 0 0 1 0 0 0 0 0 1 0 -77.4341649025257 1 0.041666666666666664
0 0 0 1 0 1 0 0 0 0 1 0 1 0 0 0 0 0 0 1 0 1 0 0 0 0 1 0 1 0 0 0 0 1 0 1 0
 1 0 0 1 0 1 0 0 0 1 0 -76.92099788303084 1 0.041666666666666664
0 0 0 1 0 1 0 0 0 0 1 0 1 0 0 0 0 0 0 1 0 0 0 1 0 1 1 0 1 0 0 0 0 0 0 1 0
 1 0 0 1 0 1 0 0 0 0 1 -74.92099788303084 1 0.020833333333333332
0 0 0 1 0 1 0 0 0 0 1 0 1 0 0 0 0 0 0 1 0 1 0 0 0 0 1 0 1 0 0 0 0 1 0 1 0
 0 0 0 1 0 1 0 0 0 0 1 -74.75872022286245 1 0.020833333333333332
0 0 0 1 0 1 0 0 0 0 1 0 1 0 0 0 0 0 0 1 0 1 0 0 0 0 1 0 1 0 0 0 0 0 0 1 0
 1 0 0 1 0 1 0 0 0 1 0 -83.75872022286245 1 0.0625
0 0 0 1 0 1 0 0 0 0 1 0 1 0 0 0 0 0 0 1 0 0 1 0 0 1 1 0 1 0 0 0 0 0 0 1 0
 0 1 0 1 0 0 0 0 1 0 0 -75.75872022286245 1 0.020833333333333332
0 0 0 1 0 1 0 0 0 0 1 0 1 0 0 0 0 1 0 1 0 1 0 0 0 0 1 0 1 0 0 0 1 0 0 1 0
 1 0 0 1 0 1 0 0 0 0 1 -74.08327554319922 1 0.041666666666666664
0 0 0 1 0 1 0 0 0 0 1 0 1 0 0 0 0 0 0 1 1 0 0 0 0 0 1 0 1 1 0 0 0 0 0 1 0
 1 0 0 1 0 1 0 0 1 0 0 -74.92099788303084 1 0.041666666666666664
0 0 0 1 0 1 0 0 0 0 1 0 1 0 0 0 0 0 0 1 0 1 0 0 0 0 1 0 1 0 0 0 0 1 0 1 0
 1 0 0 1 0 1 0 0 0 0 1 -76.92099788303084 1 0.041666666666666664
0 0 0 1 0 1 0 0 1 0 1 0 0 0 0 1 0 0 1 0 0 1 0 0 1 0 0 0 0 0 0 1 1 0 0 0 0
 1 0 0 0 0 1 0 0 0 0 1 -73.75872022286245 1 0.0
0 0 0 1 0 1 0 0 0 0 1 0 1 0 0 0 0 0 0 1 0 1 0 0 0 0 1 0 1 0 0 0 0 0 0 1 0
 1 0 0 1 0 0 0 0 0 0 0 -81.4341649025257 1 0.041666666666666664
0 0 0 1 0 0 0 0 0 0 1 0 1 0 0 0 0 0 0 1 0 1 0 0 0 0 1 0 1 0 0 0 1 0 0 1 0
 0 0 0 0 0 1 0 0 1 0 0 -74.4341649025257 1 0.0625
0 0 0 1 0 1 0 0 0 0 1 0 1 0 0 0 0 0 0 1 0 1 0 0 0 0 1 0 1 0 0 0 0 0 0 1 0
 1 0 0 1 0 0 0 0 0 1 1 -81.75872022286245 1 0.020833333333333332
0 1 0 0 1 0 0 0 0 0 1 0 0 0 0 1 1 0 0 0 0 1 0 0 0 0 1 0 0 0 0 1 1 1 0 0 0
 0 0 0 0 0 1 0 0 0 0 1 -71.59644256269407 1 0.020833333333333332
0 0 0 1 0 1 0 0 0 0 1 0 1 0 0 0 1 0 0 1 0 1 0 0 0 0 1 0 1 0 0 0 0 0 0 1 1
 0 0 0 0 0 1 0 0 1 0 0 -79.75872022286245 1 0.041666666666666664
0 0 0 1 0 1 0 0 0 0 1 0 1 0 0 0 0 0 0 1 0 1 0 0 0 0 1 0 1 0 0 0 0 1 0 1 1
 0 0 0 1 0 1 0 0 0 0 1 -74.92099788303084 1 0.041666666666666664
0 0 0 1 0 1 0 0 0 0 1 0 1 0 0 0 0 0 0 1 0 0 0 1 0 1 1 0 1 0 0 0 0 0 0 1 0
 1 0 0 1 0 1 0 0 0 0 1 -74.92099788303084 1 0.041666666666666664
0 0 0 1 0 1 0 0 0 0 1 0 1 0 0 0 0 0 0 1 0 1 0 0 0 0 1 0 1 0 0 0 0 0 0 1 0
 1 0 0 1 0 0 0 0 0 0 1 -81.59644256269408 1 0.041666666666666664
0 0 0 1 0 1 0 0 0 0 1 0 1 0 0 0 0 0 0 1 0 1 0 0 0 0 1 0 1 0 0 0 0 1 0 1 1
 0 0 0 1 0 1 0 0 0 1 0 -74.92099788303082 1 0.0625
0 0 0 1 0 1 0 0 1 0 1 0 0 0 0 1 1 0 0 0 0 1 0 0 0 0 1 0 0 0 0 1 1 0 0 1 0
 1 0 0 0 0 1 0 0 0 0 1 -72.92099788303082 1 0.0
0 0 0 1 0 1 0 0 0 0 1 0 1 0 0 0 1 0 0 1 0 1 0 0 0 0 1 0 1 0 0 0 0 1 0 1 0
 0 0 0 1 0 0 0 0 0 1 0 -72.75872022286245 1 0.041666666666666664
0 0 0 1 0 1 0 0 1 0 0 0 0 0 1 0 0 0 0 1 0 1 0 0 0 0 1 0 1 0 0 0 1 0 0 1 0
 1 0 0 1 0 1 0 0 0 0 1 -70.92099788303084 1 0.0625
0 0 0 1 0 1 0 0 0 0 1 0 1 0 0 0 0 0 1 0 1 0 0 0 0 1 0 0 0 0 0 1 1 0 0 0 0
 1 0 0 0 0 1 0 0 0 0 1 -72.59644256269408 1 0.0
0 0 0 1 0 1 0 0 0 0 1 0 1 0 0 0 0 0 0 1 0 0 0 0 0 1 1 0 1 0 0 0 0 0 0 1 0
 1 0 0 1 0 1 0 0 0 0 1 -76.75872022286245 1 0.08333333333333333
0 0 1 1 0 1 0 0 1 0 0 0 0 0 0 1 0 0 0 1 0 1 0 0 0 0 1 0 1 0 0 0 1 0 0 0 0
 1 0 0 1 0 1 0 0 0 0 1 -70.92099788303084 1 0.020833333333333332
0 0 0 1 0 1 0 0 0 0 1 0 1 0 0 0 0 0 0 1 0 1 0 0 0 0 1 0 1 0 0 0 0 0 0 1 0
 0 0 0 1 1 1 0 0 0 0 1 -69.75872022286245 1 0.08333333333333333
0 1 0 1 0 1 0 0 0 0 1 0 1 0 0 0 0 0 0 1 0 1 0 0 0 0 1 0 1 0 0 0 0 1 0 1 0
 0 0 0 1 0 1 0 0 0 0 0 -69.75872022286245 1 0.10416666666666667
1 0 0 1 0 0 0 0 0 0 1 0 0 1 0 0 0 0 0 1 0 1 0 0 0 0 1 0 1 0 0 0 1 0 0 0 0
 0 0 1 0 0 1 0 0 1 0 0 -71.59644256269408 1 0.020833333333333332
0 0 1 1 0 1 0 0 1 0 0 0 0 0 0 1 0 0 0 1 0 1 0 0 0 0 1 0 1 0 0 0 1 0 0 1 0
 1 0 0 0 0 1 0 0 0 0 1 -74.92099788303084 1 0.041666666666666664
0 0 0 1 0 1 0 0 0 0 1 0 1 0 0 0 0 0 0 1 0 0 0 1 0 1 1 0 1 0 0 0 0 0 0 1 0
 1 0 0 1 0 1 0 0 0 0 1 -74.92099788303084 1 0.041666666666666664
0 0 1 1 0 1 0 0 0 0 1 0 1 0 0 0 0 0 0 1 0 1 0 0 0 1 1 0 1 0 0 0 0 0 0 1 0
 1 0 0 1 0 0 0 0 0 0 0 -69.75872022286245 1 0.041666666666666664
0 0 0 1 0 0 0 0 0 0 1 0 1 0 0 0 0 0 0 1 0 1 0 0 0 0 1 0 1 0 0 0 1 0 0 1 0
 1 0 0 1 0 1 0 0 0 1 0 -69.75872022286245 2 0.0625
0 0 0 1 0 1 0 0 0 0 1 0 1 0 0 0 0 0 0 1 0 1 0 0 0 0 1 0 1 0 0 0 0 0 0 1 1
 0 0 0 0 0 1 0 0 0 1 0 -81.59644256269408 1 0.0625
0 0 0 1 0 1 0 0 0 0 1 0 1 0 0 1 1 0 0 1 0 1 0 0 0 0 1 0 1 0 0 0 1 0 0 1 0
 1 0 0 1 0 1 0 0 0 0 1 -67.24555320336759 1 0.0625
0 0 1 1 0 1 0 0 1 0 0 0 0 0 0 0 0 0 0 1 0 1 0 0 0 0 1 0 1 0 0 0 1 0 0 1 0
 1 0 0 0 0 1 0 0 0 0 1 -74.75872022286245 1 0.0625
0 0 0 1 0 1 0 0 0 0 1 0 1 0 0 0 0 0 0 1 1 1 0 0 0 0 1 0 1 0 0 0 0 0 0 1 0
 1 0 0 1 0 1 0 0 0 0 0 -78.75872022286245 1 0.08333333333333333
0 0 0 1 0 1 0 0 0 0 1 0 1 0 0 0 0 0 0 1 0 1 0 0 0 0 1 0 1 0 0 0 0 0 1 1 0
 1 0 0 0 0 1 0 0 0 0 1 -76.75872022286245 1 0.041666666666666664
0 0 0 1 0 1 0 0 1 0 0 0 0 0 1 0 0 0 0 1 0 1 0 0 1 0 0 0 0 0 1 0 0 0 0 1 1
 0 0 0 0 0 1 0 0 1 0 1 -71.75872022286245 1 0.041666666666666664
0 1 0 0 1 0 0 0 0 0 1 0 0 0 0 1 0 1 0 0 1 0 0 0 0 0 1 0 0 0 0 1 0 1 0 0 0
 0 0 0 1 0 1 0 0 0 0 1 -71.59644256269407 1 0.041666666666666664
0 0 0 1 0 1 0 0 0 0 1 0 1 0 0 0 1 0 0 0 0 1 0 0 0 0 1 0 0 0 0 1 1 0 0 0 0
 1 0 0 0 0 1 0 0 0 1 1 -75.75872022286245 1 0.041666666666666664
0 0 0 1 0 1 0 0 1 0 0 0 0 0 1 0 0 0 0 1 1 0 0 0 0 1 0 0 0 0 1 0 0 0 0 1 0
 1 0 0 1 0 1 0 0 0 0 1 -71.75872022286245 1 0.041666666666666664
0 0 0 1 0 1 0 0 0 0 1 0 1 0 0 0 0 0 0 1 0 1 0 0 0 0 1 0 1 0 0 0 0 0 0 1 1
 0 0 0 0 0 1 0 0 0 0 1 -81.59644256269407 1 0.0625
0 0 0 1 0 1 0 0 0 0 1 0 1 0 0 1 0 1 0 0 1 0 0 0 0 0 1 0 0 0 0 1 1 0 0 0 0
 1 0 0 1 0 1 0 0 0 0 1 -72.92099788303082 1 0.041666666666666664
0 0 0 1 0 1 0 0 0 0 1 0 1 0 0 0 0 0 0 1 0 1 0 0 0 0 1 0 1 0 0 0 0 0 0 1 0
 1 0 0 1 0 1 0 0 0 0 1 -83.75872022286245 1 0.0625
0 0 0 1 0 0 0 0 0 0 1 0 1 0 0 0 0 0 0 1 0 1 0 0 0 0 1 0 1 0 0 0 0 0 0 1 0
 1 0 0 1 0 1 0 0 0 0 1 -74.59644256269408 1 0.041666666666666664
0 0 0 1 0 1 0 0 0 0 1 0 1 0 0 1 0 0 0 1 0 1 0 0 0 0 1 0 1 0 0 0 0 1 0 0 0
 1 0 0 1 0 1 0 0 0 1 1 -70.08327554319922 1 0.041666666666666664
0 0 0 1 0 1 0 0 0 0 1 0 1 0 0 0 0 1 0 1 0 1 0 0 0 0 1 0 1 0 0 0 0 0 0 1 0
 0 0 0 1 0 1 0 0 1 0 0 -74.75872022286245 1 0.08333333333333333
0 0 0 1 0 1 0 0 1 0 0 0 0 0 1 0 0 0 0 1 0 1 0 0 0 0 1 0 1 0 0 0 0 1 0 1 0
 0 0 0 0 0 1 0 1 0 0 0 -73.59644256269408 1 0.0625
1 0 0 0 0 1 0 0 0 0 1 0 0 0 0 1 0 0 0 1 0 1 0 0 0 0 1 0 1 0 0 0 0 0 1 1 0
 1 0 0 1 0 0 0 0 0 0 1 -73.75872022286245 1 0.020833333333333332
0 0 0 1 1 1 0 0 0 0 1 0 0 0 1 0 0 0 0 1 1 1 0 0 0 0 1 0 0 0 1 0 0 0 0 1 0
 1 0 0 1 0 1 0 0 0 1 0 -70.0832755431992 1 0.041666666666666664
0 0 0 1 1 0 0 0 0 0 1 0 0 0 0 0 0 0 0 1 0 1 0 0 0 0 1 0 1 0 0 0 0 0 0 1 1
 0 0 0 0 0 1 0 0 1 0 0 -75.4341649025257 1 0.041666666666666664
0 0 0 1 0 1 0 0 0 0 1 0 1 0 0 0 0 0 0 1 0 1 0 0 1 0 1 0 1 0 0 0 0 0 1 1 0
 1 0 0 1 0 0 0 0 0 0 1 -72.92099788303084 1 0.041666666666666664
0 0 0 1 0 1 0 0 0 0 1 0 1 0 0 0 0 0 0 1 1 0 0 0 0 0 0 1 0 1 0 0 0 0 0 1 0
 1 0 0 1 0 0 0 0 0 1 0 -71.59644256269408 1 0.020833333333333332
0 0 0 1 0 1 0 0 0 0 1 0 1 0 0 1 0 0 0 1 0 1 0 0 0 0 1 0 1 0 0 1 0 0 0 1 0
 1 0 0 1 0 1 0 0 0 1 1 -71.24555320336759 1 0.041666666666666664
0 0 0 1 0 1 0 0 0 0 1 0 1 0 0 0 0 0 0 1 0 1 0 0 0 0 1 0 1 0 0 0 0 0 0 1 0
 0 0 0 1 0 1 0 0 0 1 0 -76.59644256269408 1 0.0625
0 0 0 1 0 0 0 0 0 0 1 0 1 0 0 0 0 0 0 1 0 1 0 0 0 0 1 0 1 0 0 0 0 0 0 1 0
 0 0 0 1 0 1 0 0 0 0 1 -69.4341649025257 1 0.08333333333333333
0 0 0 1 0 1 0 0 0 0 1 0 1 0 0 0 0 0 0 1 0 1 0 0 0 0 1 0 1 0 0 0 0 0 0 1 1
 1 0 0 1 0 1 0 0 0 0 1 -78.92099788303084 1 0.041666666666666664
0 0 0 1 1 1 0 0 0 0 1 0 1 0 0 0 0 0 0 1 0 1 0 0 0 0 1 0 1 0 0 0 0 1 0 1 1
 0 0 0 0 0 1 0 0 0 1 0 -72.92099788303084 1 0.041666666666666664
0 0 0 1 0 1 0 0 1 0 0 0 0 0 1 0 0 0 0 1 0 1 0 0 1 0 0 0 0 0 1 0 0 1 0 1 0
 0 0 0 0 1 1 0 1 0 0 0 -66.75872022286245 1 0.0625
0 0 1 1 0 1 0 0 1 0 0 0 0 0 0 0 0 0 0 1 1 0 0 0 0 0 1 0 0 1 0 0 1 0 0 1 0
 1 0 0 0 0 1 0 0 0 0 0 -70.59644256269407 1 0.0
0 0 1 0 0 1 0 0 1 0 0 0 0 0 0 1 0 0 0 0 0 1 0 0 0 0 1 0 1 0 0 1 1 0 0 0 0
 1 0 0 0 0 1 0 0 0 0 1 -77.59644256269407 1 0.020833333333333332
0 0 1 1 0 1 0 0 0 0 1 0 1 0 0 0 0 0 0 1 0 1 0 0 0 0 1 0 1 0 0 0 1 0 0 1 0
 1 0 0 0 0 1 0 0 0 1 0 -78.92099788303084 1 0.08333333333333333
0 0 0 1 0 0 0 0 0 0 1 0 1 0 0 0 0 0 0 1 0 1 0 0 0 0 1 0 1 0 0 0 1 0 0 1 0
 1 0 0 1 0 1 0 0 0 0 0 -69.59644256269408 1 0.0625
0 0 0 1 0 1 0 0 0 0 1 0 1 0 0 0 0 0 0 1 0 0 0 0 0 1 1 0 1 0 0 0 1 0 0 1 0
 1 0 0 1 0 1 0 0 0 0 1 -71.92099788303084 1 0.08333333333333333
0 0 0 1 0 0 0 1 1 0 1 0 0 1 0 0 0 0 0 1 0 1 0 0 0 0 1 0 1 0 0 0 0 0 0 1 0
 1 0 0 0 0 1 0 0 0 0 1 -68.75872022286245 1 0.041666666666666664
0 1 0 0 0 1 0 0 1 0 1 0 0 0 0 1 0 0 0 0 0 1 0 0 0 0 1 0 0 0 0 1 1 0 0 0 0
 1 0 0 0 0 1 0 0 0 0 1 -72.59644256269407 1 0.020833333333333332
0 0 0 1 0 1 0 0 0 0 1 0 1 0 0 0 0 0 0 1 0 0 1 0 0 1 0 0 1 0 0 0 0 1 0 1 0
 0 0 0 1 0 1 0 0 0 1 0 -66.75872022286245 1 0.041666666666666664
0 0 0 1 0 0 0 0 0 0 1 0 1 0 0 0 0 0 0 1 0 1 0 0 0 0 1 0 1 0 0 0 0 1 0 0 0
 1 0 0 1 0 1 0 0 0 0 1 -70.59644256269408 1 0.0625
0 1 0 0 0 1 0 0 0 0 1 0 0 0 0 1 0 1 0 0 1 0 0 0 0 0 1 0 0 0 0 1 1 0 1 0 0
 1 0 0 0 0 1 0 0 0 0 1 -70.75872022286245 1 0.041666666666666664
0 0 0 1 0 0 0 0 0 0 1 0 1 0 0 0 0 0 0 1 0 1 0 0 0 0 1 0 1 0 0 0 0 1 0 1 0
 0 0 0 1 0 1 0 0 0 0 0 -67.4341649025257 1 0.08333333333333333
0 0 0 1 0 0 0 0 0 0 1 0 1 0 0 0 0 0 0 1 0 1 0 0 0 0 1 0 1 0 0 0 0 0 0 1 0
 1 0 0 1 0 0 0 0 0 0 1 -72.4341649025257 1 0.0625
0 0 0 1 0 0 1 0 0 0 1 0 1 0 0 0 0 0 0 1 0 0 0 0 0 1 1 0 1 0 0 0 0 0 0 1 0
 1 0 0 1 0 0 0 0 0 1 0 -70.59644256269408 1 0.041666666666666664
0 1 0 0 0 1 0 0 0 0 1 0 1 0 0 1 0 1 0 0 0 0 0 1 0 0 1 0 1 0 0 0 0 1 0 0 0
 1 0 0 1 0 1 0 0 0 0 1 -68.92099788303084 1 0.0
0 0 0 1 0 1 0 0 1 0 0 0 0 0 1 0 0 0 0 1 1 0 0 0 0 1 0 0 0 0 1 0 0 0 0 1 0
 1 0 0 1 0 1 0 0 0 0 1 -71.75872022286245 1 0.0625
0 0 0 1 0 1 0 0 1 0 0 0 0 0 1 0 0 1 0 1 0 1 0 0 1 0 0 0 0 0 1 0 1 0 0 1 0
 0 0 0 0 1 0 0 0 0 1 0 -66.75872022286245 1 0.020833333333333332
0 0 0 1 0 1 0 0 0 0 1 0 1 0 0 0 0 0 0 1 0 1 1 0 0 1 0 0 1 0 0 0 0 0 0 1 0
 1 0 0 1 1 0 0 0 0 1 0 -70.92099788303084 1 0.0625
0 1 0 0 0 0 1 0 1 0 1 0 0 0 0 1 1 0 0 0 0 1 0 0 0 0 1 0 0 0 0 1 1 1 0 0 0
 0 0 0 0 0 1 0 0 0 0 1 -66.75872022286245 1 0.041666666666666664
0 0 0 1 0 1 0 0 0 0 1 0 1 0 0 0 0 0 0 1 0 0 1 1 0 1 0 0 1 0 0 0 0 0 0 1 0
 1 0 0 1 0 1 0 0 0 0 1 -68.92099788303084 1 0.08333333333333333
0 0 0 1 0 1 0 0 1 0 1 0 0 0 1 0 0 1 0 1 1 0 0 0 0 0 1 0 0 0 1 0 1 0 0 1 0
 1 0 0 0 0 1 0 0 0 0 1 -68.08327554319922 1 0.0625
0 1 0 0 0 1 0 0 0 0 1 0 1 0 0 1 1 0 0 0 0 1 0 0 0 0 1 0 0 0 0 1 1 1 0 0 0
 0 0 0 0 0 1 0 0 0 1 1 -65.92099788303084 1 0.041666666666666664
0 0 0 1 0 1 0 0 1 0 0 0 0 0 1 0 0 0 0 1 0 1 0 0 1 0 0 0 0 0 1 1 0 1 0 1 1
 0 0 0 0 1 1 0 0 0 0 1 -62.083275543199214 1 0.08333333333333333
0 1 0 1 0 0 1 0 1 0 0 0 1 0 0 0 1 0 0 1 0 1 0 0 0 0 1 0 0 0 0 1 0 1 0 0 1
 0 0 0 0 0 1 0 0 0 0 1 -66.92099788303084 1 0.041666666666666664
0 1 0 0 1 0 0 0 0 0 1 0 0 0 0 1 0 1 0 0 0 0 0 1 1 0 1 0 0 0 0 0 1 0 0 0 0
 1 0 0 0 0 1 0 0 0 0 1 -67.59644256269407 1 0.020833333333333332
0 0 0 1 0 1 0 0 0 0 0 0 0 0 1 0 0 0 0 1 0 1 0 0 1 0 1 0 0 0 1 0 1 0 0 1 0
 1 0 0 0 0 1 0 0 0 0 1 -65.75872022286245 1 0.08333333333333333
0 1 0 1 0 1 0 0 0 0 1 0 1 0 0 0 0 0 0 0 1 0 0 0 0 1 1 0 0 0 0 1 0 0 1 0 0
 1 0 0 1 0 0 0 0 0 0 1 -64.75872022286245 1 0.020833333333333332
0 0 0 1 0 1 0 0 0 0 1 0 1 0 0 0 0 0 0 1 0 1 0 0 0 0 1 0 1 0 0 0 1 0 0 1 0
 1 0 0 1 0 1 0 0 0 1 0 -78.92099788303084 1 0.125
0 0 0 1 0 1 0 0 0 0 1 0 1 0 0 1 1 0 0 0 0 1 0 0 0 0 1 0 0 0 0 1 1 0 0 0 0
 1 0 0 0 0 1 0 0 0 0 1 -77.75872022286245 1 0.041666666666666664
0 0 0 1 0 1 0 0 0 0 1 0 1 0 0 1 0 1 0 0 1 0 0 0 0 1 1 0 0 0 0 1 1 0 0 0 0
 1 0 0 0 0 1 0 0 0 1 1 -66.08327554319919 1 0.020833333333333332
0 1 0 1 0 1 0 0 0 0 1 0 1 0 0 0 0 0 0 1 0 1 0 0 0 0 1 0 0 0 0 1 0 1 0 1 0
 1 0 0 1 0 0 0 0 0 1 0 -65.92099788303082 1 0.0625
0 0 0 1 1 0 0 0 0 0 1 0 0 0 0 0 0 0 0 1 0 1 0 0 0 0 1 0 1 0 0 0 0 1 0 1 0
 0 0 0 1 0 1 0 0 0 0 1 -63.59644256269408 1 0.0625
0 0 0 1 0 1 0 0 0 0 1 0 1 0 0 0 0 1 0 0 0 0 0 1 1 0 1 0 0 0 0 0 1 0 0 0 0
 1 0 1 0 0 1 0 0 0 0 0 -66.59644256269408 1 0.041666666666666664
0 1 0 1 0 1 0 0 0 0 1 0 1 0 0 0 0 0 0 1 0 0 1 0 0 1 1 0 1 0 0 0 0 1 0 1 0
 0 0 0 1 0 1 0 0 0 0 1 -61.08327554319923 1 0.08333333333333333
0 0 1 1 0 1 0 0 0 0 1 0 1 0 0 0 0 0 0 1 0 1 0 0 0 0 1 0 1 0 0 0 1 0 0 1 0
 1 0 0 1 0 1 0 0 1 1 0 -69.24555320336759 1 0.0625
0 0 0 1 0 0 0 1 0 0 1 0 1 1 0 0 0 0 0 1 0 1 0 0 0 0 1 0 1 0 0 0 1 0 0 1 0
 0 0 0 1 0 1 0 0 1 0 0 -67.92099788303084 1 0.0625
0 0 0 1 0 1 0 0 0 0 0 0 0 0 1 0 0 0 0 1 0 1 0 0 0 0 1 0 1 0 0 0 0 1 0 1 0
 0 0 0 1 0 1 0 0 0 0 1 -61.59644256269408 1 0.10416666666666667
0 0 0 1 0 1 0 0 0 0 1 0 0 1 0 0 0 0 0 1 0 1 0 0 0 0 1 0 1 0 0 0 1 0 0 1 0
 0 0 0 0 0 1 0 0 0 0 1 -67.59644256269408 1 0.041666666666666664
0 0 0 1 1 0 0 0 0 0 1 0 0 1 0 0 0 0 0 1 0 0 1 0 0 1 0 0 1 0 0 0 1 0 0 0 0
 0 0 0 1 0 1 0 0 0 0 1 -60.59644256269408 1 0.0625
0 0 0 1 0 1 0 0 0 0 0 1 0 0 1 0 1 0 0 0 0 1 0 0 0 0 0 1 0 0 1 0 0 1 0 1 0
 1 0 0 0 0 1 0 1 0 0 0 -62.75872022286246 1 0.041666666666666664
0 0 1 1 0 1 0 0 1 0 0 0 0 0 0 1 0 0 0 1 1 1 0 0 0 0 1 0 0 0 0 1 1 0 0 1 0
 1 0 0 1 0 1 0 0 0 0 1 -65.24555320336759 1 0.041666666666666664
0 0 0 1 0 1 0 0 0 0 1 0 1 0 0 0 0 0 0 1 0 1 0 0 1 0 0 0 0 0 1 0 0 1 0 1 0
 0 0 0 0 1 1 0 1 0 0 0 -62.75872022286246 1 0.08333333333333333
0 0 1 0 0 1 0 0 0 0 0 0 0 0 0 1 0 0 1 0 0 1 0 0 1 0 0 0 0 0 0 1 0 0 1 0 0
 1 0 0 0 0 0 0 1 0 0 1 -64.4341649025257 1 0.041666666666666664
0 0 0 1 0 0 1 0 0 0 1 0 1 0 0 0 0 0 0 1 0 1 0 0 0 0 1 0 1 0 0 0 1 0 0 1 0
 1 0 0 1 0 1 0 0 0 1 0 -67.92099788303082 1 0.10416666666666667
0 0 0 1 0 1 0 0 0 0 1 0 1 0 0 0 0 0 0 1 0 1 0 0 1 0 0 0 1 0 0 0 0 0 1 0 1
 1 0 0 0 0 1 0 0 0 0 1 -68.75872022286245 1 0.041666666666666664
0 1 0 0 0 0 1 0 1 0 0 0 0 0 0 1 0 1 0 0 1 0 0 0 0 0 1 0 0 0 0 1 1 1 0 0 0
 0 0 0 0 0 1 0 0 0 0 1 -69.59644256269407 1 0.0625
0 1 0 0 1 0 0 0 0 0 1 0 0 0 0 1 0 0 0 0 1 0 0 0 0 1 1 0 0 0 0 1 0 1 0 1 0
 0 0 0 1 0 1 0 0 0 0 1 -59.75872022286245 1 0.020833333333333332
0 0 0 1 1 1 0 0 0 0 1 0 0 0 0 1 0 0 0 1 1 1 0 0 0 0 0 0 0 0 1 0 0 0 0 1 0
 1 0 0 1 0 0 0 0 0 0 1 -65.75872022286245 1 0.0625
0 0 0 1 0 1 0 0 0 0 0 0 0 0 1 0 0 0 0 1 0 1 1 0 0 1 0 0 1 0 0 0 0 0 0 1 0
 1 0 0 0 0 1 0 1 0 0 0 -66.59644256269408 1 0.10416666666666667
0 0 0 1 0 1 0 0 0 0 1 0 1 0 0 0 0 1 0 0 0 0 0 1 1 0 1 0 0 0 0 1 1 0 0 0 0
 0 0 1 0 0 1 0 0 1 0 1 -62.92099788303084 1 0.041666666666666664
0 1 0 0 0 0 0 0 1 0 1 0 0 0 0 1 0 1 0 1 0 1 0 0 0 0 1 0 1 0 0 1 0 1 0 1 1
 0 0 0 0 0 1 0 0 0 0 1 -59.083275543199214 1 0.020833333333333332
0 0 0 1 0 1 1 0 0 0 1 0 1 0 0 0 0 0 1 0 0 0 0 1 0 1 0 0 1 0 0 0 1 0 0 0 0
 1 0 0 1 0 1 0 0 0 1 1 -58.083275543199214 1 0.0625
0 1 0 0 0 0 0 0 0 0 1 1 1 0 0 0 0 1 0 0 0 1 0 0 0 0 1 1 1 0 0 0 1 0 0 0 0
 0 0 1 0 0 1 0 0 1 0 0 -66.75872022286245 1 0.08333333333333333
0 0 0 1 0 0 0 0 0 0 1 0 0 0 0 1 0 0 1 0 1 0 0 1 0 1 1 0 0 0 0 1 1 0 0 0 0
 1 0 0 1 0 1 0 0 0 0 1 -51.92099788303083 1 0.0625
0 1 1 0 0 1 0 0 1 0 0 0 0 0 0 1 0 1 0 0 0 1 0 0 1 0 0 0 0 0 0 1 1 1 0 0 0
 0 0 0 0 1 1 0 0 0 0 1 -58.92099788303083 1 0.0625
