0 0 0 1 0 1 0 0 0 0 1 0 1 0 0 0 0 0 0 1 0 0 1 0 0 1 0 0 1 0 0 0 0 0 0 1 1
 0 0 0 0 0 1 0 0 1 0 0 -82.59644256269408 2 0.020833333333333332
0 0 0 1 0 0 1 0 0 1 0 0 1 0 0 0 0 0 0 1 0 1 0 0 0 0 1 0 1 0 0 0 0 0 0 1 0
 1 0 0 1 0 0 0 0 0 1 0 -82.59644256269408 1 0.020833333333333332
0 0 0 1 0 1 0 0 0 0 1 0 1 0 0 0 0 0 0 1 0 0 1 0 0 1 0 0 1 0 0 0 0 0 0 1 1
 0 0 0 0 0 1 0 0 1 0 0 -82.59644256269408 1 0.0
0 0 0 1 0 0 1 0 0 1 0 0 1 0 0 0 0 0 0 1 0 1 0 0 0 0 1 0 1 0 0 0 0 0 0 1 0
 1 0 0 1 0 0 0 0 0 1 0 -82.59644256269408 1 0.0
0 0 0 1 0 0 1 0 0 1 0 0 1 0 0 0 0 0 0 1 0 1 0 0 0 0 1 0 1 0 0 0 0 0 0 1 0
 1 0 0 1 0 0 0 0 0 1 0 -82.59644256269408 1 0.041666666666666664
0 0 0 1 0 1 0 0 1 0 0 0 0 0 1 0 0 0 0 1 0 0 1 0 0 1 0 0 1 0 0 0 0 0 0 1 1
 0 0 0 0 1 0 0 0 0 1 0 -78.59644256269407 19 0.041666666666666664
0 0 0 1 1 0 0 0 0 0 1 0 0 1 0 0 0 0 0 1 1 0 0 0 0 1 0 0 0 0 1 0 0 0 0 1 0
 1 0 0 0 0 1 0 1 0 0 0 -82.59644256269407 1 0.020833333333333332
0 0 0 1 0 1 0 0 1 0 0 0 0 0 1 0 0 0 0 1 0 0 1 0 0 1 0 0 1 0 0 0 0 0 0 1 1
 0 0 0 0 1 0 0 0 0 1 0 -78.59644256269407 6 0.020833333333333332
0 0 0 1 0 1 0 0 0 0 1 0 1 0 0 0 0 0 0 1 0 0 1 0 0 1 0 0 1 0 0 0 0 0 0 1 1
 0 0 0 0 1 0 0 0 0 1 0 -80.59644256269408 3 0.020833333333333332
0 0 0 1 0 1 0 0 1 0 0 0 0 0 1 0 0 0 0 1 0 0 1 0 0 1 0 0 1 0 0 0 0 0 0 1 1
 0 0 0 0 1 0 0 0 0 1 0 -78.59644256269407 4 0.041666666666666664
1 0 0 1 0 1 0 0 0 0 1 0 0 0 1 0 0 0 0 1 0 0 1 0 0 1 0 0 1 0 0 0 0 0 0 1 1
 0 0 0 0 1 0 0 0 0 1 0 -75.75872022286245 2 0.041666666666666664
0 0 0 1 0 1 0 0 0 0 1 0 1 0 0 0 0 0 0 1 0 0 1 0 0 1 0 0 1 0 0 0 0 0 0 1 1
 0 0 0 0 1 0 0 0 0 1 0 -80.59644256269408 1 0.020833333333333332
0 0 0 1 0 1 0 0 1 0 0 0 0 0 1 0 0 0 0 1 0 0 1 0 0 1 0 0 1 0 0 0 0 0 0 1 1
 0 0 0 0 1 0 0 0 0 1 0 -78.59644256269407 1 0.020833333333333332
0 0 0 1 0 1 0 0 1 0 0 0 0 0 1 0 0 0 0 1 0 0 1 0 0 1 0 0 1 0 0 0 0 0 0 1 1
 0 0 0 0 1 0 0 0 0 1 0 -78.59644256269407 1 0.0625
0 0 0 1 0 1 0 0 1 0 0 0 0 0 1 0 0 0 0 1 0 0 1 0 0 1 0 0 1 0 0 0 0 0 0 1 1
 0 0 0 0 1 0 1 0 0 1 0 -71.75872022286245 2 0.0625
1 0 0 1 0 1 0 0 1 0 0 0 0 0 1 0 0 0 0 1 0 0 1 0 0 1 0 0 1 0 0 0 0 0 0 1 1
 0 0 0 0 1 0 0 0 0 1 0 -73.75872022286245 1 0.0625
1 0 0 1 0 1 0 0 0 0 0 0 0 0 1 0 0 0 0 1 0 0 1 0 0 1 0 0 1 0 0 0 0 0 0 1 1
 0 0 0 0 1 0 0 0 0 1 0 -73.59644256269407 2 0.0625
0 0 0 1 0 1 0 0 1 0 0 0 0 0 1 0 0 0 0 1 0 0 1 0 0 1 0 0 1 0 0 0 0 0 0 1 1
 0 0 0 0 1 0 0 0 0 1 0 -78.59644256269407 1 0.0625
0 0 0 1 0 1 0 0 1 0 0 0 0 0 1 0 0 0 0 1 0 0 1 0 0 1 0 0 1 0 0 0 0 0 0 1 1
 0 0 0 0 1 0 0 0 0 1 0 -78.59644256269407 1 0.0625
0 0 0 1 0 1 0 0 1 0 0 0 0 0 1 0 0 0 0 1 0 0 1 0 0 1 0 0 1 0 0 0 0 0 0 1 1
 0 0 0 0 1 0 0 0 0 1 0 -78.59644256269407 1 0.0625
1 0 0 1 0 1 0 0 1 0 0 0 0 0 1 0 0 0 0 1 0 0 1 0 0 1 0 0 1 0 0 0 0 0 0 1 1
 0 0 0 0 1 0 0 0 0 1 0 -73.75872022286245 1 0.041666666666666664
0 0 0 1 1 0 0 0 0 0 1 0 0 1 0 0 0 0 0 1 0 1 0 0 0 1 0 0 1 0 1 0 0 0 0 1 0
 1 0 0 0 0 1 0 1 0 0 0 -79.75872022286245 1 0.020833333333333332
0 0 0 1 0 1 0 0 1 0 0 0 0 0 1 0 0 0 0 1 0 0 1 0 0 1 0 0 1 0 0 0 0 0 0 1 1
 0 0 0 0 1 0 0 0 0 1 0 -78.59644256269407 1 0.0625
0 0 0 1 0 1 0 0 1 0 0 0 1 0 1 0 0 0 0 1 0 0 1 0 0 1 0 0 1 0 0 0 0 0 0 1 1
 0 0 0 0 1 0 0 0 0 1 0 -73.75872022286245 4 0.0625
0 0 0 1 1 0 0 0 0 0 1 0 0 1 0 0 0 0 0 1 1 1 0 0 0 0 1 0 0 0 0 0 0 0 0 1 0
 1 0 0 0 0 1 0 1 0 0 0 -77.59644256269407 1 0.020833333333333332
0 0 0 1 0 1 0 0 0 0 0 0 1 0 1 0 0 0 0 1 0 0 1 0 0 1 0 0 1 0 0 0 0 0 0 1 1
 0 0 0 0 1 0 0 0 0 1 0 -73.59644256269407 4 0.0625
0 0 0 1 1 0 0 0 0 0 1 0 1 1 0 0 0 0 0 1 0 1 0 0 0 0 1 0 1 0 0 0 0 0 0 1 0
 1 0 0 0 0 1 0 1 0 0 0 -77.75872022286245 1 0.0
0 0 0 1 0 1 0 0 1 0 0 0 0 0 1 0 0 0 0 1 0 0 1 0 0 1 0 0 1 0 0 0 0 0 0 1 1
 0 0 0 0 1 0 0 0 0 1 0 -78.59644256269407 3 0.0625
0 0 0 1 0 1 0 0 0 0 1 0 1 0 0 0 0 0 0 1 0 0 1 0 0 1 0 0 1 0 0 0 0 0 0 1 0
 0 1 0 0 1 0 0 1 0 0 0 -76.59644256269408 1 0.041666666666666664
0 0 0 1 0 1 0 0 0 0 0 0 1 0 1 0 0 0 0 1 0 0 1 0 0 1 0 0 1 0 0 0 0 0 0 1 1
 0 0 0 0 1 0 0 0 0 1 0 -73.59644256269407 1 0.041666666666666664
0 0 0 1 0 1 0 0 1 0 0 0 0 0 1 0 0 0 0 1 0 0 1 0 0 1 0 0 1 0 0 0 0 0 0 1 1
 0 0 0 0 1 0 0 0 0 1 0 -78.59644256269407 1 0.08333333333333333
0 0 0 1 0 1 0 0 0 0 1 0 1 0 0 0 0 0 0 1 0 0 1 0 0 1 0 0 1 0 0 0 0 0 0 1 1
 0 0 0 0 1 0 0 1 0 0 0 -75.59644256269408 1 0.041666666666666664
0 0 0 1 0 1 0 0 1 0 0 0 0 0 1 0 0 0 0 1 0 0 1 0 0 1 0 0 1 0 0 0 0 0 0 1 1
 0 0 0 0 1 0 0 0 0 1 0 -78.59644256269407 1 0.0625
0 0 0 1 0 1 0 0 0 0 1 0 1 0 0 0 0 0 0 1 0 0 1 0 0 1 0 0 1 0 0 0 0 0 0 1 1
 0 0 0 0 1 0 0 0 0 0 0 -75.4341649025257 1 0.041666666666666664
0 0 0 1 0 1 0 0 0 0 1 0 1 0 1 0 0 0 0 1 0 0 1 0 0 1 0 0 1 0 0 0 0 0 0 1 1
 0 0 0 0 1 0 0 0 0 1 0 -75.75872022286245 1 0.041666666666666664
0 0 0 1 0 1 0 0 1 0 0 0 1 0 1 0 0 0 0 1 0 0 1 0 0 1 0 0 1 0 0 0 0 0 0 1 1
 0 0 0 0 1 0 0 0 0 1 0 -73.75872022286245 1 0.041666666666666664
0 0 0 1 0 1 0 0 1 0 0 0 0 0 1 0 0 0 0 1 0 0 1 0 0 1 0 0 1 0 0 0 0 0 0 1 1
 0 0 0 0 1 0 0 1 0 1 0 -73.75872022286245 1 0.041666666666666664
0 0 0 1 0 1 0 0 0 0 1 0 1 0 1 0 0 0 0 1 0 0 1 0 0 1 0 0 1 0 0 0 0 0 0 1 1
 0 0 0 0 1 0 0 0 0 1 0 -75.75872022286245 1 0.0625
1 0 0 1 0 1 0 0 0 1 0 0 0 0 1 0 0 0 0 1 0 0 1 0 0 1 0 0 1 0 0 0 0 0 0 1 1
 0 0 0 0 1 0 0 0 0 1 0 -71.75872022286245 3 0.0625
0 0 0 1 0 1 0 0 1 0 0 0 0 0 1 0 0 0 0 1 0 0 1 0 0 1 0 0 1 0 0 0 0 0 0 1 1
 0 0 0 0 1 0 0 1 0 1 0 -73.75872022286245 1 0.020833333333333332
0 0 0 1 0 1 0 0 1 0 1 0 1 0 0 0 0 0 0 1 0 0 1 0 0 1 0 0 1 0 0 0 0 0 0 1 1
 0 0 0 0 1 0 0 0 0 1 0 -75.75872022286245 1 0.020833333333333332
0 0 0 1 1 1 0 0 0 0 0 0 0 0 1 0 0 0 0 1 0 0 1 0 0 1 0 0 1 0 0 0 0 0 0 1 1
 0 0 0 0 1 0 0 0 0 1 0 -71.59644256269407 2 0.041666666666666664
0 0 0 1 0 1 0 0 0 0 0 0 0 0 1 0 0 0 0 1 0 0 1 0 0 1 0 0 1 0 0 0 0 0 0 1 1
 0 0 0 0 1 0 0 0 0 1 0 -73.4341649025257 1 0.08333333333333333
0 0 0 1 1 0 1 0 0 0 1 0 0 1 0 0 0 0 0 1 1 0 0 0 0 1 0 0 0 0 1 0 0 0 0 1 0
 0 1 0 0 1 0 0 1 0 0 0 -73.75872022286245 1 0.041666666666666664
0 0 0 1 0 0 1 0 1 0 0 0 0 1 0 0 0 0 0 1 1 0 0 0 0 1 0 0 1 0 1 0 0 0 0 1 0
 0 1 0 0 1 0 0 1 0 0 0 -71.75872022286245 1 0.041666666666666664
0 0 0 1 0 1 0 0 0 0 1 0 1 0 0 0 0 0 0 1 0 0 1 0 0 1 0 0 1 0 0 0 0 0 0 1 1
 0 0 0 0 1 0 0 0 0 1 0 -80.59644256269408 1 0.0625
0 0 0 1 0 1 0 0 0 1 0 0 1 0 1 0 0 0 0 1 0 0 1 0 0 1 0 0 1 0 0 0 0 0 0 1 1
 0 0 0 0 1 0 0 0 0 1 0 -71.75872022286245 1 0.0625
1 0 0 0 0 1 0 0 0 0 1 0 0 0 0 1 0 0 0 1 0 0 1 0 1 1 0 0 0 0 0 1 0 1 0 0 1
 0 0 0 0 0 1 0 0 0 0 1 -75.75872022286245 1 0.041666666666666664
0 0 0 1 0 1 0 0 1 0 0 0 0 0 1 0 0 0 0 1 0 0 1 0 0 1 0 0 1 0 0 0 0 1 0 1 1
 0 0 0 0 1 0 0 0 0 1 0 -71.75872022286245 1 0.0625
0 0 0 1 0 0 1 0 1 0 0 0 0 1 0 0 0 0 0 1 0 1 0 0 0 0 1 0 1 0 0 0 0 0 0 1 0
 1 1 0 0 1 0 0 1 0 0 0 -73.75872022286245 1 0.020833333333333332
1 0 0 1 0 1 0 0 0 0 0 0 0 0 1 0 0 0 0 1 0 0 1 0 0 1 0 0 1 0 0 0 0 0 0 1 1
 0 0 0 0 1 0 0 0 0 1 0 -73.59644256269407 1 0.041666666666666664
0 0 0 1 1 0 1 0 0 0 1 0 0 1 0 0 0 0 0 1 1 0 0 0 0 1 0 0 0 0 1 0 0 0 0 1 0
 0 1 0 0 1 0 0 1 0 0 0 -73.75872022286245 1 0.0625
0 0 0 1 0 0 1 0 0 1 0 0 1 0 0 0 0 0 0 1 0 1 0 0 0 0 1 0 1 0 0 0 0 0 0 1 0
 0 1 0 0 1 0 0 1 0 0 0 -76.59644256269408 1 0.041666666666666664
0 0 0 1 0 1 0 0 1 0 0 0 0 0 1 0 0 0 0 1 0 0 1 0 0 1 0 0 1 0 0 0 0 0 0 1 1
 0 0 0 0 1 0 0 0 0 1 0 -78.59644256269407 1 0.041666666666666664
0 0 0 1 0 1 0 0 0 0 1 0 1 0 1 0 0 0 0 1 0 0 1 0 0 1 0 0 1 0 0 0 0 0 0 1 1
 0 0 0 0 1 0 0 0 0 1 0 -75.75872022286245 1 0.0625
0 0 0 1 0 1 0 0 1 0 0 0 0 0 1 0 0 0 0 1 0 0 1 0 0 1 0 0 1 0 0 0 0 0 0 1 1
 0 0 0 0 0 1 0 0 1 0 0 -72.59644256269407 1 0.041666666666666664
0 0 0 1 0 1 0 0 1 0 0 0 1 0 1 0 0 0 0 1 0 0 1 0 0 1 0 0 1 0 0 0 0 0 0 1 1
 0 0 0 0 1 0 0 0 0 1 0 -73.75872022286245 1 0.041666666666666664
0 0 0 1 0 1 0 0 0 0 0 0 0 0 1 0 0 0 0 1 0 0 1 0 0 1 0 0 1 0 0 0 0 0 0 1 1
 0 0 0 0 1 0 0 0 0 1 0 -73.4341649025257 1 0.08333333333333333
0 0 0 1 0 1 0 0 0 0 1 0 1 0 0 0 0 0 0 1 0 0 1 0 0 1 0 0 1 0 0 0 0 0 0 1 1
 0 0 0 0 1 1 0 1 0 0 0 -77.75872022286245 1 0.041666666666666664
1 0 0 1 0 1 0 0 0 0 1 0 0 0 1 0 0 0 0 1 0 0 1 0 0 1 0 0 1 0 0 0 0 0 0 1 0
 0 1 0 0 1 0 0 1 0 0 0 -69.75872022286245 1 0.0625
0 0 0 1 0 0 1 0 1 1 0 0 0 1 0 0 0 0 0 1 0 1 0 0 0 0 1 0 1 0 0 0 0 0 0 1 0
 1 1 0 0 1 0 0 1 0 0 0 -68.92099788303084 1 0.041666666666666664
0 0 0 1 0 0 1 0 0 1 0 0 1 0 0 0 0 0 0 1 0 1 0 0 0 0 1 0 1 0 0 0 0 0 0 1 0
 0 1 0 0 1 0 0 1 0 0 0 -76.59644256269408 1 0.041666666666666664
0 0 0 1 0 1 1 0 0 1 0 0 1 0 0 0 0 0 0 1 0 1 0 0 0 0 1 0 1 0 0 0 0 0 0 1 0
 0 1 0 0 1 0 0 1 0 0 0 -71.75872022286245 1 0.020833333333333332
0 0 0 1 0 1 0 0 1 0 0 0 0 0 1 0 0 0 0 1 0 1 0 0 0 0 1 0 1 0 0 0 0 0 0 1 1
 0 0 0 0 1 0 0 0 0 1 0 -76.59644256269408 1 0.020833333333333332
0 0 0 1 0 0 1 0 1 0 0 0 0 1 0 0 0 0 0 1 0 1 0 0 0 0 1 0 1 0 0 0 0 0 0 1 0
 1 1 0 0 1 0 0 1 0 0 0 -73.75872022286245 1 0.041666666666666664
0 0 0 1 1 0 1 0 0 1 0 0 0 1 0 0 0 0 0 1 0 1 0 0 0 0 1 0 1 0 0 0 0 0 0 1 0
 1 0 0 0 0 1 0 1 0 0 0 -75.75872022286245 1 0.020833333333333332
0 0 0 1 0 1 0 0 1 0 0 0 0 0 1 0 0 0 0 1 0 0 1 0 0 1 0 0 1 0 0 0 0 0 0 1 1
 0 0 1 0 1 0 0 0 0 1 0 -71.75872022286245 1 0.041666666666666664
0 0 0 1 0 1 0 0 1 0 0 0 0 0 1 0 0 0 0 1 0 0 1 0 0 1 0 0 1 0 0 0 0 0 0 1 1
 0 1 0 0 1 0 0 0 0 1 0 -71.75872022286245 1 0.041666666666666664
0 0 0 1 0 1 0 0 1 0 0 0 0 0 1 0 0 0 0 1 0 0 1 0 0 1 0 0 1 0 0 0 0 0 0 1 0
 1 0 0 0 1 0 0 1 0 1 0 -71.75872022286245 1 0.041666666666666664
0 0 0 1 0 1 0 0 0 0 1 0 1 0 1 0 0 0 0 1 0 0 1 0 0 1 0 0 1 0 0 0 0 0 0 1 0
 0 1 0 0 1 0 0 1 0 0 0 -69.75872022286245 1 0.0625
0 0 0 1 0 1 0 0 0 1 0 0 0 0 1 0 0 0 0 1 0 0 1 0 0 1 0 0 1 0 0 0 0 0 0 1 1
 0 0 0 0 1 0 0 0 0 1 0 -71.59644256269408 1 0.0625
1 0 0 1 0 0 1 0 0 0 1 0 0 1 0 0 0 0 0 1 1 0 0 0 0 1 0 0 0 0 1 0 0 0 0 1 0
 0 1 0 0 1 1 0 1 0 0 0 -70.92099788303084 1 0.08333333333333333
0 0 0 1 0 1 0 0 1 0 0 0 0 0 1 0 0 0 0 1 0 0 1 0 0 1 0 0 1 0 0 0 0 0 0 1 1
 0 0 0 0 1 1 0 0 0 0 0 -71.59644256269407 1 0.041666666666666664
0 0 0 1 0 1 0 0 1 0 0 0 0 0 1 0 0 0 0 1 0 0 1 1 0 1 0 0 1 0 0 0 0 0 0 1 1
 0 0 0 0 1 0 0 0 0 1 0 -71.75872022286245 1 0.020833333333333332
0 0 0 1 0 1 0 0 1 0 0 0 0 0 1 0 0 0 0 1 0 0 1 0 0 1 0 0 1 0 0 0 0 0 0 1 1
 0 0 0 1 1 0 0 0 0 1 0 -71.75872022286245 1 0.020833333333333332
0 0 0 1 0 1 1 0 0 0 1 0 1 0 0 0 0 0 0 1 0 0 1 0 0 1 0 0 1 0 0 0 0 0 0 1 0
 1 0 0 0 0 1 0 1 0 0 0 -73.75872022286245 1 0.020833333333333332
0 0 0 1 0 1 0 0 1 0 0 0 0 0 1 0 0 0 0 1 0 0 1 0 0 1 0 0 1 0 0 0 0 0 0 1 0
 0 0 0 0 1 0 0 0 0 1 0 -71.4341649025257 1 0.041666666666666664
1 0 0 0 0 1 0 0 0 0 1 0 0 0 1 0 0 0 0 1 0 0 1 0 0 1 0 0 1 0 0 0 0 1 0 0 1
 0 0 0 0 0 0 1 0 0 1 0 -69.59644256269408 2 0.041666666666666664
0 0 0 1 0 1 0 0 0 0 1 0 1 0 0 0 0 0 0 1 0 0 1 0 0 1 0 0 1 0 0 0 0 1 0 1 1
 0 0 0 0 0 1 0 0 0 1 0 -75.75872022286245 1 0.020833333333333332
0 0 0 1 1 1 0 0 0 0 0 0 0 0 1 0 0 0 0 1 0 0 1 0 0 1 0 0 1 0 0 0 0 0 0 1 1
 0 0 0 0 1 0 0 0 0 1 0 -71.59644256269407 1 0.0625
1 0 0 1 0 1 0 0 0 0 1 0 0 1 0 0 0 0 0 1 0 0 1 0 0 1 0 0 1 0 0 0 0 0 0 1 0
 1 1 0 0 1 0 0 1 0 0 0 -66.92099788303084 1 0.08333333333333333
0 0 0 1 1 0 0 0 0 0 1 0 0 1 0 0 0 0 0 1 0 0 1 0 0 1 0 0 1 0 0 0 0 0 0 1 0
 0 1 0 0 1 0 0 1 0 0 0 -72.59644256269407 1 0.041666666666666664
0 0 0 1 0 0 1 0 0 1 0 0 1 0 0 0 0 0 0 1 0 1 0 0 0 0 1 0 1 0 0 0 0 0 0 1 0
 1 1 0 0 0 1 0 1 0 0 0 -75.75872022286245 1 0.020833333333333332
0 0 0 1 0 1 0 0 0 0 1 0 1 0 0 0 0 0 0 1 0 0 1 0 0 1 0 0 1 0 0 0 0 0 0 1 0
 0 0 1 0 0 1 0 1 0 0 0 -73.59644256269408 1 0.020833333333333332
0 0 0 1 0 1 0 0 1 0 0 0 0 0 1 0 0 0 0 1 0 0 1 0 0 1 0 0 1 0 0 0 0 0 0 1 0
 1 0 0 0 1 0 0 1 0 1 0 -71.75872022286245 1 0.0625
0 0 0 1 1 0 0 0 0 0 1 0 0 1 0 0 0 0 0 1 0 0 1 0 0 1 0 0 1 0 0 0 0 0 0 1 0
 0 1 0 0 1 0 0 1 0 0 0 -72.59644256269407 1 0.041666666666666664
1 0 0 0 0 1 0 0 0 0 1 0 0 0 0 1 0 0 0 1 0 0 1 0 0 1 0 0 1 0 0 0 0 1 0 0 1
 0 0 0 0 0 1 0 0 0 0 1 -78.59644256269408 1 0.08333333333333333
1 0 0 1 0 0 1 0 0 1 0 0 1 0 0 0 0 0 0 1 0 1 0 0 0 0 1 0 1 0 0 0 0 0 0 1 0
 0 1 0 0 1 0 0 1 0 0 0 -71.75872022286245 1 0.020833333333333332
0 0 0 1 1 0 0 0 0 1 0 0 0 0 1 0 0 0 0 1 0 1 0 0 0 0 1 0 1 0 0 0 0 0 0 1 0
 1 0 0 0 0 1 0 1 0 1 0 -75.75872022286245 1 0.020833333333333332
0 0 0 1 1 0 0 0 0 0 1 0 0 1 0 0 0 0 0 1 0 0 1 0 0 1 0 0 1 0 0 0 0 0 0 1 0
 0 1 0 0 1 0 0 1 0 0 0 -72.59644256269407 1 0.020833333333333332
0 0 0 1 0 0 1 0 1 1 0 0 0 1 0 0 0 0 0 1 0 1 0 0 1 0 0 0 0 0 1 0 0 1 0 1 0
 1 0 0 0 0 1 0 1 0 0 0 -68.92099788303084 1 0.041666666666666664
0 0 0 1 0 1 0 0 1 0 1 0 0 1 0 0 0 0 0 1 0 0 1 0 0 1 0 0 1 0 0 0 0 0 0 1 0
 0 1 0 0 1 0 0 1 0 0 0 -71.75872022286245 1 0.041666666666666664
0 0 0 1 1 0 0 0 0 0 1 0 0 1 0 0 0 0 0 1 0 0 1 0 0 1 0 0 1 0 0 0 0 0 0 1 0
 0 1 0 0 1 0 0 1 0 0 0 -72.59644256269407 1 0.020833333333333332
1 0 0 1 0 0 1 0 0 0 1 0 0 1 0 0 0 0 0 1 0 0 1 0 0 1 0 0 1 0 0 0 0 0 0 1 0
 0 1 0 0 1 0 0 1 0 0 0 -69.75872022286245 3 0.0625
0 0 0 1 0 1 0 0 1 0 0 0 0 0 1 0 0 0 0 1 0 0 1 0 0 1 0 0 1 0 0 0 0 0 0 1 1
 0 1 0 0 1 0 0 0 0 1 0 -71.75872022286245 1 0.0625
0 0 0 1 0 1 0 0 1 0 0 0 0 0 1 0 0 0 0 1 0 0 1 0 0 1 0 0 1 0 0 0 0 0 0 1 1
 0 0 0 0 1 0 0 0 0 1 0 -78.59644256269407 1 0.0625
0 0 0 1 1 0 0 0 0 0 1 0 0 1 0 0 0 0 0 1 0 0 1 0 0 1 0 0 1 0 0 0 0 0 0 1 0
 1 1 0 0 1 0 0 1 0 0 0 -69.75872022286245 1 0.08333333333333333
1 0 0 1 0 1 0 0 0 0 1 0 1 0 0 0 0 0 0 1 0 0 1 0 0 1 0 0 1 0 0 0 0 1 0 1 1
 0 0 0 0 0 1 0 0 0 0 0 -72.75872022286245 1 0.041666666666666664
0 0 0 1 0 1 0 0 0 0 1 0 1 0 0 0 0 0 0 1 0 0 1 0 0 1 0 0 1 0 0 0 0 1 0 0 0
 0 0 1 0 0 1 0 1 0 0 0 -72.59644256269408 1 0.020833333333333332
0 0 0 1 0 1 0 0 0 0 1 0 1 0 0 0 0 0 0 1 0 0 1 0 0 1 0 0 1 0 0 0 0 1 0 0 0
 0 0 1 0 0 1 0 1 0 0 0 -72.59644256269408 1 0.041666666666666664
1 0 0 1 0 1 0 0 0 1 0 0 0 0 1 0 0 0 0 1 0 0 1 0 0 1 1 0 1 0 0 0 0 0 0 1 1
 0 0 0 0 1 0 0 0 0 1 0 -68.92099788303084 1 0.08333333333333333
0 0 0 1 0 1 0 0 1 0 0 0 0 0 1 0 0 0 0 1 0 0 1 0 0 1 0 0 1 0 0 0 0 0 0 1 1
 0 0 0 0 1 1 0 0 0 0 0 -71.59644256269407 1 0.041666666666666664
0 0 0 1 0 1 0 0 1 0 0 0 0 0 1 0 0 0 0 1 0 0 1 0 0 1 0 0 1 0 0 0 0 0 0 1 0
 0 1 0 0 1 0 0 1 0 1 0 -69.75872022286245 1 0.041666666666666664
0 0 0 1 0 1 0 0 1 0 0 0 0 0 1 0 0 0 0 1 0 0 1 0 0 1 0 0 1 0 0 0 0 0 0 1 0
 0 0 1 0 1 0 0 1 0 1 0 -69.75872022286245 1 0.041666666666666664
1 0 0 1 0 1 0 0 0 0 1 0 0 0 0 1 0 0 0 1 0 0 1 0 0 1 0 0 1 0 0 0 0 0 0 1 1
 0 1 0 0 1 0 0 0 0 0 0 -68.75872022286245 1 0.08333333333333333
0 0 0 1 0 1 0 0 1 0 0 0 0 0 1 0 0 0 0 1 0 0 1 0 0 1 0 0 1 0 0 0 0 0 0 1 0
 1 0 0 0 1 0 0 1 0 1 0 -71.75872022286245 1 0.0625
0 0 0 1 1 0 0 0 0 0 1 0 0 1 0 0 0 0 0 1 0 0 1 0 0 1 0 0 1 0 0 0 0 0 0 1 0
 0 1 0 0 1 0 0 1 0 0 0 -72.59644256269407 1 0.0625
0 0 0 1 0 1 0 0 1 0 0 0 0 0 1 0 0 0 0 1 0 0 1 1 0 1 0 0 1 0 0 0 0 0 0 1 1
 0 0 0 0 1 0 0 0 0 1 0 -71.75872022286245 1 0.041666666666666664
0 0 0 1 0 1 0 0 1 0 0 0 0 0 1 0 1 0 0 0 0 0 1 0 0 1 0 0 1 0 0 0 0 0 0 1 1
 0 0 0 0 1 0 0 0 0 1 0 -67.59644256269407 1 0.08333333333333333
0 0 0 1 1 0 0 0 0 0 1 0 0 1 0 0 0 0 0 1 0 0 1 0 0 1 0 0 1 0 0 0 0 0 0 1 1
 0 0 0 0 1 1 0 1 0 0 0 -71.75872022286245 1 0.020833333333333332
0 0 0 1 0 1 0 0 1 0 1 0 0 0 1 0 0 0 0 1 0 0 1 0 0 1 0 0 1 0 0 0 0 0 0 1 0
 0 1 0 0 1 0 0 1 0 0 0 -69.75872022286245 1 0.020833333333333332
0 0 0 1 0 0 1 0 1 1 0 0 0 1 0 0 0 0 0 1 0 0 1 0 0 1 0 0 1 0 0 0 0 0 0 1 0
 0 1 0 0 1 0 0 1 0 0 0 -65.75872022286245 1 0.041666666666666664
0 0 0 1 1 0 0 0 0 0 1 0 0 1 0 0 0 0 0 1 0 0 1 0 0 1 0 0 1 0 0 0 0 0 0 1 0
 0 1 0 0 1 0 0 1 0 0 0 -72.59644256269407 1 0.0625
0 0 0 1 0 1 0 0 1 0 0 0 0 0 1 0 0 0 0 1 0 0 1 0 0 1 0 0 1 0 0 0 0 0 0 1 0
 0 1 0 0 1 0 0 1 0 0 0 -72.59644256269407 1 0.0625
0 0 0 1 0 1 0 0 0 0 1 0 1 0 0 0 0 0 0 1 1 0 1 0 0 1 0 0 1 0 0 0 0 0 0 1 0
 1 1 0 0 1 0 0 1 0 0 0 -66.92099788303084 1 0.0625
1 0 0 1 0 1 0 0 0 0 1 0 0 1 0 0 0 0 0 1 0 0 1 0 0 1 0 0 1 0 0 0 0 0 0 1 1
 0 1 0 0 1 0 0 1 0 0 0 -68.92099788303084 1 0.0625
1 0 0 1 0 0 1 0 0 0 1 0 0 1 0 0 0 0 0 1 0 0 1 0 0 1 0 0 1 0 0 0 0 0 0 1 0
 0 1 0 0 1 0 0 1 0 0 0 -69.75872022286245 1 0.041666666666666664
0 0 0 1 0 0 1 0 0 1 0 0 1 0 0 1 0 0 0 1 0 1 0 0 0 0 1 0 1 0 0 0 0 0 0 1 0
 1 0 0 1 0 0 0 0 0 1 0 -77.75872022286245 1 0.041666666666666664
0 0 0 1 0 1 1 0 0 0 1 0 1 0 0 0 0 0 0 1 0 0 1 0 0 1 0 0 1 0 0 0 0 0 0 1 0
 0 1 0 0 1 0 0 1 0 0 0 -71.75872022286245 1 0.020833333333333332
0 0 0 1 1 0 0 0 0 0 1 0 0 1 0 0 0 0 0 1 1 0 0 0 0 1 0 0 1 0 0 0 0 0 0 1 0
 0 1 0 0 1 0 0 1 0 0 0 -71.59644256269407 1 0.041666666666666664
1 0 0 1 0 0 1 0 0 0 1 0 0 1 0 0 0 0 0 1 0 0 1 0 0 1 0 0 1 0 0 0 0 0 0 1 0
 0 1 0 0 1 0 0 1 0 0 0 -69.75872022286245 1 0.041666666666666664
0 0 0 1 0 1 0 0 1 0 0 0 0 0 1 0 0 0 0 1 0 0 1 0 0 1 0 0 1 0 0 0 0 0 0 1 0
 1 1 0 0 1 0 0 1 0 1 0 -64.92099788303084 1 0.0625
0 0 0 1 0 0 1 0 0 0 1 0 1 1 0 0 0 0 0 1 0 1 0 0 0 1 0 0 1 0 1 0 0 0 0 1 0
 0 1 0 0 1 0 0 1 0 0 0 -70.92099788303084 1 0.020833333333333332
0 0 0 1 0 0 1 0 1 0 0 0 0 1 0 0 0 0 0 1 0 1 0 0 1 0 0 0 0 0 1 0 0 0 0 1 0
 1 0 0 0 0 1 0 1 0 0 1 -75.75872022286245 1 0.041666666666666664
0 0 1 0 0 1 0 0 1 0 0 0 0 0 0 1 0 1 0 1 0 0 1 0 1 0 0 0 0 0 0 1 0 1 0 0 1
 0 0 0 0 0 1 0 0 0 0 1 -71.75872022286245 1 0.0
0 0 0 1 0 1 0 0 1 0 0 0 1 0 1 0 0 0 0 1 0 0 1 0 0 1 0 0 1 0 0 0 0 0 0 1 1
 0 0 0 0 1 1 0 0 0 1 0 -68.92099788303084 1 0.041666666666666664
0 0 0 1 0 0 1 0 1 0 0 0 0 1 0 0 0 0 0 1 0 0 1 0 0 1 0 0 1 0 0 0 0 0 0 1 0
 0 1 0 0 1 0 0 1 0 0 0 -72.59644256269407 2 0.041666666666666664
0 0 0 1 0 1 0 0 1 0 0 0 0 0 1 0 0 0 0 1 0 0 1 0 0 1 0 0 1 0 0 0 0 0 0 1 0
 1 1 0 0 1 0 0 1 0 1 0 -64.92099788303084 1 0.041666666666666664
1 0 0 1 0 1 0 0 1 0 0 0 0 0 1 0 0 0 0 1 0 0 1 0 0 1 0 0 1 0 0 0 0 0 0 1 1
 0 0 0 0 1 0 0 0 0 1 0 -73.75872022286245 1 0.08333333333333333
0 0 0 1 0 1 0 0 1 0 0 0 0 1 1 0 0 0 0 1 0 0 1 0 0 1 0 0 1 0 0 0 0 0 0 1 1
 0 0 0 0 1 0 0 1 0 1 0 -68.92099788303084 1 0.020833333333333332
0 0 0 1 1 1 0 0 0 0 1 0 0 0 1 0 0 0 0 1 0 0 1 0 1 1 0 0 1 0 0 0 0 0 0 1 0
 1 0 0 0 0 1 0 1 0 0 0 -68.92099788303084 1 0.020833333333333332
0 0 0 1 1 0 0 0 0 0 1 0 0 1 1 0 0 0 0 1 0 0 1 0 0 1 0 0 1 0 0 0 0 0 0 1 0
 1 0 0 0 0 1 0 1 0 1 0 -68.92099788303084 1 0.020833333333333332
0 0 0 1 0 1 0 0 0 0 1 0 1 1 0 0 0 0 0 1 0 0 1 0 0 1 0 0 1 0 0 0 0 0 0 1 1
 0 0 0 0 0 1 0 0 1 1 0 -70.92099788303084 1 0.020833333333333332
1 0 0 1 0 1 0 0 0 0 0 0 0 0 1 0 0 0 0 1 0 0 1 0 0 1 0 0 1 0 0 0 0 0 0 1 1
 0 1 0 0 1 0 0 0 0 1 0 -66.75872022286245 1 0.0625
0 0 0 1 0 1 0 0 0 0 0 0 1 0 1 0 0 0 0 1 0 0 1 0 0 1 0 0 1 0 0 0 0 0 0 1 1
 0 0 0 0 1 0 0 1 0 1 0 -68.75872022286245 1 0.08333333333333333
1 0 0 1 0 1 0 0 0 0 1 0 0 0 0 1 0 0 0 1 0 0 1 0 0 1 0 0 1 0 0 0 0 0 0 1 0
 0 1 0 0 1 0 1 1 0 0 0 -64.92099788303084 1 0.0625
0 0 0 1 0 0 1 0 0 1 0 0 1 0 0 0 0 0 0 1 0 0 1 0 0 1 0 0 1 0 0 0 0 0 0 1 1
 0 0 0 0 1 0 0 0 0 1 0 -70.59644256269407 1 0.041666666666666664
0 0 0 1 0 1 1 0 0 0 1 0 1 0 0 0 0 0 0 1 0 0 1 0 0 1 0 0 1 0 0 0 0 0 0 1 0
 0 1 0 0 1 0 0 1 0 0 0 -71.75872022286245 1 0.0625
0 0 0 1 0 0 1 0 0 0 1 0 1 1 0 0 0 0 0 1 0 0 1 0 0 1 0 0 1 0 0 0 0 0 0 1 0
 0 1 0 0 1 0 0 1 0 0 0 -69.75872022286245 2 0.041666666666666664
0 0 0 1 0 1 0 0 0 0 1 0 1 0 0 0 0 0 0 1 0 0 1 0 0 1 0 0 1 0 0 0 1 0 0 0 0
 0 0 1 0 1 0 0 0 0 1 0 -70.59644256269408 1 0.020833333333333332
1 0 0 1 0 0 1 0 0 1 0 0 0 0 0 1 0 0 0 1 0 1 0 0 0 0 1 0 1 0 0 0 0 0 0 1 0
 1 1 0 0 1 0 0 1 0 0 0 -68.92099788303084 1 0.0625
1 0 0 1 0 0 0 0 0 1 0 0 0 0 1 0 0 0 0 1 0 1 0 0 0 0 1 0 1 0 0 0 0 0 0 1 0
 1 0 0 0 0 0 1 1 0 1 0 -68.75872022286245 1 0.0625
0 0 0 1 0 1 0 0 1 0 0 0 0 0 1 0 0 0 0 1 0 0 1 0 0 1 0 0 1 0 0 0 0 0 0 1 0
 0 1 0 0 1 0 1 1 0 0 0 -65.75872022286245 1 0.08333333333333333
0 0 0 1 0 1 0 0 1 0 0 0 1 0 0 0 0 0 0 1 0 0 1 0 0 1 0 0 1 0 0 0 0 0 0 1 1
 0 0 0 0 1 0 0 0 0 1 0 -73.59644256269407 1 0.0625
0 0 0 1 0 0 1 0 0 1 0 0 1 0 0 0 0 0 0 1 0 1 0 0 0 0 1 0 1 0 0 0 0 0 0 1 0
 0 0 1 1 1 0 0 0 0 1 0 -71.75872022286245 1 0.041666666666666664
0 0 0 1 0 0 1 0 0 1 0 0 1 0 0 0 0 0 0 1 0 1 0 0 0 0 1 0 1 0 0 0 0 1 0 1 0
 1 1 0 1 0 0 0 1 0 0 0 -70.92099788303084 1 0.0
0 0 0 1 0 0 1 0 0 0 1 0 1 1 0 0 0 0 0 1 0 0 1 0 0 1 0 0 1 0 0 0 0 0 0 1 0
 0 1 0 0 1 0 0 1 0 0 0 -69.75872022286245 1 0.041666666666666664
0 0 0 1 0 0 1 0 0 0 1 0 1 1 0 0 0 0 0 1 0 1 0 0 0 0 1 0 1 0 0 0 0 0 0 1 0
 0 1 0 0 1 0 0 1 0 0 0 -71.75872022286245 1 0.041666666666666664
1 0 0 1 0 0 1 0 0 1 0 0 0 0 0 1 0 0 0 1 0 1 0 0 0 0 1 0 1 0 0 0 0 0 0 1 0
 0 1 0 0 1 0 0 1 0 0 0 -71.75872022286245 1 0.08333333333333333
0 0 0 1 0 1 0 0 1 0 0 0 0 0 1 0 0 0 0 1 0 0 1 0 0 1 0 0 1 0 0 0 0 0 0 1 0
 1 1 0 0 1 0 0 1 0 1 0 -64.92099788303084 1 0.0625
0 0 0 0 1 1 0 0 0 0 0 1 0 0 1 0 0 0 0 1 0 0 1 0 0 1 0 0 1 0 0 0 0 0 0 1 1
 0 0 0 0 1 0 0 0 0 1 0 -67.59644256269407 1 0.0625
0 0 0 1 0 1 0 0 1 0 0 0 0 0 1 0 0 1 0 0 0 0 1 0 0 0 0 1 1 0 0 0 0 0 0 1 1
 0 0 0 0 1 0 0 0 0 1 0 -70.59644256269407 1 0.0
0 0 0 1 0 1 0 0 1 0 0 0 0 0 1 0 0 0 0 1 0 0 1 0 0 1 0 0 1 0 0 0 1 0 0 1 0
 0 0 1 0 1 0 0 0 0 1 0 -67.75872022286245 1 0.041666666666666664
0 0 0 1 0 1 0 0 1 0 0 0 0 0 1 0 0 0 0 1 0 0 1 0 0 1 0 0 1 0 0 0 1 0 0 1 0
 0 0 0 0 1 0 0 0 0 1 0 -69.59644256269407 1 0.08333333333333333
0 0 0 1 0 1 0 0 0 0 1 0 1 0 1 0 0 0 0 1 0 0 1 0 0 1 0 0 1 0 0 0 0 0 0 1 1
 0 1 0 0 1 0 0 1 0 0 0 -66.92099788303084 1 0.08333333333333333
0 0 0 1 1 0 0 0 0 0 1 0 0 1 0 0 0 0 0 1 0 0 1 0 0 1 0 0 1 0 0 0 0 0 0 1 1
 0 0 0 0 1 0 0 0 0 1 0 -72.59644256269407 1 0.0625
0 1 0 0 1 0 1 0 0 0 0 0 0 0 0 1 0 0 1 0 1 0 0 0 0 1 0 0 0 0 0 1 1 0 0 0 0
 1 1 0 0 1 0 0 0 0 0 1 -64.75872022286245 1 0.0625
0 0 0 1 1 1 0 0 0 0 1 0 0 0 0 1 0 0 0 1 0 0 1 0 0 1 0 0 1 0 0 0 0 0 0 1 1
 0 0 0 0 1 0 0 0 0 0 0 -68.59644256269408 1 0.0625
0 1 0 1 0 1 0 0 1 0 0 0 0 0 1 0 0 0 0 1 0 0 1 0 0 1 0 0 1 0 0 0 0 0 0 1 1
 0 0 0 0 1 0 0 0 0 1 0 -71.75872022286245 1 0.041666666666666664
0 0 0 1 0 1 0 0 1 0 0 0 0 0 1 0 0 0 0 1 0 0 1 0 0 1 0 0 1 0 0 0 0 0 0 1 0
 0 1 0 0 1 0 0 1 0 0 0 -72.59644256269407 1 0.0625
0 0 0 1 0 1 0 0 1 0 0 0 0 1 1 0 0 0 0 1 0 0 1 0 0 1 0 0 1 0 0 0 0 0 0 1 0
 0 1 0 0 1 0 0 1 0 0 0 -67.75872022286245 1 0.0625
0 0 0 1 0 1 0 0 1 0 1 0 0 0 0 1 0 0 0 1 0 0 1 0 0 1 0 0 1 0 0 0 0 0 0 1 1
 0 1 0 0 1 0 0 0 0 0 1 -68.92099788303084 1 0.041666666666666664
0 0 0 1 0 1 1 0 1 0 0 0 0 1 0 0 0 0 0 1 0 0 1 0 0 1 0 0 1 0 0 0 0 0 0 1 1
 0 0 0 0 1 0 0 0 0 1 0 -69.75872022286245 1 0.020833333333333332
0 0 0 1 0 1 1 0 1 0 0 0 0 0 1 0 0 0 0 1 0 0 1 0 0 1 0 0 1 0 0 0 0 0 0 1 0
 0 1 0 0 1 0 0 1 0 0 0 -67.75872022286245 1 0.020833333333333332
0 0 0 1 0 1 0 0 0 0 1 0 1 0 0 0 0 0 0 1 0 0 1 0 0 1 0 0 1 0 0 0 0 1 0 0 1
 0 0 0 0 1 1 0 0 0 0 1 -69.75872022286245 1 0.020833333333333332
1 0 0 1 1 0 0 0 0 0 1 0 0 1 0 0 0 0 0 1 0 0 1 0 0 1 0 0 1 0 0 0 0 0 0 1 0
 0 1 0 0 1 0 0 1 0 0 0 -67.75872022286245 1 0.041666666666666664
0 0 0 1 1 0 0 0 0 0 1 0 0 1 0 0 0 0 0 1 1 0 0 0 0 1 0 0 0 0 1 0 0 0 0 1 0
 0 1 0 0 1 0 0 1 0 0 0 -78.59644256269407 1 0.08333333333333333
0 0 0 1 0 1 0 0 0 0 1 0 1 0 1 0 0 0 0 1 0 0 1 0 0 1 1 0 1 0 0 0 0 1 0 1 1
 0 0 0 0 0 1 0 0 0 1 0 -66.0832755431992 1 0.041666666666666664
0 0 0 1 0 1 0 0 1 0 0 0 0 0 1 0 0 0 0 1 0 0 1 0 0 1 0 0 1 0 0 0 0 0 0 1 0
 0 1 1 0 1 0 0 1 0 0 0 -65.75872022286245 1 0.0625
1 0 0 0 0 1 0 0 0 0 0 1 0 0 1 0 0 1 0 0 0 0 1 0 0 0 0 1 1 0 0 0 0 1 0 0 0
 1 0 0 0 0 0 1 1 0 1 0 -69.75872022286245 1 0.020833333333333332
0 0 0 1 0 1 0 0 1 0 1 0 0 1 0 0 0 0 0 1 0 0 1 0 0 1 0 0 1 0 0 0 0 0 0 1 1
 0 1 0 0 1 0 0 1 0 0 0 -68.92099788303084 1 0.041666666666666664
1 0 0 1 1 0 0 0 0 0 1 0 0 1 0 0 0 0 0 1 0 0 1 0 0 1 0 0 1 0 0 0 0 0 0 1 0
 1 1 0 0 1 0 0 1 0 0 0 -64.92099788303084 1 0.08333333333333333
0 0 0 1 1 0 0 0 0 0 1 0 0 1 0 0 0 0 0 1 0 0 1 0 0 1 0 0 1 0 0 0 0 1 0 1 1
 0 0 0 0 0 1 0 1 0 0 0 -69.75872022286245 1 0.020833333333333332
0 0 0 1 0 0 1 0 1 1 0 0 0 1 0 0 0 0 0 1 0 1 0 0 0 1 1 0 1 0 0 0 0 0 0 1 0
 0 1 0 0 1 0 0 1 0 0 0 -66.92099788303084 1 0.0625
0 0 0 1 0 0 1 0 1 0 0 0 1 0 0 0 0 0 0 1 0 1 0 0 0 0 1 0 1 0 0 0 0 0 0 1 0
 0 1 0 0 1 0 0 1 0 0 0 -71.59644256269408 1 0.041666666666666664
0 0 0 1 1 1 0 0 0 0 1 0 1 0 0 0 0 0 0 1 0 0 1 0 0 1 0 0 1 0 0 0 0 0 0 1 1
 0 0 0 0 1 0 0 1 0 0 0 -68.75872022286245 1 0.041666666666666664
0 0 0 1 0 1 0 0 0 0 1 0 1 0 0 0 0 0 0 1 0 0 1 0 0 1 0 0 1 0 0 0 0 0 0 1 1
 0 1 0 0 1 0 0 0 0 0 0 -73.59644256269408 1 0.0625
0 0 0 1 0 1 0 0 0 0 1 0 1 0 0 0 0 0 0 1 0 0 1 0 0 1 0 0 1 0 0 0 0 0 0 1 0
 1 1 0 0 1 0 0 1 0 0 0 -71.75872022286245 1 0.0625
1 0 0 0 0 0 0 0 0 0 1 0 0 1 0 0 0 0 0 1 0 0 1 0 0 1 0 0 1 0 0 0 0 1 0 0 0
 0 0 1 0 0 1 0 1 0 0 0 -67.4341649025257 1 0.0625
0 0 0 1 0 0 1 0 0 0 1 0 1 1 0 0 0 0 0 1 0 1 0 0 0 1 1 0 1 0 0 0 0 0 0 1 0
 0 1 0 0 1 0 0 1 0 0 0 -68.92099788303084 1 0.020833333333333332
0 0 0 1 0 0 1 0 1 0 0 0 0 1 0 0 0 0 0 1 0 1 1 0 0 1 0 0 1 0 0 0 0 0 0 1 0
 0 1 0 0 1 0 0 1 0 0 0 -69.75872022286245 1 0.0
1 0 0 1 0 0 1 0 0 1 0 0 0 0 1 0 0 0 0 1 0 1 0 0 0 0 1 0 1 0 0 0 0 1 0 0 0
 0 0 1 1 0 0 0 0 0 1 0 -69.75872022286245 1 0.0
0 0 0 1 0 0 1 0 0 1 0 0 1 0 0 0 0 0 0 1 0 1 0 0 0 0 1 0 1 0 0 0 0 0 0 1 0
 0 0 1 0 1 0 0 1 0 1 0 -69.75872022286245 1 0.0
0 0 0 1 0 1 0 0 0 0 0 0 1 0 1 0 0 0 0 1 0 0 1 0 0 1 0 0 1 0 0 0 0 0 0 1 1
 0 0 0 0 1 0 0 0 0 1 0 -73.59644256269407 1 0.08333333333333333
1 0 0 0 1 0 0 0 0 0 1 0 0 1 0 0 0 1 0 0 0 0 0 1 0 0 1 0 1 0 0 0 0 1 0 0 0
 0 0 1 0 0 1 0 1 0 0 0 -67.59644256269408 1 0.020833333333333332
1 0 0 0 0 1 0 0 0 1 0 0 0 0 1 0 0 0 0 1 0 0 1 0 0 1 0 0 1 0 0 0 0 1 0 1 1
 0 0 0 0 0 1 0 0 0 1 0 -64.75872022286245 1 0.0625
0 0 0 1 0 1 0 0 0 0 1 0 1 0 0 0 0 0 0 1 0 0 1 0 0 1 0 0 1 0 0 0 0 0 0 1 1
 0 1 0 0 1 0 0 0 1 0 0 -73.75872022286245 1 0.08333333333333333
0 0 0 1 0 1 0 0 1 0 0 0 0 1 1 0 0 0 0 1 0 0 1 0 0 1 0 0 1 0 0 0 0 0 0 1 0
 1 1 0 0 1 0 0 1 0 0 0 -62.920997883030836 1 0.08333333333333333
0 0 0 1 0 0 1 0 1 0 0 0 0 1 0 0 0 0 0 1 0 0 1 0 0 1 0 0 1 0 0 0 0 0 0 1 0
 1 1 0 0 1 0 1 1 0 0 0 -60.920997883030836 1 0.0625
0 0 0 1 0 1 1 0 1 0 0 0 1 0 0 0 0 0 0 1 0 0 1 0 0 1 0 0 1 0 0 0 0 0 0 1 0
 1 1 0 0 1 0 0 1 0 0 0 -64.92099788303084 1 0.041666666666666664
0 0 0 1 0 0 1 0 0 0 1 0 1 1 0 0 0 0 0 1 0 0 1 0 0 1 0 0 1 0 0 0 0 0 0 1 0
 1 1 0 0 1 0 0 1 0 0 0 -64.92099788303084 1 0.041666666666666664
0 0 0 1 0 1 0 0 0 0 0 0 0 0 1 0 0 0 0 1 0 0 1 0 0 1 0 0 1 0 0 0 0 0 0 1 0
 0 0 1 0 1 0 0 1 0 1 0 -64.59644256269408 1 0.0625
0 0 0 1 1 0 1 0 0 1 0 0 0 1 0 0 0 0 0 1 1 0 0 0 0 1 0 0 0 0 1 0 0 0 0 1 0
 0 1 0 0 1 0 0 1 0 0 0 -69.75872022286245 1 0.10416666666666667
0 0 0 1 0 1 0 0 1 0 0 0 0 0 1 0 0 0 0 1 0 0 1 0 0 1 0 0 1 0 0 0 1 0 0 0 0
 1 0 0 0 0 0 1 0 0 1 0 -66.59644256269407 1 0.041666666666666664
0 0 0 1 0 0 1 0 1 0 0 0 0 1 0 0 0 0 0 1 0 0 1 0 0 1 0 0 1 0 0 0 0 0 0 1 0
 0 1 0 0 1 0 0 1 0 0 0 -72.59644256269407 1 0.020833333333333332
0 0 0 1 0 1 0 0 0 0 1 0 1 0 0 0 0 0 0 1 0 0 1 0 0 1 0 0 1 0 0 0 0 0 0 1 1
 0 1 0 0 1 1 0 0 0 0 1 -68.92099788303084 1 0.0625
1 0 0 0 0 0 0 1 0 0 1 0 0 1 0 0 1 0 0 0 0 0 1 0 0 1 0 0 0 0 0 0 0 1 0 0 0
 0 0 1 0 0 1 0 1 0 0 0 -67.4341649025257 1 0.0625
0 0 0 1 0 1 0 0 0 0 1 0 1 0 0 0 0 0 0 1 0 0 1 0 0 1 0 0 1 0 0 0 0 1 0 1 1
 0 0 0 0 1 0 0 1 0 1 0 -68.92099788303084 1 0.020833333333333332
0 0 0 1 0 1 0 0 1 0 0 0 1 0 1 0 0 0 0 1 0 0 1 0 0 1 0 0 1 0 0 0 0 0 0 1 0
 0 1 0 0 1 0 0 1 0 1 0 -64.92099788303084 1 0.0625
0 0 0 1 0 1 0 0 1 0 0 0 0 0 1 0 0 0 0 1 0 0 1 0 0 1 0 0 1 0 0 0 0 0 0 1 1
 0 0 0 0 1 0 0 0 0 1 0 -78.59644256269407 1 0.041666666666666664
0 0 0 1 1 0 1 0 0 0 1 0 0 1 0 0 0 0 0 1 0 0 1 0 0 1 0 0 1 0 0 0 0 0 0 1 0
 0 1 0 0 1 0 0 1 0 0 0 -67.75872022286245 1 0.041666666666666664
0 0 0 1 1 0 0 0 0 0 1 0 1 1 0 0 0 0 0 1 0 0 1 0 0 1 0 0 1 0 0 0 0 0 0 1 0
 0 1 0 0 1 0 0 1 0 0 0 -67.75872022286245 1 0.041666666666666664
0 0 0 1 1 0 0 0 0 0 1 0 0 1 1 0 0 0 0 1 0 0 1 0 0 1 0 0 1 0 0 0 0 0 0 1 0
 1 0 0 0 1 0 0 1 0 1 0 -66.92099788303084 1 0.041666666666666664
0 0 0 1 0 0 1 0 1 0 0 0 0 1 0 0 0 0 0 1 1 0 0 0 0 1 0 0 0 0 1 0 0 0 0 1 0
 0 1 0 0 1 0 0 1 0 0 0 -76.59644256269407 1 0.0625
1 0 0 1 0 0 1 0 0 0 1 0 1 0 0 0 0 0 0 1 0 0 1 0 0 1 0 0 1 0 0 0 0 0 0 1 1
 0 0 0 0 0 1 0 0 1 0 0 -66.75872022286245 1 0.0625
0 0 0 1 0 0 1 0 0 1 0 0 1 0 0 0 0 0 0 1 0 1 0 0 0 0 1 0 1 0 0 0 0 0 0 1 0
 0 1 0 0 1 0 0 1 0 0 0 -76.59644256269408 1 0.0625
1 0 0 1 0 0 1 0 0 1 0 0 1 0 0 0 0 0 0 1 0 1 0 0 0 0 1 0 1 0 0 0 0 1 0 1 0
 0 0 1 1 0 0 0 0 0 1 0 -68.92099788303084 1 0.0
0 0 0 1 0 1 0 0 0 0 0 0 0 0 1 0 0 0 0 1 0 0 1 0 0 1 0 0 1 0 0 0 0 0 0 1 0
 1 1 0 0 1 0 0 1 0 1 0 -59.75872022286246 1 0.08333333333333333
0 0 0 1 0 0 1 0 0 1 0 0 1 0 0 0 0 0 0 1 0 1 0 0 0 0 1 0 1 0 0 0 0 0 0 1 1
 0 1 0 0 1 0 0 0 0 1 0 -69.75872022286245 1 0.020833333333333332
0 0 0 1 1 0 1 0 1 0 0 0 0 1 0 0 0 0 0 1 0 1 0 0 1 0 0 0 0 0 1 0 0 0 0 1 0
 1 0 0 0 0 0 0 1 0 1 0 -68.75872022286245 1 0.0
1 0 0 1 0 1 0 0 0 1 0 0 0 0 1 0 0 0 0 1 0 0 0 0 0 1 1 0 1 0 0 0 0 0 0 1 1
 0 0 0 0 1 0 1 0 0 1 0 -59.92099788303084 1 0.08333333333333333
1 0 0 1 0 1 0 0 0 0 1 0 1 0 0 0 0 0 0 1 0 0 1 0 0 1 0 0 1 0 0 0 0 0 0 1 0
 1 0 0 0 1 0 1 1 0 1 0 -62.08327554319922 1 0.0625
0 1 0 1 0 0 1 0 0 0 1 0 1 0 0 0 0 0 0 1 0 0 1 0 0 1 0 0 1 0 0 0 0 0 0 1 0
 1 1 0 0 1 0 0 1 0 0 0 -62.92099788303084 1 0.0625
1 0 0 1 0 1 0 0 0 1 0 0 0 0 1 0 0 0 0 1 0 0 1 0 0 1 0 0 1 0 0 0 0 1 0 0 1
 0 0 0 0 0 0 1 0 0 1 0 -65.75872022286245 1 0.0625
0 0 0 1 0 1 0 0 1 0 0 0 0 0 1 0 0 0 0 1 0 0 1 0 0 1 0 0 1 0 0 0 0 0 0 1 1
 0 1 0 0 1 0 0 0 1 0 0 -67.75872022286245 1 0.041666666666666664
1 0 0 1 0 1 0 0 0 1 0 0 0 0 1 0 0 0 0 1 0 1 1 0 0 0 1 0 1 0 0 0 0 1 0 1 1
 0 0 0 1 0 0 0 0 0 1 0 -68.08327554319922 1 0.041666666666666664
0 0 0 1 1 0 0 0 0 1 0 0 0 0 1 0 0 0 0 1 1 1 0 0 0 1 1 0 1 0 0 0 0 0 0 1 0
 1 0 0 0 0 1 0 1 0 0 0 -66.92099788303084 1 0.020833333333333332
0 0 0 1 0 0 1 0 1 0 1 0 0 1 0 0 1 0 0 1 0 1 0 0 0 1 0 0 0 0 1 0 0 0 0 1 0
 0 1 0 0 1 0 0 1 0 0 0 -68.92099788303084 1 0.041666666666666664
0 0 0 1 0 1 1 0 0 0 1 0 1 0 0 0 0 0 0 1 0 1 1 0 0 1 0 0 1 0 0 0 0 0 0 1 1
 0 0 0 0 1 1 0 1 0 0 0 -68.08327554319922 1 0.0
0 0 0 1 0 0 1 0 0 0 1 0 1 0 0 0 0 0 0 1 0 0 1 0 0 1 0 0 1 0 0 0 0 0 0 1 1
 0 0 0 0 1 0 0 0 0 1 0 -69.59644256269408 1 0.041666666666666664
0 0 0 1 0 0 1 0 0 1 0 0 1 0 0 0 0 0 0 1 0 1 0 0 0 0 1 0 1 0 0 0 1 0 0 1 0
 0 1 0 0 1 0 0 0 0 0 1 -67.75872022286245 1 0.041666666666666664
0 0 0 1 1 0 0 0 0 0 0 0 0 1 1 0 0 0 0 1 0 0 1 0 0 1 0 0 1 0 0 0 0 0 0 1 0
 0 1 0 0 1 0 0 1 0 0 0 -63.59644256269407 1 0.0625
1 0 0 1 0 0 1 0 0 1 0 0 0 0 1 0 0 0 0 1 0 1 0 0 0 0 1 0 1 0 0 0 0 0 0 1 0
 1 1 0 0 1 0 0 1 0 0 0 -66.92099788303084 1 0.0625
0 0 0 1 1 1 0 0 0 0 1 0 0 1 0 0 0 0 0 1 0 0 1 0 0 1 0 0 1 0 0 0 0 0 0 1 1
 0 1 0 0 1 0 0 1 0 0 0 -66.92099788303084 1 0.041666666666666664
1 0 0 0 0 1 0 0 0 0 1 0 0 1 0 0 0 1 0 0 0 0 1 0 0 1 0 0 1 0 0 0 0 1 0 0 0
 0 0 1 0 0 1 0 1 0 0 0 -64.59644256269407 1 0.041666666666666664
0 0 0 1 0 1 0 0 1 0 0 0 0 1 1 0 0 0 0 1 0 0 1 0 0 1 0 0 1 0 0 0 0 0 0 1 1
 0 0 1 0 1 0 0 0 0 1 0 -64.92099788303084 1 0.0625
0 0 0 1 0 0 1 0 1 0 0 0 0 1 0 0 0 0 0 1 0 0 1 0 0 1 0 0 1 0 0 0 0 0 0 1 1
 0 0 0 0 1 0 0 0 0 1 0 -70.59644256269407 1 0.041666666666666664
0 0 0 1 0 0 1 0 0 1 0 0 1 0 0 0 0 0 0 1 0 1 0 0 0 0 1 0 1 0 0 0 1 0 0 1 0
 1 0 0 0 1 0 0 0 0 1 0 -71.75872022286245 1 0.0625
0 0 0 1 0 1 1 0 0 0 1 0 1 0 0 0 0 0 0 1 0 0 1 0 0 1 0 0 1 0 0 0 0 0 0 1 0
 0 1 0 0 1 0 0 1 0 0 0 -71.75872022286245 1 0.0625
0 0 0 1 1 0 0 0 0 0 1 0 0 1 1 0 0 0 0 1 0 0 1 0 0 1 0 0 1 0 0 0 0 0 0 1 0
 1 1 0 0 1 0 0 1 0 0 0 -62.92099788303084 1 0.10416666666666667
0 0 0 1 0 1 1 0 0 0 1 0 1 0 0 0 0 0 0 1 0 1 1 0 0 1 0 0 1 0 0 0 0 0 0 1 0
 0 1 0 0 1 0 0 1 0 0 0 -68.92099788303084 1 0.041666666666666664
0 0 0 1 0 0 1 0 0 1 0 0 1 0 0 0 0 0 0 1 0 0 1 0 0 1 0 0 1 0 0 0 0 0 0 1 0
 0 1 0 1 0 0 0 0 1 0 0 -70.59644256269407 1 0.0625
1 0 0 1 0 1 0 0 0 0 1 0 0 0 0 1 0 0 0 1 0 1 0 0 0 0 1 0 0 0 0 1 0 1 0 0 1
 0 0 0 0 0 1 0 0 0 0 1 -68.75872022286245 1 0.041666666666666664
0 0 0 1 0 0 1 0 1 0 0 0 0 1 0 0 0 0 0 1 0 1 0 0 0 0 1 0 1 0 0 0 0 0 0 1 0
 0 1 0 0 1 0 0 0 0 0 0 -69.4341649025257 1 0.020833333333333332
0 0 0 1 0 0 1 0 1 0 0 0 0 1 0 0 0 0 0 1 0 0 1 0 0 1 0 0 1 0 0 0 0 0 0 1 1
 0 0 0 0 1 0 0 1 0 1 0 -67.75872022286245 1 0.0
0 0 0 1 0 1 0 0 0 1 0 0 1 0 0 0 0 0 0 1 0 0 1 0 0 1 0 0 1 0 0 0 0 0 0 1 0
 1 1 0 0 1 0 0 1 0 0 0 -62.75872022286246 1 0.0625
1 0 0 1 0 1 0 0 0 0 0 0 0 0 1 0 0 0 0 1 0 0 1 0 0 1 0 0 1 0 0 0 0 1 0 1 1
 0 0 0 0 0 0 0 0 0 1 0 -68.59644256269407 1 0.0625
1 0 0 0 1 0 0 0 0 0 1 0 0 1 0 0 0 1 0 0 1 0 0 0 0 0 1 0 0 0 0 1 0 1 0 0 0
 0 0 1 0 0 1 0 1 0 0 0 -65.59644256269408 1 0.041666666666666664
0 0 0 1 1 0 0 0 0 0 1 0 0 1 0 0 0 0 0 1 0 0 1 0 0 1 0 0 1 0 0 0 0 0 0 1 0
 0 0 1 0 1 0 0 1 0 1 0 -67.75872022286245 1 0.041666666666666664
1 0 0 0 0 1 0 0 0 1 0 0 0 0 1 0 1 0 0 0 0 0 1 0 0 1 0 0 1 0 0 0 0 0 0 1 1
 0 0 0 0 1 0 0 0 0 1 0 -62.59644256269407 1 0.08333333333333333
0 0 0 1 0 1 0 0 0 1 0 0 1 0 1 0 0 0 0 1 0 0 1 0 0 1 0 0 1 0 0 0 0 0 0 1 1
 0 0 0 0 0 0 1 0 0 1 0 -64.75872022286245 1 0.041666666666666664
0 0 0 1 0 0 1 0 1 0 0 0 0 1 0 0 0 0 0 1 0 0 1 0 0 1 0 0 1 0 0 0 0 0 0 1 0
 1 1 0 0 1 0 0 1 0 0 0 -67.75872022286245 1 0.0625
0 0 0 1 0 1 0 0 0 1 0 0 1 0 1 0 0 0 0 1 0 0 1 0 0 1 0 0 1 0 0 0 0 0 0 1 1
 0 0 0 0 1 0 0 0 0 1 0 -71.75872022286245 1 0.08333333333333333
0 0 0 1 0 1 0 0 0 1 0 0 1 0 1 0 0 0 0 1 0 0 1 0 0 1 0 0 1 0 0 0 0 0 0 1 0
 1 0 0 1 0 0 0 0 0 1 0 -69.75872022286245 1 0.08333333333333333
1 0 0 0 0 0 1 0 0 1 0 0 0 0 0 1 0 1 0 0 0 0 0 1 0 0 1 0 1 0 0 0 0 1 0 0 0
 0 0 1 1 0 0 0 0 0 1 0 -72.59644256269407 1 0.020833333333333332
0 0 0 1 1 1 0 0 0 0 0 0 0 0 1 0 0 0 0 1 0 0 1 0 0 1 0 0 1 0 0 0 0 0 0 1 0
 0 1 0 0 1 0 0 1 0 1 0 -62.75872022286246 1 0.041666666666666664
0 0 0 1 0 1 0 0 0 1 0 0 1 0 1 0 0 0 0 1 0 0 1 0 0 1 0 0 1 0 0 0 0 0 0 1 0
 1 0 0 0 1 0 0 1 0 1 0 -64.92099788303084 1 0.08333333333333333
0 0 0 1 0 1 1 0 1 0 0 0 0 1 0 0 0 0 0 1 0 0 1 0 0 1 0 0 1 0 0 0 0 0 0 1 0
 0 1 0 0 1 0 1 1 0 0 0 -62.920997883030836 1 0.041666666666666664
0 0 0 1 0 1 1 0 1 0 0 0 1 0 0 0 0 0 0 1 0 0 1 0 0 1 1 0 1 0 0 0 0 0 0 1 1
 0 0 0 0 1 0 0 0 0 1 0 -66.92099788303084 1 0.020833333333333332
0 0 0 1 0 0 1 0 0 1 0 0 1 0 0 0 0 0 0 1 0 1 0 0 0 0 1 0 1 0 0 0 0 1 0 1 0
 0 1 0 0 0 0 1 1 0 0 0 -69.75872022286245 1 0.0625
0 0 0 1 0 0 1 0 1 0 0 0 0 1 1 0 0 0 0 1 0 0 1 0 0 1 0 0 1 0 0 0 0 0 0 1 0
 0 1 0 0 1 0 0 1 0 0 0 -65.75872022286245 1 0.041666666666666664
0 0 0 1 0 0 1 0 1 0 1 0 0 1 0 0 0 0 0 1 0 0 1 0 1 1 0 0 1 0 0 0 0 0 0 1 0
 0 1 0 0 1 0 0 1 0 0 0 -64.92099788303084 1 0.020833333333333332
0 0 0 1 0 1 1 0 0 0 0 0 1 0 0 0 0 0 0 1 0 0 1 0 0 1 0 0 1 0 0 0 0 0 0 1 0
 0 1 0 0 1 0 0 1 0 0 0 -69.59644256269407 1 0.0625
0 0 0 1 1 0 0 0 0 0 1 0 0 1 0 0 0 0 0 1 0 0 1 0 0 1 0 0 1 0 0 0 0 0 0 1 1
 0 1 0 0 1 0 0 0 0 0 0 -65.59644256269407 1 0.041666666666666664
0 0 0 1 0 0 1 0 1 0 0 0 0 1 0 0 0 0 0 1 0 0 1 0 0 1 0 0 1 0 0 0 0 0 0 1 0
 0 1 0 0 1 0 1 1 0 0 0 -65.75872022286245 1 0.0625
1 0 0 1 0 0 1 0 0 1 0 0 0 1 0 0 0 0 0 1 0 1 0 0 0 0 1 0 1 0 0 0 0 1 0 1 0
 0 0 1 0 0 1 0 1 0 0 0 -66.92099788303084 1 0.0
0 0 0 1 0 1 0 0 0 0 1 0 1 0 1 0 0 0 0 1 0 0 1 0 0 1 0 0 1 0 0 0 0 1 0 0 1
 0 0 0 0 0 0 1 1 0 1 0 -62.92099788303084 1 0.041666666666666664
0 0 0 1 0 0 1 0 1 0 0 0 1 1 0 0 0 0 0 1 0 0 1 0 0 1 0 0 1 0 0 0 0 0 0 1 0
 0 1 0 0 1 0 0 1 0 0 0 -67.75872022286245 1 0.041666666666666664
0 0 0 1 0 0 1 0 0 1 0 0 1 0 0 0 0 0 0 1 1 1 0 0 0 0 1 0 1 0 0 0 0 0 0 1 0
 0 1 0 0 0 0 0 1 1 0 0 -68.75872022286245 1 0.020833333333333332
1 0 0 1 0 0 1 0 0 0 1 0 0 1 0 0 0 0 0 1 0 0 1 0 0 1 0 0 1 0 0 0 0 0 0 1 0
 0 1 1 0 1 0 0 1 0 0 0 -62.92099788303084 1 0.0625
1 0 0 1 0 0 1 0 0 0 1 0 0 1 0 0 1 0 0 1 0 1 0 0 0 1 0 0 0 0 1 0 0 0 1 0 0
 1 0 0 0 0 0 1 1 0 0 0 -66.92099788303084 1 0.020833333333333332
0 0 0 1 0 1 0 0 0 0 0 0 1 0 1 0 0 0 0 1 0 0 1 0 0 1 0 0 1 0 0 0 0 0 0 1 0
 1 0 0 0 0 1 0 0 0 1 0 -66.59644256269407 1 0.0625
0 0 0 1 1 1 0 0 0 0 0 0 0 0 1 0 0 0 0 1 1 0 1 0 0 0 0 0 0 1 0 0 0 0 0 1 0
 1 0 0 0 0 1 0 1 0 0 0 -66.59644256269407 1 0.020833333333333332
0 0 0 1 0 0 1 0 1 0 1 0 0 1 0 0 0 0 0 1 0 0 1 0 0 1 0 0 1 0 0 0 0 0 0 1 0
 1 1 0 0 1 0 1 1 0 0 0 -58.08327554319922 1 0.08333333333333333
0 0 0 1 0 0 0 1 0 1 0 0 0 0 1 0 0 0 0 1 1 0 0 0 0 0 1 0 0 0 0 0 0 0 0 1 0
 1 0 0 1 0 0 0 0 0 1 0 -64.4341649025257 1 0.041666666666666664
1 0 0 1 0 0 0 0 0 0 1 0 0 1 0 0 0 0 0 1 0 0 1 0 0 1 0 0 1 0 0 0 0 0 0 1 1
 0 0 0 0 1 1 0 0 0 1 0 -66.75872022286245 1 0.0625
0 0 0 1 0 0 1 0 0 0 1 0 1 0 0 0 0 0 0 1 0 0 1 0 0 1 0 0 1 0 0 0 0 0 0 1 0
 1 1 0 0 1 0 0 1 0 0 0 -64.75872022286245 1 0.08333333333333333
1 0 0 1 0 0 1 0 0 0 1 0 1 1 0 0 0 0 0 1 0 0 1 0 0 1 0 0 1 0 0 0 0 0 0 1 0
 0 1 0 0 1 0 0 1 0 0 0 -64.92099788303084 1 0.08333333333333333
1 0 0 0 0 1 0 0 0 0 1 0 0 1 0 0 0 0 0 1 0 0 1 0 0 1 0 0 1 0 0 0 0 1 0 0 0
 1 0 0 0 0 0 1 1 0 0 0 -62.59644256269407 1 0.0625
0 0 1 1 0 1 0 0 1 0 0 0 0 0 1 0 0 0 0 1 0 0 1 0 0 1 0 0 1 0 0 0 0 0 0 1 0
 1 1 0 0 1 0 0 1 0 0 0 -60.92099788303084 1 0.0625
1 0 0 1 0 0 1 0 0 1 0 0 1 0 0 0 0 0 0 1 0 1 0 0 0 0 1 0 1 0 0 0 0 0 0 1 0
 0 1 0 0 1 0 0 1 0 0 0 -71.75872022286245 1 0.10416666666666667
1 0 0 0 0 0 1 0 0 0 0 1 0 1 0 0 0 1 0 0 0 1 1 0 0 0 0 1 1 0 0 0 0 1 0 0 0
 0 1 0 0 0 0 1 1 0 0 0 -67.75872022286245 1 0.020833333333333332
0 0 0 1 0 0 1 0 1 0 0 0 0 1 0 0 0 0 0 1 0 0 1 0 0 1 0 0 1 0 0 0 0 0 0 1 0
 0 0 1 0 1 0 0 1 0 1 0 -65.75872022286245 1 0.020833333333333332
1 0 0 1 0 1 0 0 0 0 0 0 0 0 1 0 0 0 0 1 0 0 1 0 0 1 0 0 1 0 0 0 0 1 0 0 0
 0 0 1 1 0 0 0 0 0 1 0 -63.59644256269407 1 0.0625
1 0 0 0 0 0 1 0 0 1 0 0 0 1 0 0 1 0 0 0 0 1 0 0 0 0 1 0 0 0 0 1 0 0 1 0 0
 1 0 1 0 0 0 1 1 0 0 0 -60.75872022286246 1 0.0625
0 0 0 1 1 1 0 0 0 0 0 0 0 0 1 0 0 0 0 1 0 0 1 0 0 1 0 0 1 0 0 0 1 0 0 0 0
 1 0 0 0 0 0 1 0 0 1 0 -63.59644256269407 1 0.041666666666666664
0 0 0 1 0 1 0 0 1 0 0 1 0 0 1 0 0 0 0 1 0 0 1 0 0 1 0 0 1 0 0 0 0 0 0 1 1
 0 0 0 0 1 0 0 0 0 1 0 -71.75872022286245 1 0.10416666666666667
1 0 0 1 0 1 0 0 1 0 0 0 0 0 1 0 0 0 0 1 0 0 1 0 0 1 0 0 1 0 0 0 0 1 0 1 1
 0 0 1 0 1 0 0 0 0 1 0 -62.083275543199214 1 0.08333333333333333
1 0 0 0 0 1 0 0 0 0 1 0 0 1 0 0 1 0 0 0 0 0 1 0 0 1 0 0 0 0 0 1 0 0 0 1 1
 0 1 0 0 1 0 0 1 0 0 0 -62.75872022286246 1 0.0625
1 0 0 0 0 0 1 0 0 0 1 0 0 1 0 0 1 0 0 0 0 0 1 0 0 1 0 0 0 0 0 1 0 1 0 0 0
 0 0 1 0 0 1 0 1 0 0 0 -63.59644256269408 1 0.041666666666666664
0 0 0 1 1 0 1 0 0 0 0 0 0 1 0 0 0 0 0 1 1 1 0 0 0 0 1 0 0 0 1 1 0 0 0 1 0
 0 1 0 0 1 0 0 1 0 0 0 -61.92099788303084 1 0.041666666666666664
0 0 0 1 0 0 1 0 1 0 0 0 0 1 0 0 0 0 0 1 0 0 1 0 0 1 0 0 1 0 0 0 0 0 0 1 1
 0 0 0 0 1 0 0 1 0 1 0 -67.75872022286245 1 0.041666666666666664
0 0 0 1 0 1 0 0 0 1 0 0 1 0 1 0 0 0 0 1 0 0 1 0 0 1 0 0 1 0 0 0 0 0 0 1 1
 0 0 0 0 1 0 0 1 0 0 0 -64.75872022286245 1 0.08333333333333333
1 0 0 1 0 0 0 0 0 1 0 0 1 0 1 0 0 0 0 1 0 0 1 0 0 1 1 0 1 0 0 0 0 0 0 1 0
 1 0 0 1 0 0 0 0 0 1 0 -61.920997883030836 1 0.125
0 0 1 1 0 0 1 0 1 0 0 0 0 1 0 0 0 0 0 1 0 0 1 0 0 1 0 0 1 0 0 0 0 0 0 1 0
 0 1 0 0 1 0 0 1 0 0 0 -65.75872022286245 1 0.0
1 0 0 0 0 1 0 0 0 1 0 0 0 0 1 0 0 0 0 1 0 0 1 0 0 1 0 0 1 0 0 0 0 1 0 0 1
 0 0 0 0 0 0 1 1 0 1 0 -60.75872022286246 1 0.0625
1 0 0 0 0 1 0 0 0 0 0 1 0 0 1 0 1 0 0 0 0 0 1 0 0 1 0 0 1 0 0 0 0 1 0 0 1
 0 0 0 0 0 0 1 1 0 1 0 -62.75872022286246 1 0.08333333333333333
1 0 0 0 0 0 1 0 0 1 0 0 0 0 0 1 1 0 0 0 0 0 1 0 0 1 0 0 0 0 0 1 1 0 0 1 0
 0 1 0 0 1 0 0 0 0 0 1 -61.75872022286246 1 0.041666666666666664
0 0 0 1 0 0 1 0 1 1 0 0 1 1 0 0 0 0 0 1 0 0 1 0 0 1 0 0 1 0 0 0 0 0 0 1 0
 0 1 0 0 1 0 0 1 0 0 0 -60.920997883030836 1 0.0625
0 0 0 1 0 1 0 0 0 0 0 0 1 0 1 0 0 0 0 1 0 0 1 0 0 1 0 0 1 0 0 0 0 0 0 1 1
 0 1 0 0 1 0 0 0 1 0 0 -64.75872022286245 1 0.08333333333333333
0 0 0 1 0 1 0 0 1 0 0 0 0 0 1 0 0 0 0 1 0 0 1 0 0 1 0 0 1 0 0 0 0 1 0 1 0
 0 0 1 0 1 0 0 1 0 1 0 -62.920997883030836 1 0.08333333333333333
1 0 0 0 0 1 0 0 0 0 1 0 0 1 0 0 1 0 0 0 0 0 1 0 0 1 0 0 0 0 0 0 0 1 0 0 1
 0 0 0 0 0 1 0 1 0 0 1 -61.59644256269408 1 0.08333333333333333
0 0 0 1 0 1 1 0 1 0 0 0 0 0 0 1 0 0 0 1 0 0 1 0 1 1 0 0 0 0 0 1 0 0 0 1 0
 0 1 0 0 1 0 0 1 0 0 0 -64.92099788303084 1 0.020833333333333332
0 1 0 0 1 0 0 0 0 0 1 0 0 0 1 1 0 0 1 0 0 0 0 1 0 1 0 0 1 0 0 0 1 0 0 0 0
 0 1 0 0 1 0 0 0 0 0 1 -61.75872022286246 1 0.041666666666666664
0 0 0 1 1 0 1 0 0 0 0 0 0 1 0 0 0 0 0 1 1 1 0 0 0 1 0 0 0 0 1 0 0 0 0 1 0
 1 1 0 0 0 0 1 1 0 0 0 -65.92099788303084 1 0.041666666666666664
0 0 0 1 0 1 0 0 0 0 1 0 1 0 1 0 0 0 0 1 0 0 1 0 1 1 0 0 1 0 0 0 0 0 0 1 0
 0 0 0 0 1 1 0 1 0 1 0 -61.083275543199214 1 0.041666666666666664
0 0 0 1 0 1 0 0 1 0 0 0 0 0 1 0 0 0 0 1 0 0 1 0 0 1 0 0 1 0 0 0 1 0 0 1 0
 0 1 0 0 1 0 0 0 0 0 1 -63.75872022286246 1 0.08333333333333333
0 0 0 1 0 0 1 0 0 1 0 0 1 0 1 0 0 0 0 1 0 0 1 0 0 1 0 0 1 0 0 0 0 0 0 1 0
 0 1 0 0 1 0 0 1 0 1 0 -60.920997883030836 1 0.0625
0 0 0 1 0 1 0 0 1 0 0 0 0 0 1 0 0 0 0 1 0 0 1 0 0 1 0 0 0 0 0 1 0 0 0 1 1
 0 0 0 0 1 0 0 0 0 0 0 -64.4341649025257 1 0.041666666666666664
1 0 0 1 0 0 1 0 0 1 0 0 0 0 1 0 0 0 0 1 1 0 0 0 0 1 1 0 1 0 0 0 0 0 0 1 0
 0 1 0 0 1 0 0 1 0 1 0 -60.083275543199214 1 0.08333333333333333
1 0 0 1 0 1 0 0 0 0 0 0 0 0 1 0 0 0 0 1 0 0 1 0 0 1 0 0 1 0 0 0 0 1 0 1 1
 0 0 0 0 0 0 1 1 0 1 0 -61.92099788303084 1 0.041666666666666664
0 0 0 1 0 0 1 0 0 0 1 0 1 1 0 0 0 0 0 1 0 0 1 0 0 1 0 0 1 0 0 0 0 0 0 1 0
 0 1 0 0 1 0 1 1 0 0 0 -62.92099788303084 1 0.041666666666666664
1 0 0 1 0 1 0 0 0 0 1 0 0 1 1 0 0 0 0 1 0 0 1 0 0 1 0 0 1 0 0 0 0 0 0 1 0
 0 1 0 0 1 0 0 1 0 0 0 -64.92099788303084 1 0.08333333333333333
1 0 0 1 0 0 1 0 0 1 0 0 1 0 0 0 0 0 0 1 0 1 0 0 0 0 1 0 1 0 0 0 0 1 0 0 0
 0 0 1 0 0 1 0 1 0 0 0 -67.75872022286245 1 0.041666666666666664
0 0 1 1 0 0 1 0 0 1 0 0 1 0 0 0 0 0 0 1 0 0 1 0 0 1 0 0 1 0 0 0 0 0 0 1 0
 0 1 0 0 1 0 0 1 0 0 0 -63.75872022286246 1 0.08333333333333333
0 0 0 1 0 1 0 0 0 0 0 0 1 0 1 0 0 0 0 1 0 0 1 0 0 1 0 0 1 0 0 0 0 0 1 0 0
 1 0 0 0 0 0 1 1 0 0 0 -61.59644256269407 1 0.041666666666666664
0 0 0 1 0 0 1 0 0 0 1 0 1 1 0 0 0 0 0 1 0 1 0 0 0 0 1 0 1 0 0 0 0 0 0 1 0
 0 1 0 0 1 0 0 1 0 0 0 -71.75872022286245 1 0.0625
0 0 0 1 0 1 1 0 0 0 1 0 1 0 0 0 0 0 0 1 0 0 1 0 0 1 0 0 1 0 0 0 0 0 0 1 1
 0 0 0 0 1 0 0 0 0 1 0 -73.75872022286245 1 0.041666666666666664
0 1 0 1 0 1 0 0 1 0 0 0 0 0 1 0 0 0 1 1 0 1 0 0 0 1 0 0 1 0 0 0 1 0 0 1 0
 1 0 0 0 1 0 0 0 0 1 0 -64.0832755431992 1 0.020833333333333332
0 0 0 1 0 1 0 0 1 0 0 0 0 0 1 0 0 0 0 1 0 1 0 0 0 0 1 0 1 0 0 0 0 0 0 1 1
 0 0 0 0 1 0 0 0 0 1 0 -76.59644256269408 1 0.0625
0 0 0 1 0 0 0 0 0 1 0 0 1 0 1 0 0 0 0 1 1 0 0 0 0 1 1 0 1 0 0 0 0 1 0 1 0
 0 1 0 1 0 0 0 0 0 1 0 -59.920997883030836 1 0.0625
0 0 0 1 0 1 0 0 0 0 1 0 1 0 1 0 0 0 0 1 0 0 1 0 0 1 0 0 1 0 0 0 0 0 0 1 0
 0 0 1 0 0 1 0 1 0 1 0 -63.92099788303084 1 0.0625
0 0 0 1 0 0 1 0 0 1 0 0 1 1 0 0 0 0 0 1 0 1 0 0 0 0 1 0 1 0 0 0 0 1 0 1 0
 0 1 0 0 0 0 0 1 0 0 0 -66.75872022286245 1 0.0625
0 0 0 1 0 0 0 0 0 0 1 0 0 1 0 0 0 0 0 1 0 0 1 0 0 1 0 0 1 0 0 0 0 0 0 1 0
 1 1 0 0 1 0 0 1 0 0 0 -64.59644256269407 1 0.10416666666666667
0 0 0 1 0 0 1 0 0 1 0 0 1 0 0 0 0 1 0 1 0 1 0 0 0 0 1 0 1 0 0 0 0 1 0 0 0
 0 1 0 0 0 0 1 1 0 0 0 -65.75872022286245 1 0.0625
0 0 0 1 1 0 0 0 0 0 1 0 0 1 0 0 1 0 0 0 0 0 1 0 0 1 0 0 1 0 0 0 0 0 0 1 0
 0 1 0 0 1 0 0 1 0 0 0 -61.59644256269408 1 0.08333333333333333
1 0 0 1 0 1 1 0 0 0 1 0 0 0 0 1 0 0 0 1 0 1 1 0 1 0 0 0 0 0 0 0 0 0 0 1 1
 0 1 0 0 1 0 0 0 0 0 1 -57.08327554319922 1 0.0625
0 0 0 1 1 1 0 0 0 0 0 0 0 0 1 0 0 0 0 1 0 0 1 0 0 1 1 0 1 0 0 0 0 0 0 1 1
 0 0 0 0 1 0 0 1 0 1 0 -61.92099788303084 1 0.0625
0 0 0 1 1 0 1 0 0 1 0 0 0 1 0 0 0 0 0 1 0 1 0 0 0 0 1 0 1 0 0 0 0 0 0 1 0
 1 0 0 1 0 0 0 1 0 1 0 -72.92099788303084 1 0.0625
1 0 0 0 0 0 1 0 0 0 1 0 0 1 0 0 0 0 1 0 0 0 0 1 0 1 0 0 1 0 0 0 0 0 0 1 0
 0 1 1 0 1 0 0 1 0 0 0 -58.75872022286246 1 0.08333333333333333
1 0 0 0 0 1 0 0 0 1 0 0 0 0 1 0 1 0 0 0 0 0 1 0 0 0 0 1 1 0 0 0 0 1 0 0 1
 0 0 0 0 0 0 0 0 0 1 0 -57.4341649025257 1 0.10416666666666667
0 0 0 1 0 0 1 0 0 0 0 0 1 1 0 0 0 0 0 1 0 0 1 0 0 1 0 0 1 0 0 0 0 0 0 1 0
 1 1 0 0 1 0 0 1 0 0 0 -62.75872022286246 1 0.0625
0 0 0 1 1 0 1 0 0 0 0 0 0 1 0 0 0 0 0 1 0 0 1 0 0 1 1 0 1 0 0 0 0 0 0 1 0
 0 1 0 0 1 0 0 1 0 0 0 -60.75872022286246 1 0.0625
1 0 0 1 0 0 1 0 0 1 0 0 0 0 0 1 1 0 0 1 0 1 0 0 0 0 1 0 0 0 0 0 0 0 0 1 0
 0 1 0 0 1 0 0 0 0 0 1 -61.75872022286246 1 0.0625
1 0 0 1 0 0 1 0 0 1 0 0 1 0 0 1 0 0 0 1 0 0 1 0 0 1 0 0 1 0 0 0 0 0 0 1 1
 0 0 0 0 1 0 0 0 0 1 0 -60.920997883030836 1 0.0625
1 0 0 0 0 1 0 0 0 1 0 0 0 0 1 1 0 1 0 0 0 0 0 1 0 0 1 0 1 0 0 0 0 1 0 0 0
 0 0 1 1 0 0 0 1 0 0 0 -62.75872022286246 1 0.041666666666666664
0 0 0 1 0 0 1 0 1 0 0 0 0 1 0 0 0 0 0 1 0 0 1 0 0 1 0 0 1 0 0 0 0 0 0 1 0
 0 1 0 0 1 0 0 1 0 0 0 -72.59644256269407 1 0.041666666666666664
0 0 0 1 0 1 1 0 0 0 0 0 1 0 0 0 0 0 0 1 0 0 1 0 0 1 0 0 1 0 0 0 1 0 0 1 0
 0 1 0 0 1 0 0 0 1 0 0 -62.75872022286246 1 0.041666666666666664
0 0 0 1 0 1 1 0 1 0 0 0 1 0 0 0 0 0 0 1 0 0 1 0 0 1 0 0 1 0 0 0 0 0 0 1 0
 0 0 1 0 1 0 0 1 0 1 0 -62.92099788303084 1 0.020833333333333332
0 0 1 0 1 0 0 0 0 0 1 0 0 0 0 1 0 0 0 1 0 0 1 0 0 1 0 0 1 0 0 0 0 0 0 1 1
 0 0 0 0 1 0 0 0 0 1 0 -65.59644256269408 1 0.041666666666666664
0 0 0 1 0 0 1 0 0 1 0 0 1 0 0 0 0 1 0 1 0 1 0 0 0 0 1 0 1 0 0 0 0 0 1 1 0
 0 1 0 0 1 0 0 1 0 0 0 -62.92099788303084 1 0.020833333333333332
1 0 0 0 0 0 1 0 0 1 0 0 0 0 0 1 0 1 0 0 1 0 0 0 0 0 1 0 0 0 1 1 0 1 0 0 0
 0 1 0 0 1 0 0 0 0 0 1 -60.75872022286246 1 0.08333333333333333
0 0 0 1 1 0 1 0 1 0 0 0 0 1 0 0 0 0 0 1 0 1 1 0 0 1 0 0 1 0 0 0 0 0 0 1 0
 0 1 0 0 1 0 0 1 0 0 0 -62.92099788303084 1 0.0
0 0 0 1 0 1 1 0 1 0 0 1 1 0 0 0 0 0 0 1 0 0 1 0 0 1 0 0 1 0 0 0 0 0 0 1 1
 0 0 0 0 1 0 1 0 0 1 0 -60.083275543199214 1 0.0625
0 0 0 1 0 1 1 0 0 1 0 0 1 0 0 0 0 0 0 1 0 0 1 0 0 1 1 0 1 0 0 0 0 0 0 1 1
 0 1 0 0 1 0 0 1 0 0 0 -62.08327554319922 1 0.041666666666666664
0 0 1 1 0 1 0 0 1 0 0 0 0 0 1 1 0 1 0 0 0 0 1 0 1 0 0 0 0 0 0 1 0 1 0 0 1
 0 0 0 0 0 1 0 0 0 0 1 -62.920997883030836 1 0.020833333333333332
0 0 0 1 0 0 1 0 0 1 0 0 1 0 0 0 0 0 0 1 0 1 0 0 0 0 1 0 1 0 0 0 0 0 0 1 0
 0 1 0 0 1 0 1 1 0 0 0 -69.75872022286245 1 0.10416666666666667
0 0 0 1 1 1 0 0 0 0 1 0 0 0 0 1 0 0 0 1 0 0 1 0 0 1 0 0 1 0 0 0 0 0 0 1 0
 1 1 0 0 1 0 0 0 0 0 1 -61.920997883030836 1 0.10416666666666667
0 0 0 1 0 1 0 0 1 0 0 0 0 0 1 0 0 0 0 1 0 0 1 0 0 1 0 0 1 0 0 0 0 1 0 0 1
 0 0 0 0 1 1 0 0 0 0 1 -63.75872022286246 1 0.08333333333333333
1 0 0 1 0 1 0 0 0 0 1 0 0 1 1 0 0 0 0 1 0 0 1 0 0 1 0 0 1 0 0 0 0 0 0 1 0
 0 0 1 0 1 0 0 1 0 1 0 -62.08327554319922 1 0.0625
0 0 0 1 0 1 1 0 0 0 0 0 1 0 0 0 0 0 0 1 0 0 1 0 0 1 0 0 1 0 0 0 0 1 0 0 1
 0 0 0 0 0 0 1 0 0 1 0 -63.59644256269407 1 0.020833333333333332
0 0 0 1 0 0 1 0 1 1 0 0 0 1 0 0 1 0 0 1 0 1 0 0 0 1 0 0 0 0 1 0 0 0 0 1 1
 0 0 0 0 1 0 0 1 0 0 0 -57.920997883030836 1 0.041666666666666664
0 0 0 1 0 0 0 0 1 0 0 0 0 1 0 0 0 0 0 1 0 0 1 0 0 1 0 0 1 0 0 0 0 0 0 1 0
 0 1 0 0 1 0 0 1 0 0 0 -67.4341649025257 1 0.041666666666666664
0 0 0 1 0 1 1 0 0 1 0 0 1 0 0 0 0 0 0 1 0 0 1 0 0 1 0 0 1 0 0 0 1 0 0 1 0
 0 0 1 0 1 0 0 0 0 1 0 -58.920997883030836 1 0.0625
1 0 0 1 0 1 1 0 0 0 0 0 0 0 1 0 0 0 0 1 0 0 1 0 0 1 0 0 1 0 0 0 0 0 0 1 1
 0 0 0 0 1 0 0 0 0 1 0 -66.75872022286245 1 0.041666666666666664
0 0 0 1 1 1 0 0 0 0 1 0 0 0 0 1 1 0 0 1 0 0 1 0 0 1 0 0 0 0 0 1 0 0 0 1 1
 0 1 0 0 1 0 0 0 0 0 1 -62.083275543199214 1 0.020833333333333332
0 0 0 1 0 0 1 0 0 0 1 0 1 1 0 0 1 0 0 1 0 0 1 0 0 1 0 0 1 0 0 0 0 0 0 1 0
 1 1 0 0 1 0 0 1 0 0 0 -58.083275543199214 1 0.020833333333333332
0 0 0 1 0 0 1 0 1 0 0 0 0 1 0 0 0 0 0 1 0 0 1 0 0 1 0 0 1 0 0 0 0 0 0 1 0
 0 1 0 0 1 0 1 1 0 0 0 -65.75872022286245 1 0.041666666666666664
0 0 0 1 1 0 0 0 0 0 1 0 0 0 0 1 0 0 0 1 0 0 1 0 0 1 0 0 1 0 0 0 0 0 0 1 0
 1 0 0 0 0 1 0 1 0 1 0 -68.75872022286245 1 0.041666666666666664
1 0 0 0 0 0 1 0 0 1 0 0 1 0 0 0 0 0 0 1 0 1 0 0 0 0 1 0 1 0 0 0 0 1 0 0 0
 0 0 1 0 0 0 1 1 0 1 0 -60.75872022286246 1 0.041666666666666664
1 0 0 1 0 0 1 0 0 1 0 0 1 0 0 0 0 0 0 1 0 1 0 0 0 0 1 0 1 0 0 0 1 0 0 1 0
 0 1 0 0 1 0 0 0 0 1 0 -64.92099788303084 1 0.10416666666666667
0 0 1 0 1 0 0 1 0 0 1 0 0 1 0 0 0 0 0 1 0 0 1 0 0 1 0 0 1 0 0 0 0 0 1 0 0
 0 0 1 0 1 0 0 1 0 0 0 -61.75872022286246 1 0.0
1 0 0 1 0 0 0 0 0 0 1 0 0 1 0 0 1 0 0 0 0 0 1 1 0 1 0 0 0 1 0 0 0 1 0 0 0
 0 0 1 0 0 1 0 1 0 0 0 -58.75872022286246 1 0.041666666666666664
1 0 0 0 0 1 0 0 0 0 0 1 1 0 1 0 1 0 0 0 0 0 1 0 0 1 0 1 1 0 0 0 0 1 0 0 0
 1 0 0 0 0 0 1 0 0 1 0 -57.920997883030836 1 0.0625
0 1 0 0 1 0 0 0 0 0 0 1 0 0 1 0 1 0 0 0 0 0 1 0 0 1 0 0 1 0 0 0 1 0 0 0 0
 1 0 0 0 0 0 1 0 0 1 0 -59.59644256269407 1 0.0625
0 1 0 1 0 0 1 0 0 0 1 0 1 0 0 0 0 0 0 1 1 0 0 0 0 1 0 0 0 0 1 0 1 0 0 0 0
 1 1 0 0 1 0 0 0 0 0 1 -54.920997883030836 1 0.10416666666666667
1 0 0 0 0 1 0 0 0 0 1 0 0 1 0 0 1 0 0 0 0 0 1 1 0 1 0 0 1 0 0 0 0 1 0 0 0
 0 0 1 1 0 1 0 1 0 0 0 -57.92099788303084 1 0.0625
0 1 0 1 0 0 1 0 0 0 1 0 1 0 0 0 0 0 0 1 0 0 1 0 0 1 0 0 1 0 0 0 1 0 0 1 0
 0 1 0 0 1 0 0 0 0 0 0 -62.75872022286246 1 0.08333333333333333
0 1 1 0 1 0 0 0 0 0 0 0 0 0 0 1 0 0 1 0 1 0 0 0 0 1 0 0 0 0 0 1 1 0 0 0 1
 0 1 0 0 1 0 0 0 0 0 1 -58.75872022286245 1 0.041666666666666664
1 0 0 0 0 1 1 0 0 1 0 0 1 0 0 0 0 0 0 1 0 1 1 0 0 0 0 1 1 0 0 0 0 1 0 0 1
 0 0 0 0 0 0 1 0 0 1 0 -57.92099788303084 1 0.041666666666666664
1 0 0 0 0 0 1 0 0 1 0 0 0 0 0 1 0 1 0 0 1 1 0 0 0 0 1 0 0 0 1 1 0 1 0 0 0
 1 0 0 0 0 1 0 0 0 0 1 -59.92099788303084 1 0.08333333333333333
1 0 0 0 0 0 1 0 1 1 0 0 0 1 0 1 1 0 0 0 0 0 1 0 0 1 0 0 0 0 0 1 1 0 0 0 0
 0 1 0 0 1 0 0 0 0 0 1 -54.920997883030836 1 0.041666666666666664
0 1 0 0 0 0 1 0 1 0 0 0 0 0 0 1 0 1 0 0 1 0 0 0 1 0 1 0 0 0 0 1 0 0 0 0 0
 0 1 0 0 1 0 0 1 0 0 1 -58.75872022286246 1 0.041666666666666664
0 0 0 1 0 0 0 0 0 1 0 0 0 0 1 0 0 0 0 1 0 0 0 1 0 1 1 0 1 0 0 0 0 0 0 1 0
 0 0 1 0 1 0 0 1 0 1 0 -59.75872022286246 1 0.10416666666666667
0 0 0 1 1 0 1 0 0 1 0 0 1 0 0 0 0 0 0 1 0 1 0 0 0 0 1 0 1 0 0 0 0 1 0 0 0
 0 0 1 1 0 1 0 1 0 0 0 -60.92099788303084 1 0.0
0 0 0 1 0 0 1 0 0 0 1 0 1 1 0 0 0 0 0 1 0 1 1 0 0 0 1 0 1 0 0 0 0 1 0 0 0
 0 0 1 0 0 1 0 1 0 0 0 -60.92099788303084 1 0.0
1 0 0 0 0 0 1 0 1 1 0 0 0 1 0 0 1 0 0 0 0 0 0 1 0 1 0 0 0 0 1 0 0 1 0 0 0
 0 1 1 0 1 0 0 1 0 0 0 -53.920997883030836 1 0.0625
0 0 0 1 0 1 1 0 1 0 1 0 0 0 0 1 0 0 0 1 0 0 1 0 0 1 0 0 1 0 0 0 1 0 0 1 0
 0 1 0 0 1 0 0 0 0 0 1 -60.08327554319922 1 0.0625
1 0 0 1 0 0 1 0 1 0 0 0 0 1 0 0 0 0 0 1 0 1 0 0 0 0 1 0 1 0 0 0 0 1 0 0 0
 1 0 1 0 0 0 1 1 0 1 0 -56.08327554319922 1 0.020833333333333332
0 0 0 1 1 0 1 0 0 0 1 0 0 1 0 0 0 0 0 1 0 0 1 0 0 1 0 0 1 0 0 0 0 0 0 1 0
 0 1 0 0 1 0 0 0 0 0 0 -60.59644256269407 1 0.0625
0 0 0 1 0 0 1 0 0 1 0 0 1 0 0 0 0 0 0 1 0 0 0 0 0 1 1 0 1 0 0 0 0 0 0 1 1
 0 1 0 0 1 0 0 0 0 0 1 -60.75872022286246 1 0.0625
0 0 0 1 0 1 0 0 1 0 0 0 0 0 1 0 0 0 0 1 0 0 1 0 0 1 0 0 1 0 0 0 0 1 0 0 0
 0 0 1 0 1 0 0 1 0 1 0 -63.75872022286246 1 0.0625
0 1 0 1 1 0 0 0 0 0 0 0 0 0 1 0 0 0 1 0 0 0 0 1 0 1 0 0 1 0 0 0 1 0 0 1 0
 1 0 0 0 1 0 0 0 0 1 0 -60.75872022286245 1 0.10416666666666667
0 0 1 1 0 0 1 0 1 0 0 0 0 1 0 0 0 0 0 1 0 0 1 0 0 1 0 0 1 0 0 0 0 0 0 1 0
 0 0 1 0 1 0 0 1 0 1 0 -58.920997883030836 1 0.041666666666666664
0 0 0 1 0 0 1 0 0 1 0 0 1 0 0 0 0 0 0 1 0 0 1 0 0 1 0 0 1 0 0 0 0 0 0 1 0
 1 1 0 0 1 0 0 1 0 0 0 -65.75872022286245 1 0.10416666666666667
0 0 0 1 0 1 0 0 0 0 1 0 1 1 0 0 0 0 0 1 0 0 1 0 0 1 0 0 1 0 0 0 0 0 0 1 0
 0 1 0 1 1 0 0 1 0 0 0 -64.92099788303084 1 0.041666666666666664
0 1 0 1 0 0 1 0 0 0 1 0 1 0 0 0 0 0 1 1 0 0 0 1 0 1 0 0 1 0 0 0 1 0 0 1 0
 0 1 0 0 1 0 0 0 0 0 0 -59.92099788303084 1 0.08333333333333333
0 1 0 1 0 1 0 0 0 0 1 0 1 0 1 0 0 0 0 1 0 0 1 0 0 1 0 0 1 0 0 0 1 0 0 1 0
 0 0 1 0 1 0 0 0 0 1 0 -60.08327554319922 1 0.08333333333333333
1 0 0 1 0 0 1 0 0 1 0 0 0 0 0 1 0 0 0 1 1 0 0 0 0 1 1 0 0 0 0 1 1 0 0 1 0
 0 1 0 0 1 0 0 0 0 0 1 -60.083275543199214 1 0.125
1 0 0 0 0 1 0 0 0 1 0 0 0 0 0 1 1 0 0 1 0 0 1 0 0 1 0 0 0 0 0 1 0 1 1 0 1
 0 0 0 0 0 0 0 0 0 0 1 -59.75872022286246 1 0.041666666666666664
0 0 0 1 1 1 0 0 0 0 1 0 0 1 0 0 0 0 0 1 0 0 1 0 0 1 0 0 1 0 0 0 0 1 0 1 1
 0 0 0 0 0 1 0 0 0 0 0 -66.75872022286245 1 0.041666666666666664
1 0 0 1 0 0 1 0 0 1 0 0 0 1 0 0 0 0 0 1 0 1 0 0 0 0 1 0 1 0 0 0 0 1 0 1 0
 0 1 0 0 0 0 0 1 0 0 0 -68.75872022286245 1 0.0625
0 0 1 0 0 0 0 1 1 0 0 0 0 1 0 0 0 1 0 0 0 0 1 1 0 1 0 0 1 0 0 0 0 1 0 0 0
 0 0 1 0 1 0 0 1 0 0 0 -58.75872022286246 1 0.041666666666666664
0 1 0 1 0 0 1 0 0 0 1 0 1 0 0 0 0 0 1 0 0 0 0 1 0 1 0 0 1 0 0 0 1 0 0 1 0
 0 1 0 0 1 0 0 0 0 0 0 -60.75872022286246 1 0.10416666666666667
0 0 0 1 0 0 1 0 1 1 0 0 1 1 0 0 0 0 0 1 0 0 1 0 0 1 0 0 1 0 0 0 1 0 0 1 0
 1 1 0 0 1 0 0 1 0 0 0 -49.2455532033676 1 0.08333333333333333
1 0 0 1 0 1 0 0 1 0 0 0 0 0 1 0 0 0 0 1 0 0 1 0 0 1 0 0 1 0 0 0 0 1 0 0 0
 0 0 1 0 0 0 0 1 0 1 0 -58.75872022286246 1 0.08333333333333333
0 1 0 1 0 0 1 0 0 0 0 0 1 0 0 0 0 0 0 1 0 0 1 0 0 1 0 0 1 0 0 0 1 0 0 1 0
 0 1 0 0 1 0 0 0 0 1 0 -60.75872022286246 1 0.08333333333333333
0 1 0 1 0 0 1 0 1 0 0 0 0 0 0 1 1 0 0 0 0 0 1 0 0 1 0 0 0 0 0 1 1 0 0 0 0
 0 1 0 0 1 0 0 0 0 0 1 -59.75872022286246 1 0.0625
1 0 0 0 0 0 1 0 0 0 1 0 0 1 0 0 1 0 0 0 0 0 0 1 0 1 1 0 1 0 0 0 0 1 0 0 0
 0 1 1 1 0 0 0 1 0 0 0 -55.920997883030836 1 0.08333333333333333
1 0 0 0 0 1 1 0 0 1 0 0 1 0 0 0 0 1 0 0 0 0 0 1 0 0 1 0 1 0 0 0 0 1 0 0 0
 0 1 1 1 0 0 0 0 0 0 1 -55.92099788303084 1 0.08333333333333333
0 0 0 1 0 1 0 0 0 1 0 0 1 0 1 0 0 0 0 1 0 0 1 0 0 1 0 0 1 0 0 0 0 1 0 0 0
 0 0 1 0 1 0 0 1 0 1 0 -56.920997883030836 1 0.08333333333333333
1 0 0 1 0 1 0 0 0 1 0 0 0 0 1 0 0 0 0 1 0 1 1 0 0 0 0 1 1 0 0 0 0 1 0 1 1
 0 0 0 0 1 0 0 0 0 1 0 -60.083275543199214 1 0.041666666666666664
0 0 0 1 0 0 1 0 1 0 0 0 0 1 0 0 0 1 0 1 1 0 0 0 0 0 1 0 0 0 1 0 0 0 0 1 0
 1 1 0 0 1 0 0 1 0 0 0 -64.92099788303084 1 0.08333333333333333
1 0 0 1 0 0 1 0 0 1 0 0 0 0 1 0 0 1 0 0 0 1 0 1 0 0 1 0 1 0 0 0 0 1 0 0 0
 0 0 1 0 0 1 0 1 0 1 0 -56.083275543199214 1 0.041666666666666664
0 0 0 1 0 0 1 0 1 0 0 0 0 1 0 0 0 0 0 1 0 0 0 1 0 1 1 0 1 0 0 0 0 1 0 0 0
 0 0 1 0 1 0 0 1 0 0 0 -56.75872022286246 1 0.0625
0 0 0 1 1 0 0 1 0 0 1 0 0 1 1 0 0 0 0 1 0 0 1 0 0 1 0 0 1 0 0 0 0 1 0 0 0
 0 0 1 0 0 1 0 1 0 0 0 -56.920997883030836 1 0.08333333333333333
1 0 0 1 0 1 0 0 0 1 0 0 0 0 1 0 0 0 0 1 0 0 1 0 0 1 1 0 1 0 0 0 0 1 0 0 1
 0 0 0 0 0 0 1 0 0 1 0 -62.92099788303084 1 0.10416666666666667
0 0 0 1 1 0 1 0 0 1 0 0 0 0 0 1 0 0 0 1 1 0 0 0 0 1 1 0 1 0 0 0 0 0 0 1 0
 0 1 0 0 1 0 0 0 0 0 1 -59.92099788303083 1 0.0625
0 0 0 1 0 0 1 0 1 0 0 0 0 1 1 0 0 0 0 1 0 0 1 0 0 1 0 0 1 0 0 0 0 0 0 1 0
 1 0 0 0 1 1 0 1 0 1 0 -58.083275543199214 1 0.041666666666666664
0 1 0 1 0 0 1 0 0 0 0 0 1 0 0 0 0 0 0 1 0 0 1 0 0 1 0 0 1 0 0 0 0 0 0 1 1
 0 0 0 0 1 0 0 0 0 1 0 -65.59644256269407 1 0.041666666666666664
1 0 0 1 0 1 1 0 0 1 0 0 1 0 0 0 0 0 0 1 0 0 1 0 0 1 0 0 1 0 0 0 0 0 0 1 0
 0 0 1 0 1 0 0 1 0 1 0 -56.083275543199214 1 0.10416666666666667
1 0 0 1 0 0 1 0 0 0 1 0 0 1 0 0 0 0 0 1 0 0 1 0 0 1 0 0 0 0 0 1 0 1 0 0 0
 0 0 1 0 0 1 0 1 0 0 0 -58.75872022286246 1 0.020833333333333332
1 0 0 1 0 1 0 0 0 0 1 0 0 0 1 0 0 1 0 0 0 0 1 0 0 0 0 1 1 0 0 0 0 1 0 0 0
 0 0 1 0 0 1 0 0 0 0 0 -58.59644256269407 1 0.0
0 0 0 1 1 0 1 0 0 0 1 0 0 1 0 1 0 0 0 1 0 0 1 0 0 1 0 0 1 0 0 0 0 0 0 1 0
 1 1 0 0 1 0 0 1 0 0 1 -55.2455532033676 1 0.0625
0 0 0 1 0 1 0 0 0 0 0 0 1 0 1 0 0 0 0 1 0 0 1 0 0 1 0 0 1 0 0 0 0 1 0 1 1
 0 0 0 1 0 0 0 0 0 1 0 -64.75872022286245 1 0.08333333333333333
0 0 0 1 0 0 1 0 0 1 0 0 1 1 0 0 0 0 0 1 0 0 1 0 0 1 0 0 1 0 0 0 0 0 0 1 0
 0 0 1 0 1 0 0 1 0 1 0 -58.920997883030836 1 0.0625
0 0 0 1 0 0 1 0 0 1 0 0 1 0 0 0 0 0 0 1 0 1 0 0 0 0 1 0 1 0 0 0 0 1 0 0 0
 1 0 0 0 0 0 1 1 0 1 0 -67.75872022286245 1 0.041666666666666664
0 0 0 1 0 1 0 0 0 0 0 0 1 0 1 0 0 0 0 1 0 0 1 0 0 1 0 0 1 0 0 0 0 1 0 0 0
 1 0 0 0 0 0 1 1 0 1 0 -58.75872022286246 1 0.10416666666666667
0 0 0 1 0 1 1 0 0 0 1 0 1 0 0 0 0 0 1 1 0 1 0 0 0 1 0 0 1 0 0 0 1 0 0 1 0
 0 1 0 0 1 0 0 1 0 1 0 -57.2455532033676 1 0.020833333333333332
1 0 0 0 0 0 1 0 0 1 0 0 0 0 0 1 1 0 0 0 0 0 1 0 0 1 0 0 1 0 0 1 0 1 0 0 0
 0 0 1 0 0 1 0 1 0 0 0 -59.75872022286246 1 0.08333333333333333
1 0 0 0 0 0 1 0 1 0 0 0 0 1 0 0 0 0 0 1 0 0 1 0 0 1 0 0 1 0 0 0 0 1 0 0 0
 0 0 0 0 0 0 1 1 0 1 0 -54.59644256269407 1 0.041666666666666664
0 0 1 0 0 0 0 1 0 1 0 0 0 1 0 0 0 0 0 1 0 1 0 0 0 0 1 1 0 0 1 0 0 0 1 0 0
 1 0 0 0 0 0 1 1 0 0 0 -57.75872022286246 1 0.08333333333333333
0 0 0 0 0 1 1 0 0 0 1 0 1 0 0 1 0 0 0 1 0 1 1 0 0 1 0 0 1 0 0 1 0 0 0 1 1
 0 1 0 0 1 0 0 0 0 0 1 -56.2455532033676 1 0.020833333333333332
0 1 0 0 1 0 0 0 0 0 0 0 0 0 1 1 0 0 0 1 1 1 0 0 0 0 1 0 0 1 0 0 0 0 0 0 0
 1 0 0 0 0 0 1 1 0 0 0 -55.59644256269408 1 0.020833333333333332
1 0 0 0 0 1 0 0 0 0 0 0 0 1 1 0 0 0 0 1 0 1 0 0 0 0 0 0 0 0 1 0 0 0 1 0 0
 1 0 0 0 0 0 1 1 0 0 0 -57.4341649025257 1 0.10416666666666667
1 0 0 0 0 1 0 0 1 1 0 0 0 0 1 0 0 0 0 1 0 0 1 0 0 0 1 0 1 0 0 0 0 1 0 0 0
 0 0 0 0 0 0 1 1 0 0 0 -48.59644256269407 1 0.08333333333333333
1 0 0 1 0 1 0 0 0 1 0 0 1 0 1 0 0 0 0 1 0 0 1 0 0 1 0 0 1 0 0 0 0 0 0 1 1
 0 0 0 0 0 0 1 0 1 1 0 -60.083275543199214 1 0.08333333333333333
0 0 0 1 0 1 0 0 1 0 0 0 0 0 1 0 1 0 0 0 0 0 1 0 0 1 0 0 0 0 0 0 0 1 0 1 1
 0 0 0 0 1 0 0 1 0 0 0 -53.59644256269407 1 0.08333333333333333
0 0 0 1 0 0 0 0 1 0 0 0 0 1 1 0 0 0 1 0 0 0 0 1 0 1 0 0 1 0 0 0 1 0 0 0 0
 0 0 1 0 1 0 0 1 0 1 0 -56.75872022286246 1 0.041666666666666664
0 1 0 1 0 0 1 0 1 0 0 0 1 0 0 0 0 0 1 0 0 0 0 1 0 1 0 0 1 0 0 0 1 0 0 1 0
 0 1 1 0 1 0 0 0 0 1 0 -54.083275543199214 1 0.0625
1 0 0 0 0 0 1 0 0 1 0 0 0 0 1 0 0 0 0 1 0 0 1 0 0 0 0 1 1 0 0 0 0 1 0 0 0
 0 1 0 0 0 0 1 1 0 1 0 -51.75872022286246 1 0.041666666666666664
1 0 0 1 0 1 1 0 0 0 1 0 1 0 0 0 0 0 0 1 0 1 1 0 0 1 0 0 1 0 0 0 0 1 0 1 1
 1 0 0 0 0 0 1 0 0 1 0 -56.40783086353597 1 0.020833333333333332
1 0 0 1 0 1 1 0 0 1 0 0 1 0 1 0 0 0 0 1 0 0 1 0 0 1 0 0 1 0 0 0 0 0 0 1 1
 0 1 0 0 1 0 0 0 1 0 0 -53.2455532033676 1 0.08333333333333333
1 0 0 1 0 1 1 0 0 1 0 0 0 0 1 0 0 0 0 1 0 1 0 0 0 0 1 0 1 0 0 0 0 1 0 1 1
 0 0 0 0 0 0 1 0 0 1 0 -62.083275543199214 1 0.10416666666666667
0 0 1 1 0 0 0 1 0 0 1 0 1 1 0 0 0 1 0 0 0 0 1 1 0 1 0 0 1 0 0 0 0 1 0 0 0
 0 0 1 0 0 1 0 1 0 0 0 -56.083275543199214 1 0.041666666666666664
1 0 0 0 0 0 1 0 0 0 1 0 1 1 0 0 1 0 0 0 0 1 0 1 0 0 1 0 1 0 0 0 0 1 0 0 0
 0 0 1 0 0 0 0 1 0 1 0 -52.920997883030836 1 0.041666666666666664
0 0 0 1 1 0 1 0 0 0 0 0 0 1 0 0 0 1 0 0 1 1 0 0 0 0 0 1 0 0 1 0 0 1 1 0 0
 1 0 0 0 0 0 1 1 0 0 0 -55.92099788303083 1 0.0625
0 0 0 1 0 0 1 0 1 1 0 0 0 1 0 0 0 1 0 1 0 0 0 1 0 0 1 0 1 0 0 0 0 1 0 1 0
 0 0 1 1 0 0 0 1 0 1 0 -53.2455532033676 1 0.020833333333333332
1 0 0 0 0 1 0 0 1 0 0 0 0 0 1 0 0 1 0 1 0 0 1 0 0 0 1 0 1 0 0 0 0 1 0 0 0
 1 0 0 0 0 0 1 1 0 1 0 -55.92099788303084 1 0.10416666666666667
0 0 0 1 0 0 1 0 0 1 0 0 1 0 0 0 0 0 0 1 0 0 0 0 0 1 0 0 1 0 0 0 1 0 0 1 0
 0 1 0 0 1 0 0 0 0 1 0 -60.59644256269407 1 0.10416666666666667
0 0 0 1 0 1 0 0 1 0 0 0 0 0 1 0 0 1 0 1 0 0 1 0 1 0 0 0 1 0 0 0 0 0 1 0 0
 1 0 1 0 0 0 1 1 0 0 0 -52.92099788303084 1 0.041666666666666664
0 1 0 0 0 0 0 1 1 0 0 0 0 1 1 0 0 0 0 0 0 0 1 1 0 1 0 0 1 0 0 0 0 1 0 0 0
 0 0 1 0 1 0 0 1 0 0 0 -49.75872022286246 1 0.0625
0 0 0 1 0 1 0 0 1 0 0 0 0 0 1 0 0 0 0 1 0 0 1 0 0 1 1 0 1 0 0 0 0 1 0 0 1
 0 0 1 0 0 0 0 0 0 1 0 -58.75872022286246 1 0.08333333333333333
0 0 0 1 0 0 1 0 1 0 1 0 0 1 0 0 0 0 0 1 0 0 1 0 0 1 0 0 1 0 0 1 0 0 0 1 0
 0 1 0 0 1 0 0 1 0 1 0 -58.083275543199214 1 0.0625
1 0 0 0 0 1 0 0 0 1 0 0 1 0 1 0 0 1 0 0 0 0 1 0 0 0 0 0 1 0 0 0 0 1 0 0 0
 0 0 0 0 0 0 1 1 0 1 0 -50.59644256269407 1 0.10416666666666667
1 0 0 0 0 0 1 0 1 1 0 0 0 1 0 0 1 0 0 0 0 1 0 0 0 0 1 0 0 1 0 1 0 1 0 0 0
 0 1 1 0 1 0 0 1 0 0 0 -47.083275543199214 1 0.041666666666666664
0 1 0 1 1 0 1 0 0 1 0 0 1 0 0 0 0 0 0 1 1 0 0 0 0 0 1 0 1 0 0 0 1 0 0 1 0
 0 1 0 0 1 0 0 0 0 1 0 -53.083275543199214 1 0.0625
1 0 0 0 0 1 1 0 0 1 0 0 1 0 0 0 0 1 0 0 0 0 1 0 0 1 0 0 1 0 0 0 0 1 0 0 0
 0 0 0 0 0 0 1 0 0 1 0 -46.59644256269407 1 0.08333333333333333
0 0 0 1 1 1 0 0 0 0 0 0 0 0 1 0 0 0 1 0 0 0 0 1 0 1 0 0 1 0 0 0 0 0 0 1 0
 0 1 1 0 1 0 0 0 0 0 0 -47.59644256269407 1 0.08333333333333333
1 0 0 0 0 0 0 0 0 0 1 0 1 1 0 0 0 0 0 1 0 0 1 0 0 1 0 0 1 0 0 0 0 1 0 0 0
 0 0 1 0 0 1 0 1 0 1 0 -57.75872022286246 1 0.08333333333333333
0 0 0 1 0 0 1 0 1 0 0 0 0 1 0 0 0 1 0 1 1 0 0 0 0 0 1 1 0 0 0 1 0 1 0 0 0
 1 0 0 0 0 0 1 1 0 0 0 -42.920997883030836 1 0.0625
1 0 0 0 0 1 0 0 0 1 0 0 0 0 1 0 1 0 0 1 0 0 1 1 0 1 0 0 1 0 0 0 1 0 0 0 0
 0 0 1 0 1 0 0 1 0 1 0 -47.083275543199214 1 0.08333333333333333
1 0 0 1 0 0 1 0 0 1 0 0 0 0 1 0 0 0 0 1 0 1 0 0 0 0 1 0 1 0 0 0 1 0 0 1 0
 0 1 0 0 1 0 0 0 0 0 0 -62.75872022286246 1 0.14583333333333334
0 0 0 1 1 1 0 0 0 0 0 0 0 0 1 0 0 0 0 1 0 0 1 0 0 1 0 1 1 0 0 0 0 1 0 0 0
 1 0 0 0 0 0 1 1 0 0 0 -51.75872022286246 1 0.10416666666666667
1 0 0 1 0 1 1 0 0 0 0 0 0 0 0 0 0 1 0 1 0 0 1 0 0 0 1 0 1 0 0 0 0 1 0 1 0
 0 0 1 0 0 1 0 1 0 0 0 -54.92099788303084 1 0.041666666666666664
0 0 0 1 1 0 1 0 0 0 0 0 0 1 0 0 0 1 0 0 0 1 0 1 0 0 1 0 1 0 0 0 0 1 0 0 0
 1 1 0 0 0 0 1 1 0 1 0 -49.083275543199214 1 0.0
1 0 0 0 0 1 1 0 0 0 0 1 0 1 0 0 0 0 0 1 0 0 1 0 0 1 0 1 1 0 0 0 0 1 0 0 1
 0 0 0 0 0 0 1 1 0 1 0 -58.083275543199214 1 0.10416666666666667
0 0 0 1 1 1 0 0 0 0 1 0 0 1 0 0 0 0 0 1 0 0 1 0 0 1 0 0 1 0 0 0 1 1 0 0 0
 0 0 1 0 1 0 0 1 0 1 0 -52.08327554319922 1 0.10416666666666667
0 0 0 1 0 1 1 0 0 1 0 0 1 0 0 0 0 0 0 1 0 1 1 0 0 1 0 0 1 0 0 1 0 1 0 0 0
 0 0 0 0 0 0 1 1 0 0 0 -44.920997883030836 1 0.0625
0 0 0 1 1 0 1 0 1 0 0 0 0 1 0 0 0 0 0 1 1 1 0 0 0 0 1 0 0 0 1 0 0 0 0 0 0
 1 0 0 0 0 0 1 1 0 0 1 -52.92099788303084 1 0.10416666666666667
1 0 0 0 0 1 0 0 1 0 0 0 0 0 1 1 1 0 0 1 0 0 1 0 0 1 0 0 0 0 0 1 0 1 1 0 1
 0 0 0 0 0 0 1 1 0 0 0 -54.083275543199214 1 0.10416666666666667
0 0 0 1 0 0 1 0 0 1 0 0 1 1 0 0 0 0 0 1 0 0 0 0 0 1 1 0 1 0 0 0 0 0 0 1 0
 0 1 0 0 1 0 0 1 0 1 0 -59.92099788303084 1 0.08333333333333333
