0
47 
304 
8 
[1 0 0 0 0 1 0 0 0 0 1 0 0 0 0 1] 1 0 0 0 0 1 0 0 0 0 1 0 0 0 0 1 1 0 0 0 0 1 0 0 0 0 1 0 0 0 0 1 1 0 0 0 0 1 0 0 0 0 1 0 0 0 0 1 
0.025
21
291
8
[1 0 0 0 0 1 0 0 0 0 1 0 0 0 0 1] 1 0 0 0 0 1 0 0 0 0 1 0 0 0 0 1 1 0 0 0 0 1 0 0 0 0 1 0 0 0 0 1 1 0 0 0 0 1 0 0 0 0 1 0 0 0 0 1 
0.05
91
321
9
[1 0 0 0 0 1 0 0 0 0 1 0 0 0 0 1] 1 0 0 0 0 1 0 0 0 0 1 0 0 0 0 1 1 0 0 0 0 1 0 0 0 0 1 0 0 0 0 1 1 0 0 0 0 1 0 0 0 0 1 0 0 0 0 1 
0.1
36
328
10
[1 0 0 0 0 1 0 0 0 0 1 0 0 0 0 1] 1 0 0 0 0 1 0 0 0 0 1 0 0 0 0 1 1 0 0 0 0 1 0 0 0 0 1 0 0 0 0 1 1 0 0 0 0 1 0 0 0 0 1 0 0 0 0 1 
0.15
2
323
9
[1 0 0 0 0 1 0 0 0 0 1 0 0 0 0 1] 1 0 0 0 0 0 0 1 0 0 1 0 0 1 0 0 1 0 0 0 0 0 0 1 0 0 1 0 0 1 0 0 0 0 0 1 1 0 0 0 0 0 1 0 0 1 0 0 
0.15
3
332
9
[1 0 0 0 0 1 0 0 0 0 1 0 0 0 0 1] 1 0 0 0 0 0 0 1 0 0 1 0 0 1 0 0 1 0 0 0 0 0 0 1 0 0 1 0 0 1 0 0 1 0 0 0 0 1 0 0 0 0 1 0 0 0 0 1 
0.2
2
343
10
[1 0 0 0 0 1 0 0 0 0 1 0 0 0 0 1] 0 0 1 0 1 0 0 0 0 0 0 1 0 1 0 0 1 0 0 0 0 0 0 1 0 0 1 0 0 1 0 0 0 0 1 0 0 1 0 0 1 0 0 0 0 0 0 1 
0.25
1
313
9
[1 0 0 0 0 1 0 0 0 0 1 0 0 0 0 1] 1 0 0 0 0 1 0 0 0 0 1 0 0 0 0 1 1 0 0 0 0 1 0 0 0 0 1 0 0 0 0 1 1 0 0 0 0 1 0 0 0 0 1 0 0 0 0 1 