0
528
319 
9 
[1 0 0 0 0 1 0 0 0 0 1 0 0 0 0 1] 1 0 0 0 0 1 0 0 0 0 1 0 0 0 0 1 1 0 0 0 0 1 0 0 0 0 1 0 0 0 0 1 1 0 0 0 0 1 0 0 0 0 1 0 0 0 0 1 
0.025
156
333
10
[1 0 0 0 0 1 0 0 0 0 1 0 0 0 0 1] 1 0 0 0 0 1 0 0 0 0 1 0 0 0 0 1 1 0 0 0 0 1 0 0 0 0 1 0 0 0 0 1 1 0 0 0 0 1 0 0 0 0 1 0 0 0 0 1 
0.05
324
302
8
[1 0 0 0 0 1 0 0 0 0 1 0 0 0 0 1] 1 0 0 0 0 1 0 0 0 0 1 0 0 0 0 1 1 0 0 0 0 1 0 0 0 0 1 0 0 0 0 1 1 0 0 0 0 1 0 0 0 0 1 0 0 0 0 1 
0.1
133
340
10
[1 0 0 0 0 1 0 0 0 0 1 0 0 0 0 1] 1 0 0 0 0 1 0 0 0 0 1 0 0 0 0 1 1 0 0 0 0 1 0 0 0 0 1 0 0 0 0 1 1 0 0 0 0 1 0 0 0 0 1 0 0 0 0 1
0.15
1
347
11
[1 0 0 0 0 1 0 0 0 0 1 0 0 0 0 1] 1 0 0 0 1 0 0 1 0 0 1 0 0 1 0 0 0 1 0 0 1 0 0 0 0 0 1 0 0 0 0 1 0 0 0 1 1 0 0 0 0 0 1 0 0 1 0 0 
0.15
5
317
9
[1 0 0 0 0 1 0 0 0 0 1 0 0 0 0 1] 1 0 0 0 0 0 1 0 0 0 0 1 0 1 0 0 1 0 0 0 0 0 1 0 0 0 0 1 0 1 0 0 1 0 0 0 0 0 1 0 0 1 0 0 0 0 0 1 
0.2
6
304
8
[1 0 0 0 0 1 0 0 0 0 1 0 0 0 0 1] 0 0 0 1 0 0 1 0 1 0 0 0 0 1 0 0 1 0 0 0 0 0 0 1 0 0 1 0 0 1 0 0 0 0 1 0 0 1 0 0 1 0 0 0 0 0 0 1 
0.25
39
316
9
[1 0 0 0 0 1 0 0 0 0 1 0 0 0 0 1] 1 0 0 0 0 1 0 0 0 0 1 0 0 0 0 1 1 0 0 0 0 1 0 0 0 0 1 0 0 0 0 1 1 0 0 0 0 1 0 0 0 0 1 0 0 0 0 1 